Measurement_interval(ms):,250,672,3004,148989,0,0,1,27193942979,292,0
Measurement_interval(ms):,250,672,3004,148989,0,0,1,27194193010,460,0
Measurement_interval(ms):,250,672,3004,148989,0,0,1,27194443507,628,0
Measurement_interval(ms):,250,664,3004,148989,0,0,1,27194693003,794,0
Measurement_interval(ms):,250,672,3004,148989,0,0,1,27194943013,962,0
Measurement_interval(ms):,250,672,3004,148989,0,0,1,27195193012,1130,0
Measurement_interval(ms):,250,672,3004,148989,0,0,1,27195442981,1298,0
Measurement_interval(ms):,250,672,3004,57009,0,0,1,27195693015,1466,0
Measurement_interval(ms):,250,672,3004,57009,0,0,1,27195942991,1634,0
Measurement_interval(ms):,250,672,3004,57009,0,0,1,27196193397,1802,0
Measurement_interval(ms):,250,672,3004,57009,0,0,1,27196443393,1970,0
Measurement_interval(ms):,250,672,3004,57009,0,0,1,27196693485,2138,0
Measurement_interval(ms):,250,664,3004,58469,0,0,1,27196942998,2304,0
Measurement_interval(ms):,250,672,3004,58469,0,0,1,27197192983,2472,0
Measurement_interval(ms):,250,672,3004,58469,0,0,1,27197442982,2640,0
Measurement_interval(ms):,250,672,3004,58469,0,0,1,27197692981,2808,0
Measurement_interval(ms):,250,672,3004,58469,0,0,1,27197942973,2976,0
Measurement_interval(ms):,250,672,3004,58469,0,0,1,27198192986,3144,0
Measurement_interval(ms):,250,672,3004,58469,0,0,1,27198442988,3312,0
Measurement_interval(ms):,250,672,3004,58469,0,0,1,27198693003,3480,0
Measurement_interval(ms):,250,672,3004,58469,0,0,1,27198943006,3648,0
Measurement_interval(ms):,250,672,3004,58469,0,0,1,27199192974,3816,0
Measurement_interval(ms):,250,672,3004,58469,0,0,1,27199442984,3984,0
Measurement_interval(ms):,250,672,3004,58469,0,0,1,27199692986,4152,0
Measurement_interval(ms):,250,672,3004,59929,0,0,1,27199942971,4320,0
Measurement_interval(ms):,250,672,3004,59929,0,0,1,27200193002,4488,0
Measurement_interval(ms):,250,672,3004,59929,0,0,1,27200443002,4656,0
Measurement_interval(ms):,250,672,3004,59929,0,0,1,27200692977,4824,0
Measurement_interval(ms):,250,672,3004,59929,0,0,1,27200942972,4992,0
Measurement_interval(ms):,250,672,3004,59929,0,0,1,27201192978,5160,0
Measurement_interval(ms):,250,672,3004,59929,0,0,1,27201443014,5328,0
Measurement_interval(ms):,250,672,3004,59929,0,0,1,27201692982,5496,0
Measurement_interval(ms):,250,672,3004,59929,0,0,1,27201943009,5664,0
Measurement_interval(ms):,250,680,3004,59929,0,0,1,27202193493,5834,0
Measurement_interval(ms):,250,672,3004,59929,0,0,1,27202443358,6002,0
Measurement_interval(ms):,250,672,3004,59929,0,0,1,27202693490,6170,0
Measurement_interval(ms):,250,672,3004,59929,0,0,1,27202943361,6338,0
Measurement_interval(ms):,250,672,3004,59929,0,0,1,27203193343,6506,0
Measurement_interval(ms):,250,664,3004,59929,0,0,1,27203442986,6672,0
Measurement_interval(ms):,250,672,3004,59929,0,0,1,27203692966,6840,0
Measurement_interval(ms):,250,680,3004,59929,0,0,1,27203943373,7010,0
Measurement_interval(ms):,250,672,3004,59929,0,0,1,27204193129,7178,0
Measurement_interval(ms):,250,672,3004,59929,0,0,1,27204443144,7346,0
Measurement_interval(ms):,250,672,3004,59929,0,0,1,27204692980,7514,0
Measurement_interval(ms):,250,672,3004,59929,0,0,1,27204942965,7682,0
Measurement_interval(ms):,250,672,3004,59929,0,0,1,27205192985,7850,0
Measurement_interval(ms):,250,672,3004,59929,0,0,1,27205442994,8018,0
Measurement_interval(ms):,250,672,3004,59929,0,0,1,27205692983,8186,0
Measurement_interval(ms):,250,672,3004,59929,0,0,1,27205942979,8354,0
Measurement_interval(ms):,250,672,3004,59929,0,0,1,27206193003,8522,0
Measurement_interval(ms):,250,672,3004,59929,0,0,1,27206443001,8690,0
Measurement_interval(ms):,250,672,3004,59929,0,0,1,27206693293,8858,0
Measurement_interval(ms):,250,672,3004,59929,0,0,1,27206943410,9026,0
Measurement_interval(ms):,250,672,3004,59929,0,0,1,27207192961,9194,0
Measurement_interval(ms):,250,672,3004,59929,0,0,1,27207442964,9362,0
Measurement_interval(ms):,250,672,3004,59929,0,0,1,27207692986,9530,0
Measurement_interval(ms):,250,672,3004,59929,0,0,1,27207942997,9698,0
Measurement_interval(ms):,250,672,3004,59929,0,0,1,27208192960,9866,0
Measurement_interval(ms):,250,672,3004,59929,0,0,1,27208443239,10034,0
Measurement_interval(ms):,250,672,3004,59929,0,0,1,27208693004,10202,0
Measurement_interval(ms):,250,672,3004,59929,0,0,1,27208943250,10370,0
Measurement_interval(ms):,250,672,3004,59929,0,0,1,27209193061,10538,0
Measurement_interval(ms):,250,672,3004,59929,0,0,1,27209443344,10706,0
Measurement_interval(ms):,250,672,3004,59929,0,0,1,27209693224,10874,0
Measurement_interval(ms):,250,672,3004,59929,0,0,1,27209943535,11042,0
Measurement_interval(ms):,250,664,3004,59929,0,0,1,27210192960,11208,0
Measurement_interval(ms):,250,672,3004,59929,0,0,1,27210442962,11376,0
Measurement_interval(ms):,250,672,3004,59929,0,0,1,27210693056,11544,0
Measurement_interval(ms):,250,664,3004,59929,0,0,1,27210942975,11710,0
Measurement_interval(ms):,250,672,3004,59929,0,0,1,27211192956,11878,0
Measurement_interval(ms):,250,672,3004,59929,0,0,1,27211442959,12046,0
Measurement_interval(ms):,250,672,3004,59929,0,0,1,27211693001,12214,0
Measurement_interval(ms):,250,664,3004,59929,0,0,1,27211942959,12380,0
Measurement_interval(ms):,250,672,3004,59929,0,0,1,27212192955,12548,0
Measurement_interval(ms):,250,672,3004,59929,0,0,1,27212442984,12716,0
Measurement_interval(ms):,250,672,3004,59929,0,0,1,27212693319,12884,0
Measurement_interval(ms):,250,664,3004,59929,0,0,1,27212942982,13050,0
Measurement_interval(ms):,250,672,3004,59929,0,0,1,27213192964,13218,0
Measurement_interval(ms):,250,664,3004,59929,0,0,1,27213442972,13384,0
Measurement_interval(ms):,250,672,3004,59929,0,0,1,27213692964,13552,0
Measurement_interval(ms):,250,672,3004,59929,0,0,1,27213942953,13720,0
Measurement_interval(ms):,250,664,3004,59929,0,0,1,27214192971,13886,0
Measurement_interval(ms):,250,672,3004,59929,0,0,1,27214442969,14054,0
Measurement_interval(ms):,250,672,3004,59929,0,0,1,27214693140,14222,0
Measurement_interval(ms):,250,664,3004,59929,0,0,1,27214942967,14388,0
Measurement_interval(ms):,250,672,3004,59929,0,0,1,27215192952,14556,0
Measurement_interval(ms):,250,672,3004,59929,0,0,1,27215443085,14724,0
Measurement_interval(ms):,250,664,3004,59929,0,0,1,27215692950,14890,0
Measurement_interval(ms):,250,672,3004,59929,0,0,1,27215942970,15058,0
Measurement_interval(ms):,250,672,3004,59929,0,0,1,27216193078,15226,0
Measurement_interval(ms):,250,664,3004,59929,0,0,1,27216442980,15392,0
