Measurement_interval(ms):,250,2048,8983,24639,0,0,1,27438105626,4000,0
Measurement_interval(ms):,250,2176,8983,24639,0,0,1,27438354322,4544,0
Measurement_interval(ms):,250,2176,8983,24639,0,0,1,27438604364,5088,0
Measurement_interval(ms):,250,2048,8983,24639,0,0,1,27438854342,5600,0
Measurement_interval(ms):,250,2176,8983,24639,0,0,1,27439104322,6144,0
Measurement_interval(ms):,250,2176,8983,24639,0,0,1,27439356537,6688,0
Measurement_interval(ms):,250,2176,8599,24487,0,0,1,27439607455,7232,0
Measurement_interval(ms):,250,2176,8599,24487,0,0,1,27439856243,7776,0
Measurement_interval(ms):,250,2176,8599,24487,0,0,1,27440106898,8320,0
Measurement_interval(ms):,250,2176,8599,24487,0,0,1,27440355889,8864,0
Measurement_interval(ms):,250,2176,8599,24487,0,0,1,27440605621,9408,0
Measurement_interval(ms):,250,2176,8551,24487,0,0,1,27440854330,9952,0
Measurement_interval(ms):,250,2304,8551,24487,0,0,1,27441104319,10528,0
Measurement_interval(ms):,250,2176,8551,24487,0,0,1,27441354400,11072,0
Measurement_interval(ms):,250,2304,8551,24487,0,0,1,27441605153,11648,0
Measurement_interval(ms):,250,2304,8551,24487,0,0,1,27441856509,12224,0
Measurement_interval(ms):,250,2304,8551,24487,0,0,1,27442107365,12800,0
Measurement_interval(ms):,250,2304,8551,24335,0,0,1,27442354317,13376,0
Measurement_interval(ms):,250,2304,8551,24335,0,0,1,27442604348,13952,0
Measurement_interval(ms):,250,2176,8551,24335,0,0,1,27442854319,14496,0
Measurement_interval(ms):,250,2304,8551,24335,0,0,1,27443104359,15072,0
Measurement_interval(ms):,250,2176,8551,24335,0,0,1,27443354342,15616,0
Measurement_interval(ms):,250,2176,8551,24335,0,0,1,27443604323,16160,0
Measurement_interval(ms):,250,2176,8551,24335,0,0,1,27443858182,16704,0
Measurement_interval(ms):,250,2176,8551,24335,0,0,1,27444105386,17248,0
Measurement_interval(ms):,250,2176,8551,24335,0,0,1,27444354355,17792,0
Measurement_interval(ms):,250,2304,8551,24335,0,0,1,27444604475,18368,0
Measurement_interval(ms):,250,2176,8551,24335,0,0,1,27444854315,18912,0
Measurement_interval(ms):,250,2176,8551,24335,0,0,1,27445104337,19456,0
Measurement_interval(ms):,250,2048,8551,24031,0,0,1,27445354313,19968,0
Measurement_interval(ms):,250,2176,8551,24031,0,0,1,27445604699,20512,0
Measurement_interval(ms):,250,2176,8551,24031,0,0,1,27445858686,21056,0
Measurement_interval(ms):,250,2176,8551,24031,0,0,1,27446104314,21600,0
Measurement_interval(ms):,250,2048,8551,24031,0,0,1,27446355961,22112,0
Measurement_interval(ms):,250,2176,8551,24031,0,0,1,27446604315,22656,0
Measurement_interval(ms):,250,2048,8551,24335,0,0,1,27446854342,23168,0
Measurement_interval(ms):,250,2176,8551,24335,0,0,1,27447107111,23712,0
Measurement_interval(ms):,250,2048,8551,24335,0,0,1,27447354334,24224,0
Measurement_interval(ms):,250,2048,8551,24335,0,0,1,27447604345,24736,0
Measurement_interval(ms):,250,2048,8551,24335,0,0,1,27447854518,25248,0
Measurement_interval(ms):,250,2048,8551,24335,0,0,1,27448104350,25760,0
Measurement_interval(ms):,250,1920,8551,24031,0,0,1,27448357624,26240,0
Measurement_interval(ms):,250,1920,8551,24031,0,0,1,27448606890,26720,0
Measurement_interval(ms):,250,1920,8551,24031,0,0,1,27448856670,27200,0
Measurement_interval(ms):,250,1920,8551,24031,0,0,1,27449105949,27680,0
Measurement_interval(ms):,250,1920,8551,24031,0,0,1,27449355767,28160,0
Measurement_interval(ms):,250,1920,8551,24031,0,0,1,27449605013,28640,0
Measurement_interval(ms):,250,1920,8551,24031,0,0,1,27449854821,29120,0
Measurement_interval(ms):,250,1920,8551,24031,0,0,1,27450104310,29600,0
Measurement_interval(ms):,250,1920,8551,24031,0,0,1,27450354318,30080,0
Measurement_interval(ms):,250,1920,8551,24031,0,0,1,27450604307,30560,0
Measurement_interval(ms):,250,1920,8551,24031,0,0,1,27450854325,31040,0
Measurement_interval(ms):,250,1920,8551,24031,0,0,1,27451104347,31520,0
Measurement_interval(ms):,250,1920,8551,24031,0,0,1,27451354338,32000,0
Measurement_interval(ms):,250,1920,8551,24031,0,0,1,27451604318,32480,0
Measurement_interval(ms):,250,1920,8551,24031,0,0,1,27451854307,32960,0
Measurement_interval(ms):,250,1920,8551,24031,0,0,1,27452104323,33440,0
Measurement_interval(ms):,250,1920,8551,24031,0,0,1,27452354310,33920,0
Measurement_interval(ms):,250,1920,8551,24031,0,0,1,27452604337,34400,0
Measurement_interval(ms):,250,1920,8551,24031,0,0,1,27452855646,34880,0
Measurement_interval(ms):,250,1792,8551,24031,0,0,1,27453104340,35328,0
Measurement_interval(ms):,250,1792,8551,24031,0,0,1,27453354303,35776,0
Measurement_interval(ms):,250,1792,8551,24031,0,0,1,27453608727,36224,0
Measurement_interval(ms):,250,1792,8551,24031,0,0,1,27453854303,36672,0
Measurement_interval(ms):,250,1664,8551,24031,0,0,1,27454104305,37088,0
Measurement_interval(ms):,250,1664,8551,24031,0,0,1,27454355602,37504,0
Measurement_interval(ms):,250,1664,8551,24031,0,0,1,27454605392,37920,0
Measurement_interval(ms):,250,1664,8551,24031,0,0,1,27454858261,38336,0
Measurement_interval(ms):,250,1664,8551,24031,0,0,1,27455104302,38752,0
Measurement_interval(ms):,250,1536,8551,24031,0,0,1,27455354301,39136,0
Measurement_interval(ms):,250,1664,8551,24031,0,0,1,27455604344,39552,0
Measurement_interval(ms):,250,1536,8551,24031,0,0,1,27455854300,39936,0
Measurement_interval(ms):,250,1536,8551,24031,0,0,1,27456104869,40320,0
Measurement_interval(ms):,250,1664,8551,24031,0,0,1,27456354299,40736,0
Measurement_interval(ms):,250,1536,8551,24031,0,0,1,27456604304,41120,0
Measurement_interval(ms):,250,1536,8551,24031,0,0,1,27456854311,41504,0
Measurement_interval(ms):,250,1664,8695,24487,0,0,1,27457104299,41920,0
Measurement_interval(ms):,250,1664,8695,24487,0,0,1,27457354299,42336,0
Measurement_interval(ms):,250,1664,8695,24487,0,0,1,27457604302,42752,0
Measurement_interval(ms):,250,1664,8695,24487,0,0,1,27457854302,43168,0
Measurement_interval(ms):,250,1664,8695,24487,0,0,1,27458104297,43584,0
Measurement_interval(ms):,250,1792,8695,24487,0,0,1,27458356395,44032,0
Measurement_interval(ms):,250,1920,8695,24487,0,0,1,27458605660,44512,0
Measurement_interval(ms):,250,1920,8695,24487,0,0,1,27458854921,44992,0
Measurement_interval(ms):,250,1920,8695,24487,0,0,1,27459104297,45472,0
Measurement_interval(ms):,250,1920,8695,24487,0,0,1,27459354295,45952,0
Measurement_interval(ms):,250,1920,8695,24487,0,0,1,27459604328,46432,0
Measurement_interval(ms):,250,1920,8695,24487,0,0,1,27459854295,46912,0
Measurement_interval(ms):,250,1920,8695,24487,0,0,1,27460104320,47392,0
Measurement_interval(ms):,250,1920,8695,24487,0,0,1,27460354314,47872,0
Measurement_interval(ms):,250,2048,8695,24487,0,0,1,27460604295,48384,0
Measurement_interval(ms):,250,1920,8695,24487,0,0,1,27460854294,48864,0
Measurement_interval(ms):,250,1920,8695,24487,0,0,1,27461104296,49344,0
Measurement_interval(ms):,250,2048,8695,24487,0,0,1,27461357408,49856,0
Measurement_interval(ms):,250,2048,8695,24487,0,0,1,27461606694,50368,0
Measurement_interval(ms):,250,2176,8695,24487,0,0,1,27461854320,50912,0
Measurement_interval(ms):,250,2048,8695,24487,0,0,1,27462105196,51424,0
Measurement_interval(ms):,250,2176,8695,24487,0,0,1,27462354319,51968,0
Measurement_interval(ms):,250,2048,8695,24487,0,0,1,27462604305,52480,0
Measurement_interval(ms):,250,2176,8695,24487,0,0,1,27462856516,53024,0
Measurement_interval(ms):,250,2176,8695,24487,0,0,1,27463108448,53568,0
Measurement_interval(ms):,250,2176,8695,24487,0,0,1,27463354300,54112,0
Measurement_interval(ms):,250,2176,8695,24487,0,0,1,27463607000,54656,0
