Measurement_interval(ms):,250,1216,3533,268805,0,0,1,27246081204,524,0
Measurement_interval(ms):,250,1232,3533,268805,0,0,1,27246331966,832,0
Measurement_interval(ms):,250,1216,3533,268805,0,0,1,27246581174,1136,0
Measurement_interval(ms):,250,1216,3533,113989,0,0,1,27246831216,1440,0
Measurement_interval(ms):,250,1232,3533,113989,0,0,1,27247081173,1748,0
Measurement_interval(ms):,250,1216,3533,113989,0,0,1,27247331188,2052,0
Measurement_interval(ms):,250,1216,3533,113989,0,0,1,27247581204,2356,0
Measurement_interval(ms):,250,1200,3533,113989,0,0,1,27247831213,2656,0
Measurement_interval(ms):,250,1216,3533,113989,0,0,1,27248081197,2960,0
Measurement_interval(ms):,250,1200,3533,113989,0,0,1,27248331195,3260,0
Measurement_interval(ms):,250,1216,3533,113989,0,0,1,27248581999,3564,0
Measurement_interval(ms):,250,1200,3533,113989,0,0,1,27248831196,3864,0
Measurement_interval(ms):,250,1200,3533,113989,0,0,1,27249081202,4164,0
Measurement_interval(ms):,250,1216,3476,142853,0,0,1,27249331391,4468,0
Measurement_interval(ms):,250,1200,3476,142853,0,0,1,27249581197,4768,0
Measurement_interval(ms):,250,1200,3476,142853,0,0,1,27249831190,5068,0
Measurement_interval(ms):,250,1216,3476,113989,0,0,1,27250081172,5372,0
Measurement_interval(ms):,250,1200,3476,113989,0,0,1,27250331199,5672,0
Measurement_interval(ms):,250,1200,3476,113989,0,0,1,27250581211,5972,0
Measurement_interval(ms):,250,1216,3476,113989,0,0,1,27250831171,6276,0
Measurement_interval(ms):,250,1200,3476,79877,0,0,1,27251081202,6576,0
Measurement_interval(ms):,250,1216,3476,79877,0,0,1,27251331226,6880,0
Measurement_interval(ms):,250,1200,3476,79877,0,0,1,27251581187,7180,0
Measurement_interval(ms):,250,1216,3476,82501,0,0,1,27251831212,7484,0
Measurement_interval(ms):,250,1200,3419,82501,0,0,1,27252081171,7784,0
Measurement_interval(ms):,250,1216,3419,82501,0,0,1,27252331172,8088,0
Measurement_interval(ms):,250,1216,3419,82501,0,0,1,27252581597,8392,0
Measurement_interval(ms):,250,1200,3419,82501,0,0,1,27252831170,8692,0
Measurement_interval(ms):,250,1216,3381,82501,0,0,1,27253081184,8996,0
Measurement_interval(ms):,250,1216,3419,82501,0,0,1,27253331999,9300,0
Measurement_interval(ms):,250,1200,3419,82501,0,0,1,27253581205,9600,0
Measurement_interval(ms):,250,1216,3381,82501,0,0,1,27253831170,9904,0
Measurement_interval(ms):,250,1216,3362,82501,0,0,1,27254081180,10208,0
Measurement_interval(ms):,250,1216,3362,113989,0,0,1,27254331508,10512,0
Measurement_interval(ms):,250,1200,3362,113989,0,0,1,27254581200,10812,0
Measurement_interval(ms):,250,1216,3362,113989,0,0,1,27254831202,11116,0
Measurement_interval(ms):,250,1216,3362,113989,0,0,1,27255081214,11420,0
Measurement_interval(ms):,250,1216,3362,116613,0,0,1,27255331168,11724,0
Measurement_interval(ms):,250,1216,3362,116613,0,0,1,27255581563,12028,0
Measurement_interval(ms):,250,1200,3343,116613,0,0,1,27255831207,12328,0
Measurement_interval(ms):,250,1216,3343,116613,0,0,1,27256081184,12632,0
Measurement_interval(ms):,250,1216,3324,116613,0,0,1,27256331201,12936,0
Measurement_interval(ms):,250,1216,3324,116613,0,0,1,27256581204,13240,0
Measurement_interval(ms):,250,1216,3324,116613,0,0,1,27256831169,13544,0
Measurement_interval(ms):,250,1216,3324,116613,0,0,1,27257081206,13848,0
Measurement_interval(ms):,250,1216,3324,116613,0,0,1,27257331184,14152,0
Measurement_interval(ms):,250,1216,3324,116613,0,0,1,27257581168,14456,0
Measurement_interval(ms):,250,1216,3324,116613,0,0,1,27257831173,14760,0
Measurement_interval(ms):,250,1216,3324,113989,0,0,1,27258081167,15064,0
Measurement_interval(ms):,250,1216,3324,113989,0,0,1,27258331294,15368,0
Measurement_interval(ms):,250,1216,3324,113989,0,0,1,27258581167,15672,0
Measurement_interval(ms):,250,1216,3324,113989,0,0,1,27258831166,15976,0
Measurement_interval(ms):,250,1216,3324,113989,0,0,1,27259081176,16280,0
Measurement_interval(ms):,250,1216,3324,113989,0,0,1,27259331190,16584,0
Measurement_interval(ms):,250,1216,3324,113989,0,0,1,27259581190,16888,0
Measurement_interval(ms):,250,1216,3324,113989,0,0,1,27259831257,17192,0
Measurement_interval(ms):,250,1216,3324,116613,0,0,1,27260081319,17496,0
Measurement_interval(ms):,250,1216,3324,116613,0,0,1,27260331645,17800,0
Measurement_interval(ms):,250,1216,3324,116613,0,0,1,27260581831,18104,0
Measurement_interval(ms):,250,1200,3324,116613,0,0,1,27260831165,18404,0
Measurement_interval(ms):,250,1216,3324,116613,0,0,1,27261081177,18708,0
Measurement_interval(ms):,250,1216,3324,116613,0,0,1,27261331168,19012,0
Measurement_interval(ms):,250,1216,3324,119237,0,0,1,27261581209,19316,0
Measurement_interval(ms):,250,1216,3324,119237,0,0,1,27261831201,19620,0
Measurement_interval(ms):,250,1216,3324,119237,0,0,1,27262081167,19924,0
Measurement_interval(ms):,250,1216,3324,119237,0,0,1,27262331207,20228,0
Measurement_interval(ms):,250,1216,3324,119237,0,0,1,27262581695,20532,0
Measurement_interval(ms):,250,1200,3324,119237,0,0,1,27262831164,20832,0
Measurement_interval(ms):,250,1216,3324,119237,0,0,1,27263081196,21136,0
Measurement_interval(ms):,250,1216,3324,119237,0,0,1,27263331968,21440,0
Measurement_interval(ms):,250,1200,3324,119237,0,0,1,27263581191,21740,0
Measurement_interval(ms):,250,1216,3324,119237,0,0,1,27263831166,22044,0
Measurement_interval(ms):,250,1200,3324,119237,0,0,1,27264081170,22344,0
Measurement_interval(ms):,250,1216,3324,119237,0,0,1,27264331164,22648,0
Measurement_interval(ms):,250,1200,3324,119237,0,0,1,27264581185,22948,0
Measurement_interval(ms):,250,1216,3324,119237,0,0,1,27264831178,23252,0
Measurement_interval(ms):,250,1200,3324,119237,0,0,1,27265081209,23552,0
Measurement_interval(ms):,250,1216,3324,119237,0,0,1,27265331686,23856,0
Measurement_interval(ms):,250,1200,3324,119237,0,0,1,27265581172,24156,0
Measurement_interval(ms):,250,1200,3324,119237,0,0,1,27265831163,24456,0
Measurement_interval(ms):,250,1216,3324,119237,0,0,1,27266081163,24760,0
Measurement_interval(ms):,250,1200,3324,137605,0,0,1,27266331166,25060,0
Measurement_interval(ms):,250,1216,3324,137605,0,0,1,27266581897,25364,0
Measurement_interval(ms):,250,1200,3324,119237,0,0,1,27266831191,25664,0
Measurement_interval(ms):,250,1200,3324,119237,0,0,1,27267081179,25964,0
Measurement_interval(ms):,250,1216,3324,119237,0,0,1,27267331161,26268,0
Measurement_interval(ms):,250,1200,3324,119237,0,0,1,27267581172,26568,0
Measurement_interval(ms):,250,1216,3324,119237,0,0,1,27267831900,26872,0
Measurement_interval(ms):,250,1200,3324,119237,0,0,1,27268081178,27172,0
