Measurement_interval(ms):,250,296,7280,222426,0,0,1,30409154192,292,0
Measurement_interval(ms):,250,296,7280,222426,0,0,1,30409404202,366,0
Measurement_interval(ms):,250,296,6900,222426,0,0,1,30409654191,440,0
Measurement_interval(ms):,250,296,6900,222426,0,0,1,30409904206,514,0
Measurement_interval(ms):,250,296,6900,222426,0,0,1,30410154184,588,0
Measurement_interval(ms):,250,296,6900,222426,0,0,1,30410404200,662,0
Measurement_interval(ms):,250,296,6900,222426,0,0,1,30410654217,736,0
Measurement_interval(ms):,250,296,6900,222426,0,0,1,30410904176,810,0
Measurement_interval(ms):,250,296,6900,222426,0,0,1,30411154181,884,0
Measurement_interval(ms):,250,296,6900,222426,0,0,1,30411404205,958,0
Measurement_interval(ms):,250,296,6900,222426,0,0,1,30411654173,1032,0
Measurement_interval(ms):,250,296,6900,222426,0,0,1,30411904212,1106,0
Measurement_interval(ms):,250,296,6900,222426,0,0,1,30412154193,1180,0
Measurement_interval(ms):,250,296,6900,222426,0,0,1,30412404217,1254,0
Measurement_interval(ms):,250,296,6900,222426,0,0,1,30412654219,1328,0
Measurement_interval(ms):,250,296,6900,222426,0,0,1,30412904184,1402,0
Measurement_interval(ms):,250,296,6900,222426,0,0,1,30413154202,1476,0
Measurement_interval(ms):,250,296,6900,222426,0,0,1,30413404208,1550,0
Measurement_interval(ms):,250,296,6900,222426,0,0,1,30413654203,1624,0
Measurement_interval(ms):,250,296,6900,222426,0,0,1,30413904200,1698,0
Measurement_interval(ms):,250,296,6900,222426,0,0,1,30414154196,1772,0
Measurement_interval(ms):,250,296,6900,222426,0,0,1,30414404185,1846,0
Measurement_interval(ms):,250,296,6900,222426,0,0,1,30414654190,1920,0
Measurement_interval(ms):,250,296,6900,222426,0,0,1,30414904178,1994,0
Measurement_interval(ms):,250,296,6900,222426,0,0,1,30415154187,2068,0
Measurement_interval(ms):,250,296,6900,222426,0,0,1,30415404186,2142,0
Measurement_interval(ms):,250,296,6900,222426,0,0,1,30415654183,2216,0
Measurement_interval(ms):,250,296,6900,222426,0,0,1,30415904189,2290,0
Measurement_interval(ms):,250,296,6900,222426,0,0,1,30416154196,2364,0
Measurement_interval(ms):,250,296,6900,222426,0,0,1,30416404209,2438,0
Measurement_interval(ms):,250,296,6900,222426,0,0,1,30416654354,2512,0
Measurement_interval(ms):,250,296,6900,222426,0,0,1,30416904475,2586,0
Measurement_interval(ms):,250,288,6900,222426,0,0,1,30417154192,2658,0
Measurement_interval(ms):,250,296,6900,222426,0,0,1,30417404172,2732,0
Measurement_interval(ms):,250,296,6900,222426,0,0,1,30417654175,2806,0
Measurement_interval(ms):,250,296,6900,222426,0,0,1,30417904218,2880,0
Measurement_interval(ms):,250,296,6900,222426,0,0,1,30418154172,2954,0
Measurement_interval(ms):,250,296,6900,222426,0,0,1,30418404172,3028,0
Measurement_interval(ms):,250,296,6900,222426,0,0,1,30418654187,3102,0
Measurement_interval(ms):,250,296,6900,222426,0,0,1,30418904210,3176,0
Measurement_interval(ms):,250,296,6900,222426,0,0,1,30419154204,3250,0
Measurement_interval(ms):,250,296,6900,222426,0,0,1,30419404200,3324,0
Measurement_interval(ms):,250,296,6900,222426,0,0,1,30419654187,3398,0
Measurement_interval(ms):,250,296,6900,222426,0,0,1,30419904172,3472,0
Measurement_interval(ms):,250,296,6900,222426,0,0,1,30420154215,3546,0
Measurement_interval(ms):,250,296,6900,222426,0,0,1,30420404203,3620,0
Measurement_interval(ms):,250,296,6900,222426,0,0,1,30420654212,3694,0
Measurement_interval(ms):,250,296,6900,222426,0,0,1,30420904208,3768,0
Measurement_interval(ms):,250,296,6862,222426,0,0,1,30421154185,3842,0
Measurement_interval(ms):,250,296,6862,222426,0,0,1,30421404191,3916,0
Measurement_interval(ms):,250,296,6862,222426,0,0,1,30421654220,3990,0
Measurement_interval(ms):,250,296,6862,222426,0,0,1,30421904217,4064,0
Measurement_interval(ms):,250,296,6862,222426,0,0,1,30422154215,4138,0
Measurement_interval(ms):,250,296,6862,222426,0,0,1,30422404172,4212,0
Measurement_interval(ms):,250,296,6824,222426,0,0,1,30422654213,4286,0
Measurement_interval(ms):,250,296,6824,222426,0,0,1,30422904197,4360,0
Measurement_interval(ms):,250,296,6824,222426,0,0,1,30423154202,4434,0
Measurement_interval(ms):,250,296,6824,222426,0,0,1,30423404189,4508,0
Measurement_interval(ms):,250,296,6824,222426,0,0,1,30423654171,4582,0
Measurement_interval(ms):,250,296,6824,222426,0,0,1,30423904198,4656,0
Measurement_interval(ms):,250,296,6824,222426,0,0,1,30424154206,4730,0
Measurement_interval(ms):,250,296,6824,222426,0,0,1,30424404202,4804,0
Measurement_interval(ms):,250,296,6824,222426,0,0,1,30424654211,4878,0
Measurement_interval(ms):,250,296,6824,222426,0,0,1,30424904172,4952,0
Measurement_interval(ms):,250,296,6824,222426,0,0,1,30425154212,5026,0
Measurement_interval(ms):,250,296,6824,222426,0,0,1,30425404191,5100,0
Measurement_interval(ms):,250,296,6824,222426,0,0,1,30425654174,5174,0
Measurement_interval(ms):,250,296,6824,222426,0,0,1,30425904210,5248,0
Measurement_interval(ms):,250,296,6824,222426,0,0,1,30426154173,5322,0
Measurement_interval(ms):,250,296,6824,222426,0,0,1,30426404207,5396,0
Measurement_interval(ms):,250,296,6824,222426,0,0,1,30426654192,5470,0
Measurement_interval(ms):,250,296,6824,222426,0,0,1,30426904219,5544,0
Measurement_interval(ms):,250,296,6824,222426,0,0,1,30427154178,5618,0
Measurement_interval(ms):,250,296,6824,222426,0,0,1,30427404179,5692,0
Measurement_interval(ms):,250,296,6824,222426,0,0,1,30427654203,5766,0
Measurement_interval(ms):,250,296,6824,222426,0,0,1,30427904182,5840,0
Measurement_interval(ms):,250,296,6824,222426,0,0,1,30428154216,5914,0
Measurement_interval(ms):,250,296,6824,222426,0,0,1,30428404191,5988,0
Measurement_interval(ms):,250,296,6824,222426,0,0,1,30428654212,6062,0
Measurement_interval(ms):,250,296,6824,222426,0,0,1,30428904186,6136,0
Measurement_interval(ms):,250,296,6824,222426,0,0,1,30429154187,6210,0
Measurement_interval(ms):,250,296,6824,222426,0,0,1,30429404172,6284,0
Measurement_interval(ms):,250,296,6824,222426,0,0,1,30429654204,6358,0
Measurement_interval(ms):,250,296,6824,222426,0,0,1,30429904220,6432,0
Measurement_interval(ms):,250,296,6824,222426,0,0,1,30430154183,6506,0
Measurement_interval(ms):,250,296,6824,222426,0,0,1,30430404171,6580,0
