Measurement_interval(ms):,250,1088,15910,468634,0,0,1,30602008765,1904,0
Measurement_interval(ms):,250,1088,15910,468634,0,0,1,30602258732,2176,0
Measurement_interval(ms):,250,1088,15910,468634,0,0,1,30602508735,2448,0
Measurement_interval(ms):,250,1088,15910,468634,0,0,1,30602758777,2720,0
Measurement_interval(ms):,250,1088,15910,468634,0,0,1,30603008770,2992,0
Measurement_interval(ms):,250,1088,15910,468634,0,0,1,30603258748,3264,0
Measurement_interval(ms):,250,1088,15910,468634,0,0,1,30603508755,3536,0
Measurement_interval(ms):,250,1088,15910,468634,0,0,1,30603758759,3808,0
Measurement_interval(ms):,250,1088,15910,468634,0,0,1,30604008745,4080,0
Measurement_interval(ms):,250,1088,15910,468634,0,0,1,30604258737,4352,0
Measurement_interval(ms):,250,1088,15910,468634,0,0,1,30604508747,4624,0
Measurement_interval(ms):,250,1088,15910,468634,0,0,1,30604758745,4896,0
Measurement_interval(ms):,250,1088,15824,477688,0,0,1,30605008753,5168,0
Measurement_interval(ms):,250,1088,15824,477688,0,0,1,30605258775,5440,0
Measurement_interval(ms):,250,1088,15824,477688,0,0,1,30605508766,5712,0
Measurement_interval(ms):,250,1088,15824,477688,0,0,1,30605758742,5984,0
Measurement_interval(ms):,250,1088,15824,477688,0,0,1,30606008758,6256,0
Measurement_interval(ms):,250,1088,15824,477688,0,0,1,30606258769,6528,0
Measurement_interval(ms):,250,1088,15824,477688,0,0,1,30606508740,6800,0
Measurement_interval(ms):,250,1088,15824,477688,0,0,1,30606758767,7072,0
Measurement_interval(ms):,250,1088,15824,477688,0,0,1,30607008748,7344,0
Measurement_interval(ms):,250,1088,15824,477688,0,0,1,30607258769,7616,0
Measurement_interval(ms):,250,1088,15824,477688,0,0,1,30607508772,7888,0
Measurement_interval(ms):,250,1088,14964,468634,0,0,1,30607758764,8160,0
Measurement_interval(ms):,250,1088,14964,468634,0,0,1,30608008758,8432,0
Measurement_interval(ms):,250,1088,14964,468634,0,0,1,30608258774,8704,0
Measurement_interval(ms):,250,1088,14964,468634,0,0,1,30608508746,8976,0
Measurement_interval(ms):,250,1088,14964,468634,0,0,1,30608758735,9248,0
Measurement_interval(ms):,250,1088,14964,468634,0,0,1,30609008745,9520,0
Measurement_interval(ms):,250,1152,14878,468634,0,0,1,30609258728,9808,0
Measurement_interval(ms):,250,1088,14878,468634,0,0,1,30609508810,10080,0
Measurement_interval(ms):,250,1088,14878,468634,0,0,1,30609758871,10352,0
Measurement_interval(ms):,250,1088,14878,468634,0,0,1,30610008758,10624,0
Measurement_interval(ms):,250,1088,14878,468634,0,0,1,30610258738,10896,0
Measurement_interval(ms):,250,1088,14878,468634,0,0,1,30610508729,11168,0
Measurement_interval(ms):,250,1088,14878,436945,0,0,1,30610758760,11440,0
Measurement_interval(ms):,250,1088,14878,436945,0,0,1,30611008736,11712,0
Measurement_interval(ms):,250,1088,14878,436945,0,0,1,30611258728,11984,0
Measurement_interval(ms):,250,1088,14878,436945,0,0,1,30611508742,12256,0
Measurement_interval(ms):,250,1088,14878,436945,0,0,1,30611758761,12528,0
Measurement_interval(ms):,250,1088,14878,436945,0,0,1,30612008756,12800,0
Measurement_interval(ms):,250,1088,14792,409783,0,0,1,30612258746,13072,0
Measurement_interval(ms):,250,1088,14792,409783,0,0,1,30612508739,13344,0
Measurement_interval(ms):,250,1088,14792,409783,0,0,1,30612758770,13616,0
Measurement_interval(ms):,250,1088,14792,409783,0,0,1,30613008761,13888,0
Measurement_interval(ms):,250,1088,14792,409783,0,0,1,30613258745,14160,0
Measurement_interval(ms):,250,1088,14792,409783,0,0,1,30613508752,14432,0
Measurement_interval(ms):,250,1088,14792,296608,0,0,1,30613758768,14704,0
Measurement_interval(ms):,250,1088,14792,296608,0,0,1,30614008733,14976,0
Measurement_interval(ms):,250,1088,14792,296608,0,0,1,30614258751,15248,0
Measurement_interval(ms):,250,1088,14792,296608,0,0,1,30614508762,15520,0
Measurement_interval(ms):,250,1088,14792,296608,0,0,1,30614758749,15792,0
Measurement_interval(ms):,250,1088,14792,296608,0,0,1,30615008764,16064,0
Measurement_interval(ms):,250,1088,14792,436945,0,0,1,30615258745,16336,0
Measurement_interval(ms):,250,1088,14792,436945,0,0,1,30615508761,16608,0
Measurement_interval(ms):,250,1088,14792,436945,0,0,1,30615758726,16880,0
Measurement_interval(ms):,250,1088,14792,436945,0,0,1,30616008752,17152,0
Measurement_interval(ms):,250,1088,14792,436945,0,0,1,30616258757,17424,0
Measurement_interval(ms):,250,1088,14792,436945,0,0,1,30616508750,17696,0
Measurement_interval(ms):,250,1088,14792,468634,0,0,1,30616758767,17968,0
Measurement_interval(ms):,250,1088,14792,468634,0,0,1,30617008759,18240,0
Measurement_interval(ms):,250,1088,14792,468634,0,0,1,30617258725,18512,0
Measurement_interval(ms):,250,1152,14792,468634,0,0,1,30617509087,18800,0
Measurement_interval(ms):,250,1088,14792,468634,0,0,1,30617758755,19072,0
Measurement_interval(ms):,250,1088,14792,468634,0,0,1,30618008770,19344,0
Measurement_interval(ms):,250,1088,14792,468634,0,0,1,30618258727,19616,0
Measurement_interval(ms):,250,1088,14792,468634,0,0,1,30618508741,19888,0
Measurement_interval(ms):,250,1088,14792,468634,0,0,1,30618758744,20160,0
Measurement_interval(ms):,250,1088,14792,468634,0,0,1,30619008734,20432,0
Measurement_interval(ms):,250,1088,14792,468634,0,0,1,30619258725,20704,0
Measurement_interval(ms):,250,1088,14706,468634,0,0,1,30619508732,20976,0
Measurement_interval(ms):,250,1088,14706,468634,0,0,1,30619758748,21248,0
Measurement_interval(ms):,250,1088,14706,468634,0,0,1,30620008762,21520,0
Measurement_interval(ms):,250,1088,14706,468634,0,0,1,30620258724,21792,0
Measurement_interval(ms):,250,1088,14706,468634,0,0,1,30620508741,22064,0
Measurement_interval(ms):,250,1088,14706,468634,0,0,1,30620758741,22336,0
Measurement_interval(ms):,250,1088,14706,468634,0,0,1,30621008755,22608,0
Measurement_interval(ms):,250,1088,14706,468634,0,0,1,30621258724,22880,0
Measurement_interval(ms):,250,1088,14706,468634,0,0,1,30621508758,23152,0
Measurement_interval(ms):,250,1088,14706,468634,0,0,1,30621758724,23424,0
Measurement_interval(ms):,250,1088,14706,468634,0,0,1,30622008739,23696,0
Measurement_interval(ms):,250,1088,14706,468634,0,0,1,30622258749,23968,0
Measurement_interval(ms):,250,1088,14706,468634,0,0,1,30622508746,24240,0
Measurement_interval(ms):,250,1088,14706,468634,0,0,1,30622758752,24512,0
Measurement_interval(ms):,250,1088,14706,468634,0,0,1,30623008728,24784,0
Measurement_interval(ms):,250,1088,14706,468634,0,0,1,30623258723,25056,0
Measurement_interval(ms):,250,1088,14706,468634,0,0,1,30623508743,25328,0
Measurement_interval(ms):,250,1152,14706,468634,0,0,1,30623758952,25616,0
Measurement_interval(ms):,250,1088,14706,441472,0,0,1,30624008723,25888,0
Measurement_interval(ms):,250,1088,14706,441472,0,0,1,30624258723,26160,0
Measurement_interval(ms):,250,1088,14706,441472,0,0,1,30624508748,26432,0
Measurement_interval(ms):,250,1088,14706,441472,0,0,1,30624758744,26704,0
Measurement_interval(ms):,250,1088,14706,441472,0,0,1,30625008722,26976,0
Measurement_interval(ms):,250,1088,14706,441472,0,0,1,30625258765,27248,0
Measurement_interval(ms):,250,1088,14706,436945,0,0,1,30625508751,27520,0
Measurement_interval(ms):,250,1088,14706,436945,0,0,1,30625758761,27792,0
Measurement_interval(ms):,250,1088,14706,436945,0,0,1,30626008734,28064,0
