Measurement_interval(ms):,250,1336,27988,52043,0,0,1,30297311478,2673,0
Measurement_interval(ms):,250,1304,27988,52043,0,0,1,30297561469,2999,0
Measurement_interval(ms):,250,1200,27988,52043,0,0,1,30297811470,3299,0
Measurement_interval(ms):,250,1336,27988,52043,0,0,1,30298061472,3633,0
Measurement_interval(ms):,250,1304,27988,52043,0,0,1,30298311519,3959,0
Measurement_interval(ms):,250,1200,27988,52043,0,0,1,30298561443,4259,0
Measurement_interval(ms):,250,1200,27988,52043,0,0,1,30298811444,4559,0
Measurement_interval(ms):,250,1200,27988,52043,0,0,1,30299061446,4859,0
Measurement_interval(ms):,250,1200,27988,52043,0,0,1,30299311454,5159,0
Measurement_interval(ms):,250,1200,27988,52043,0,0,1,30299561437,5459,0
Measurement_interval(ms):,250,1200,27988,50531,0,0,1,30299811565,5759,0
Measurement_interval(ms):,250,1200,27988,50531,0,0,1,30300061471,6059,0
Measurement_interval(ms):,250,1200,27988,50531,0,0,1,30300311476,6359,0
Measurement_interval(ms):,250,1080,27988,50531,0,0,1,30300561443,6629,0
Measurement_interval(ms):,250,1192,27988,50531,0,0,1,30300811441,6927,0
Measurement_interval(ms):,250,1284,27988,50531,0,0,1,30301061822,7248,0
Measurement_interval(ms):,250,1144,27988,50531,0,0,1,30301311456,7534,0
Measurement_interval(ms):,250,1148,27988,50531,0,0,1,30301561434,7821,0
Measurement_interval(ms):,250,1132,27988,50531,0,0,1,30301811447,8104,0
Measurement_interval(ms):,250,1140,27988,50531,0,0,1,30302061470,8389,0
Measurement_interval(ms):,250,1240,27988,50531,0,0,1,30302311460,8699,0
Measurement_interval(ms):,250,1196,27988,50531,0,0,1,30302561474,8998,0
Measurement_interval(ms):,250,1176,27988,50531,0,0,1,30302811463,9292,0
Measurement_interval(ms):,250,1304,27988,50531,0,0,1,30303061460,9618,0
Measurement_interval(ms):,250,1260,27988,50531,0,0,1,30303311448,9933,0
Measurement_interval(ms):,250,1228,27988,50531,0,0,1,30303561473,10240,0
Measurement_interval(ms):,250,1216,27988,50531,0,0,1,30303811436,10544,0
Measurement_interval(ms):,250,1212,27988,50531,0,0,1,30304061472,10847,0
Measurement_interval(ms):,250,1240,28888,50531,0,0,1,30304311630,11157,0
Measurement_interval(ms):,250,1148,28888,50531,0,0,1,30304561440,11444,0
Measurement_interval(ms):,250,1288,28888,50531,0,0,1,30304811430,11766,0
Measurement_interval(ms):,250,1240,28888,50531,0,0,1,30305061444,12076,0
Measurement_interval(ms):,250,1180,28888,50531,0,0,1,30305311457,12371,0
Measurement_interval(ms):,250,1228,28888,50531,0,0,1,30305561470,12678,0
Measurement_interval(ms):,250,1268,28888,50531,0,0,1,30305811434,12995,0
Measurement_interval(ms):,250,1276,28888,50531,0,0,1,30306061998,13314,0
Measurement_interval(ms):,250,1220,28888,50531,0,0,1,30306311462,13619,0
Measurement_interval(ms):,250,1128,28888,50531,0,0,1,30306561440,13901,0
Measurement_interval(ms):,250,1264,28888,50531,0,0,1,30306811463,14217,0
Measurement_interval(ms):,250,1284,28888,50531,0,0,1,30307061473,14538,0
Measurement_interval(ms):,250,1228,28888,50531,0,0,1,30307311446,14845,0
Measurement_interval(ms):,250,1136,28888,50531,0,0,1,30307561473,15129,0
Measurement_interval(ms):,250,1284,28888,50531,0,0,1,30307811448,15450,0
Measurement_interval(ms):,250,1296,28888,50531,0,0,1,30308061465,15774,0
Measurement_interval(ms):,250,1236,28888,50531,0,0,1,30308311435,16083,0
Measurement_interval(ms):,250,1164,28888,50531,0,0,1,30308561473,16374,0
Measurement_interval(ms):,250,1304,28888,50531,0,0,1,30308812054,16700,0
Measurement_interval(ms):,250,1168,28888,50531,0,0,1,30309061425,16992,0
Measurement_interval(ms):,250,1272,28888,50531,0,0,1,30309311435,17310,0
Measurement_interval(ms):,250,1188,28888,50531,0,0,1,30309561442,17607,0
Measurement_interval(ms):,250,1220,28888,50531,0,0,1,30309811424,17912,0
Measurement_interval(ms):,250,1272,28888,50531,0,0,1,30310061437,18230,0
Measurement_interval(ms):,250,1216,28888,50531,0,0,1,30310312026,18534,0
Measurement_interval(ms):,250,1128,28888,50531,0,0,1,30310561448,18816,0
Measurement_interval(ms):,250,1124,28888,50531,0,0,1,30310811455,19097,0
Measurement_interval(ms):,250,1160,28888,50531,0,0,1,30311061429,19387,0
Measurement_interval(ms):,250,1148,28888,50531,0,0,1,30311311439,19674,0
Measurement_interval(ms):,250,1176,28888,50531,0,0,1,30311561425,19968,0
Measurement_interval(ms):,250,1196,28888,50531,0,0,1,30311811423,20267,0
Measurement_interval(ms):,250,1200,28888,50531,0,0,1,30312061454,20567,0
Measurement_interval(ms):,250,1196,28888,50531,0,0,1,30312311453,20866,0
Measurement_interval(ms):,250,1200,28888,50531,0,0,1,30312561420,21166,0
Measurement_interval(ms):,250,1200,28888,50531,0,0,1,30312811447,21466,0
Measurement_interval(ms):,250,1200,28888,50531,0,0,1,30313061731,21766,0
Measurement_interval(ms):,250,1080,28888,50531,0,0,1,30313311437,22036,0
Measurement_interval(ms):,250,1200,28888,50531,0,0,1,30313561450,22336,0
Measurement_interval(ms):,250,1200,28888,50531,0,0,1,30313811421,22636,0
Measurement_interval(ms):,250,1200,28888,50531,0,0,1,30314061419,22936,0
Measurement_interval(ms):,250,1200,28888,50531,0,0,1,30314311449,23236,0
Measurement_interval(ms):,250,1200,28888,50531,0,0,1,30314561431,23536,0
Measurement_interval(ms):,250,1200,28888,50531,0,0,1,30314811456,23836,0
Measurement_interval(ms):,250,1200,28888,50531,0,0,1,30315061418,24136,0
Measurement_interval(ms):,250,1200,28888,50531,0,0,1,30315311438,24436,0
Measurement_interval(ms):,250,1200,28888,50531,0,0,1,30315561427,24736,0
Measurement_interval(ms):,250,1080,28888,50531,0,0,1,30315811436,25006,0
Measurement_interval(ms):,250,1200,28888,50531,0,0,1,30316061441,25306,0
Measurement_interval(ms):,250,1200,28888,50531,0,0,1,30316311417,25606,0
Measurement_interval(ms):,250,1200,28888,50531,0,0,1,30316561455,25906,0
Measurement_interval(ms):,250,1200,28888,50531,0,0,1,30316811421,26206,0
Measurement_interval(ms):,250,1200,28888,50531,0,0,1,30317061438,26506,0
Measurement_interval(ms):,250,1200,28888,50531,0,0,1,30317311426,26806,0
Measurement_interval(ms):,250,1200,28888,50531,0,0,1,30317561434,27106,0
Measurement_interval(ms):,250,1200,28888,50531,0,0,1,30317811438,27406,0
Measurement_interval(ms):,250,1200,28888,50531,0,0,1,30318061451,27706,0
Measurement_interval(ms):,250,1200,28888,50531,0,0,1,30318311413,28006,0
Measurement_interval(ms):,250,1080,28888,50531,0,0,1,30318561429,28276,0
Measurement_interval(ms):,250,1200,28888,50531,0,0,1,30318811422,28576,0
Measurement_interval(ms):,250,1200,28888,50531,0,0,1,30319061450,28876,0
Measurement_interval(ms):,250,1200,28888,50531,0,0,1,30319311428,29176,0
Measurement_interval(ms):,250,1200,28888,50531,0,0,1,30319561412,29476,0
Measurement_interval(ms):,250,1200,28888,50531,0,0,1,30319811437,29776,0
Measurement_interval(ms):,250,1200,28888,50531,0,0,1,30320061437,30076,0
Measurement_interval(ms):,250,1200,28888,50531,0,0,1,30320311421,30376,0
Measurement_interval(ms):,250,1200,28888,50531,0,0,1,30320561411,30676,0
Measurement_interval(ms):,250,1200,28888,50531,0,0,1,30320811438,30976,0
Measurement_interval(ms):,250,1200,28888,50531,0,0,1,30321061413,31276,0
Measurement_interval(ms):,250,1080,28888,50531,0,0,1,30321311438,31546,0
Measurement_interval(ms):,250,1200,28888,50531,0,0,1,30321561426,31846,0
Measurement_interval(ms):,250,1200,28888,50531,0,0,1,30321811411,32146,0
Measurement_interval(ms):,250,1200,28888,50531,0,0,1,30322061441,32446,0
Measurement_interval(ms):,250,1200,28888,50531,0,0,1,30322311428,32746,0
Measurement_interval(ms):,250,1200,28888,50531,0,0,1,30322561443,33046,0
Measurement_interval(ms):,250,1200,28888,50531,0,0,1,30322811422,33346,0
Measurement_interval(ms):,250,1200,28888,50531,0,0,1,30323061440,33646,0
Measurement_interval(ms):,250,1200,28888,50531,0,0,1,30323311441,33946,0
Measurement_interval(ms):,250,1200,28888,50531,0,0,1,30323561422,34246,0
Measurement_interval(ms):,250,1200,28888,50531,0,0,1,30323811432,34546,0
Measurement_interval(ms):,250,1200,28888,50531,0,0,1,30324061759,34846,0
Measurement_interval(ms):,250,1080,28888,50531,0,0,1,30324311435,35116,0
Measurement_interval(ms):,250,1200,28888,50531,0,0,1,30324561406,35416,0
Measurement_interval(ms):,250,1200,28888,50531,0,0,1,30324811433,35716,0
Measurement_interval(ms):,250,1200,28888,50531,0,0,1,30325061413,36016,0
Measurement_interval(ms):,250,1200,28438,50531,0,0,1,30325311439,36316,0
Measurement_interval(ms):,250,1200,28438,50531,0,0,1,30325561438,36616,0
Measurement_interval(ms):,250,1200,28438,50531,0,0,1,30325811410,36916,0
Measurement_interval(ms):,250,1200,28438,50531,0,0,1,30326061410,37216,0
Measurement_interval(ms):,250,1200,28438,50531,0,0,1,30326311446,37516,0
Measurement_interval(ms):,250,1200,28438,50531,0,0,1,30326561407,37816,0
Measurement_interval(ms):,250,1200,28438,50531,0,0,1,30326811445,38116,0
Measurement_interval(ms):,250,1080,28438,50531,0,0,1,30327061402,38386,0
Measurement_interval(ms):,250,1200,28438,50531,0,0,1,30327311427,38686,0
Measurement_interval(ms):,250,1200,28438,50531,0,0,1,30327561433,38986,0
Measurement_interval(ms):,250,1196,28438,50531,0,0,1,30327811435,39285,0
Measurement_interval(ms):,250,1196,28438,50531,0,0,1,30328061407,39584,0
Measurement_interval(ms):,250,1192,28438,50531,0,0,1,30328311418,39882,0
Measurement_interval(ms):,250,1184,28438,50531,0,0,1,30328561402,40178,0
Measurement_interval(ms):,250,1164,28438,50531,0,0,1,30328811427,40469,0
Measurement_interval(ms):,250,1144,28438,50531,0,0,1,30329061446,40755,0
Measurement_interval(ms):,250,1196,28438,50531,0,0,1,30329311425,41054,0
Measurement_interval(ms):,250,1232,28438,50531,0,0,1,30329561437,41362,0
Measurement_interval(ms):,250,1236,28438,50531,0,0,1,30329811437,41671,0
Measurement_interval(ms):,250,1168,28438,50531,0,0,1,30330061441,41963,0
Measurement_interval(ms):,250,1304,28438,50531,0,0,1,30330311416,42289,0
Measurement_interval(ms):,250,1144,28438,50531,0,0,1,30330561414,42575,0
Measurement_interval(ms):,250,1244,28438,50531,0,0,1,30330811423,42886,0
Measurement_interval(ms):,250,1248,28438,50531,0,0,1,30331061398,43198,0
Measurement_interval(ms):,250,1160,28438,50531,0,0,1,30331311436,43488,0
Measurement_interval(ms):,250,1292,28438,50531,0,0,1,30331561439,43811,0
Measurement_interval(ms):,250,1292,28438,50531,0,0,1,30331812011,44134,0
Measurement_interval(ms):,250,1224,28438,50531,0,0,1,30332061396,44440,0
Measurement_interval(ms):,250,1136,28438,50531,0,0,1,30332311409,44724,0
Measurement_interval(ms):,250,1272,28438,50531,0,0,1,30332561427,45042,0
Measurement_interval(ms):,250,1280,28438,50531,0,0,1,30332811430,45362,0
Measurement_interval(ms):,250,1216,28438,50531,0,0,1,30333061395,45666,0
Measurement_interval(ms):,250,1264,28438,50531,0,0,1,30333312121,45982,0
