Measurement_interval(ms):,250,1152,26324,56786,0,0,1,30656273935,3680,0
Measurement_interval(ms):,250,1152,26324,56786,0,0,1,30656523927,3968,0
Measurement_interval(ms):,250,1024,26324,56786,0,0,1,30656773912,4224,0
Measurement_interval(ms):,250,1152,26324,56786,0,0,1,30657023923,4512,0
Measurement_interval(ms):,250,1152,26324,56786,0,0,1,30657273911,4800,0
Measurement_interval(ms):,250,1152,26324,56786,0,0,1,30657523933,5088,0
Measurement_interval(ms):,250,1152,26324,56786,0,0,1,30657773956,5376,0
Measurement_interval(ms):,250,1152,26324,56786,0,0,1,30658023943,5664,0
Measurement_interval(ms):,250,1152,26324,56786,0,0,1,30658273917,5952,0
Measurement_interval(ms):,250,1152,26324,56786,0,0,1,30658523954,6240,0
Measurement_interval(ms):,250,1024,26324,56786,0,0,1,30658773952,6496,0
Measurement_interval(ms):,250,1152,26324,56786,0,0,1,30659023921,6784,0
Measurement_interval(ms):,250,1152,26324,56786,0,0,1,30659273954,7072,0
Measurement_interval(ms):,250,1152,26324,56786,0,0,1,30659523919,7360,0
Measurement_interval(ms):,250,1152,26324,56786,0,0,1,30659773912,7648,0
Measurement_interval(ms):,250,1152,26324,56786,0,0,1,30660023927,7936,0
Measurement_interval(ms):,250,1024,26324,56786,0,0,1,30660273926,8192,0
Measurement_interval(ms):,250,1152,26324,56786,0,0,1,30660523924,8480,0
Measurement_interval(ms):,250,1152,26324,56786,0,0,1,30660773923,8768,0
Measurement_interval(ms):,250,1152,26324,56786,0,0,1,30661023949,9056,0
Measurement_interval(ms):,250,1024,26324,56786,0,0,1,30661273918,9312,0
Measurement_interval(ms):,250,1152,26324,56786,0,0,1,30661523932,9600,0
Measurement_interval(ms):,250,1152,26324,56786,0,0,1,30661773921,9888,0
Measurement_interval(ms):,250,1152,26324,56786,0,0,1,30662023921,10176,0
Measurement_interval(ms):,250,1024,26324,56786,0,0,1,30662273943,10432,0
Measurement_interval(ms):,250,1152,26324,56786,0,0,1,30662523926,10720,0
Measurement_interval(ms):,250,1152,26324,56786,0,0,1,30662773914,11008,0
Measurement_interval(ms):,250,1152,26324,56786,0,0,1,30663023922,11296,0
Measurement_interval(ms):,250,1152,26324,56786,0,0,1,30663273954,11584,0
Measurement_interval(ms):,250,1152,26324,56786,0,0,1,30663524129,11872,0
Measurement_interval(ms):,250,1024,26324,56786,0,0,1,30663773951,12128,0
Measurement_interval(ms):,250,1152,26324,56786,0,0,1,30664023917,12416,0
Measurement_interval(ms):,250,1152,26324,56786,0,0,1,30664273929,12704,0
Measurement_interval(ms):,250,1152,26324,56786,0,0,1,30664523949,12992,0
Measurement_interval(ms):,250,1152,26324,56786,0,0,1,30664773917,13280,0
Measurement_interval(ms):,250,1152,26324,56786,0,0,1,30665023948,13568,0
Measurement_interval(ms):,250,1024,26324,56786,0,0,1,30665273943,13824,0
Measurement_interval(ms):,250,1152,26324,56786,0,0,1,30665523917,14112,0
Measurement_interval(ms):,250,1152,26324,56786,0,0,1,30665773918,14400,0
Measurement_interval(ms):,250,1152,26324,56786,0,0,1,30666023959,14688,0
Measurement_interval(ms):,250,1152,26324,56786,0,0,1,30666273956,14976,0
Measurement_interval(ms):,250,1152,26324,56786,0,0,1,30666523953,15264,0
Measurement_interval(ms):,250,1152,26324,56786,0,0,1,30666773954,15552,0
Measurement_interval(ms):,250,1024,26324,56786,0,0,1,30667023922,15808,0
Measurement_interval(ms):,250,1152,26324,56786,0,0,1,30667273940,16096,0
Measurement_interval(ms):,250,1152,26324,56786,0,0,1,30667523923,16384,0
Measurement_interval(ms):,250,1152,26324,56786,0,0,1,30667773933,16672,0
Measurement_interval(ms):,250,1152,26324,56786,0,0,1,30668023924,16960,0
Measurement_interval(ms):,250,1152,26324,56786,0,0,1,30668273938,17248,0
Measurement_interval(ms):,250,1152,26324,56786,0,0,1,30668523947,17536,0
Measurement_interval(ms):,250,1152,26324,56786,0,0,1,30668773953,17824,0
Measurement_interval(ms):,250,1024,26324,56786,0,0,1,30669023964,18080,0
Measurement_interval(ms):,250,1152,26324,56786,0,0,1,30669273946,18368,0
Measurement_interval(ms):,250,1152,26324,56786,0,0,1,30669523922,18656,0
Measurement_interval(ms):,250,1024,26324,56786,0,0,1,30669773921,18912,0
Measurement_interval(ms):,250,1152,26324,56786,0,0,1,30670023939,19200,0
Measurement_interval(ms):,250,1152,26324,56786,0,0,1,30670273949,19488,0
Measurement_interval(ms):,250,1152,26324,56786,0,0,1,30670523940,19776,0
Measurement_interval(ms):,250,1024,26324,56786,0,0,1,30670773953,20032,0
Measurement_interval(ms):,250,1152,26324,56786,0,0,1,30671023961,20320,0
Measurement_interval(ms):,250,1152,26324,56786,0,0,1,30671273969,20608,0
Measurement_interval(ms):,250,1152,26324,56786,0,0,1,30671523935,20896,0
Measurement_interval(ms):,250,1152,26324,56786,0,0,1,30671773958,21184,0
Measurement_interval(ms):,250,1024,26324,56786,0,0,1,30672023924,21440,0
Measurement_interval(ms):,250,1152,26324,56786,0,0,1,30672273941,21728,0
Measurement_interval(ms):,250,1152,26324,56786,0,0,1,30672523925,22016,0
Measurement_interval(ms):,250,1152,26324,56786,0,0,1,30672773952,22304,0
Measurement_interval(ms):,250,1152,26324,56786,0,0,1,30673023960,22592,0
Measurement_interval(ms):,250,1152,26324,56786,0,0,1,30673273956,22880,0
Measurement_interval(ms):,250,1024,26324,56786,0,0,1,30673523930,23136,0
Measurement_interval(ms):,250,1152,26324,56786,0,0,1,30673773943,23424,0
Measurement_interval(ms):,250,1152,26324,56786,0,0,1,30674023944,23712,0
Measurement_interval(ms):,250,1152,26324,56786,0,0,1,30674273953,24000,0
Measurement_interval(ms):,250,1024,26324,56786,0,0,1,30674523956,24256,0
Measurement_interval(ms):,250,1152,26324,56786,0,0,1,30674773945,24544,0
Measurement_interval(ms):,250,1152,26324,56786,0,0,1,30675023963,24832,0
Measurement_interval(ms):,250,1024,26324,56786,0,0,1,30675273967,25088,0
Measurement_interval(ms):,250,1152,26324,56786,0,0,1,30675523976,25376,0
Measurement_interval(ms):,250,1152,26324,56786,0,0,1,30675773937,25664,0
Measurement_interval(ms):,250,1152,26324,56786,0,0,1,30676023959,25952,0
Measurement_interval(ms):,250,1152,26324,56786,0,0,1,30676273942,26240,0
Measurement_interval(ms):,250,1152,26324,56786,0,0,1,30676523940,26528,0
Measurement_interval(ms):,250,1024,26324,56786,0,0,1,30676773972,26784,0
Measurement_interval(ms):,250,1152,26324,56786,0,0,1,30677023957,27072,0
Measurement_interval(ms):,250,1152,26324,56786,0,0,1,30677273954,27360,0
Measurement_interval(ms):,250,1152,26324,56786,0,0,1,30677523957,27648,0
Measurement_interval(ms):,250,1152,26324,56786,0,0,1,30677773937,27936,0
Measurement_interval(ms):,250,1024,26324,56786,0,0,1,30678023957,28192,0
Measurement_interval(ms):,250,1152,26324,56786,0,0,1,30678273931,28480,0
Measurement_interval(ms):,250,1152,26324,56786,0,0,1,30678523941,28768,0
Measurement_interval(ms):,250,1024,26324,56786,0,0,1,30678773955,29024,0
Measurement_interval(ms):,250,1152,26324,56786,0,0,1,30679023957,29312,0
Measurement_interval(ms):,250,1152,26324,56786,0,0,1,30679273975,29600,0
Measurement_interval(ms):,250,1024,26324,56786,0,0,1,30679523971,29856,0
Measurement_interval(ms):,250,1152,26324,56786,0,0,1,30679773941,30144,0
Measurement_interval(ms):,250,1152,26324,56786,0,0,1,30680023971,30432,0
Measurement_interval(ms):,250,1152,26324,56786,0,0,1,30680273949,30720,0
Measurement_interval(ms):,250,1152,26324,56786,0,0,1,30680523969,31008,0
Measurement_interval(ms):,250,1024,26324,56786,0,0,1,30680773963,31264,0
Measurement_interval(ms):,250,1152,26324,56786,0,0,1,30681023946,31552,0
Measurement_interval(ms):,250,1152,26324,56786,0,0,1,30681273978,31840,0
Measurement_interval(ms):,250,1152,26324,56786,0,0,1,30681523960,32128,0
Measurement_interval(ms):,250,1152,26324,56786,0,0,1,30681773937,32416,0
Measurement_interval(ms):,250,1152,26324,56786,0,0,1,30682023956,32704,0
Measurement_interval(ms):,250,1024,26324,56786,0,0,1,30682273981,32960,0
Measurement_interval(ms):,250,1152,26324,56786,0,0,1,30682523954,33248,0
Measurement_interval(ms):,250,1152,26324,56786,0,0,1,30682773934,33536,0
Measurement_interval(ms):,250,1152,26324,56786,0,0,1,30683023973,33824,0
Measurement_interval(ms):,250,1024,26324,56786,0,0,1,30683273982,34080,0
Measurement_interval(ms):,250,1152,26324,56786,0,0,1,30683523969,34368,0
Measurement_interval(ms):,250,1152,26324,56786,0,0,1,30683773963,34656,0
Measurement_interval(ms):,250,1152,26324,56786,0,0,1,30684023955,34944,0
Measurement_interval(ms):,250,1024,26324,56786,0,0,1,30684273954,35200,0
Measurement_interval(ms):,250,1152,26324,56786,0,0,1,30684523937,35488,0
Measurement_interval(ms):,250,1152,26324,56786,0,0,1,30684773963,35776,0
Measurement_interval(ms):,250,1152,26324,56786,0,0,1,30685023981,36064,0
Measurement_interval(ms):,250,1152,26324,56786,0,0,1,30685273976,36352,0
Measurement_interval(ms):,250,1152,26324,56786,0,0,1,30685523937,36640,0
Measurement_interval(ms):,250,1024,26324,56786,0,0,1,30685773956,36896,0
Measurement_interval(ms):,250,1152,26324,56786,0,0,1,30686023939,37184,0
Measurement_interval(ms):,250,1152,26324,56786,0,0,1,30686273954,37472,0
Measurement_interval(ms):,250,1152,26324,56786,0,0,1,30686523942,37760,0
Measurement_interval(ms):,250,1152,26324,56786,0,0,1,30686773967,38048,0
Measurement_interval(ms):,250,1152,26324,56786,0,0,1,30687023972,38336,0
Measurement_interval(ms):,250,1024,26324,56786,0,0,1,30687273939,38592,0
Measurement_interval(ms):,250,1152,26324,56786,0,0,1,30687523953,38880,0
Measurement_interval(ms):,250,1152,26324,56786,0,0,1,30687773977,39168,0
Measurement_interval(ms):,250,1152,26324,56786,0,0,1,30688023951,39456,0
