Measurement_interval(ms):,1000,0,0,0,0,0,1,150104856792
Measurement_interval(ms):,1000,0,0,0,0,0,1,150105156970
Measurement_interval(ms):,1000,0,0,0,0,0,1,150105156971
Measurement_interval(ms):,1000,0,0,0,0,0,1,150105156974
Measurement_interval(ms):,1000,0,0,0,0,0,1,150105156975
Measurement_interval(ms):,1000,429,0,0,0,0,1,150105782886
Measurement_interval(ms):,1000,692,0,0,0,0,1,150106782923
Measurement_interval(ms):,1000,704,28646,45482,0,0,1,150107782890
Measurement_interval(ms):,1000,684,28646,45482,0,0,1,150108782908
Measurement_interval(ms):,1000,704,28646,45482,0,0,1,150109782931
Measurement_interval(ms):,1000,704,28646,45482,0,0,1,150110782903
Measurement_interval(ms):,1000,704,28646,45482,0,0,1,150111782912
Measurement_interval(ms):,1000,692,28646,45482,0,0,1,150112782898
Measurement_interval(ms):,1000,704,28646,45482,0,0,1,150113782925
Measurement_interval(ms):,1000,684,28646,45482,0,0,1,150114782906
Measurement_interval(ms):,1000,704,28646,45482,0,0,1,150115782909
Measurement_interval(ms):,1000,704,28646,45482,0,0,1,150116782908
Measurement_interval(ms):,1000,692,28646,45482,0,0,1,150117782915
Measurement_interval(ms):,1000,704,28646,45482,0,0,1,150118782940
Measurement_interval(ms):,1000,684,28646,45482,0,0,1,150119782924
Measurement_interval(ms):,1000,704,28646,45482,0,0,1,150120782920
Measurement_interval(ms):,1000,704,28646,45482,0,0,1,150121782941
Measurement_interval(ms):,1000,704,28646,45482,0,0,1,150122782925
Measurement_interval(ms):,1000,692,28646,45482,0,0,1,150123782942
Measurement_interval(ms):,1000,704,28646,45482,0,0,1,150124782929
Measurement_interval(ms):,1000,684,28646,45482,0,0,1,150125782929
Measurement_interval(ms):,1000,704,28646,45482,0,0,1,150126782908
Measurement_interval(ms):,1000,704,28646,45482,0,0,1,150127782932
Measurement_interval(ms):,1000,692,28646,45482,0,0,1,150128782945
Measurement_interval(ms):,1000,704,28646,45482,0,0,1,150129782953
Measurement_interval(ms):,1000,684,28646,45482,0,0,1,150130782907
Measurement_interval(ms):,1000,704,28646,45482,0,0,1,150131782948
Measurement_interval(ms):,1000,704,28646,45482,0,0,1,150132782917
Measurement_interval(ms):,1000,704,28646,45482,0,0,1,150133782910
Measurement_interval(ms):,1000,692,28646,45482,0,0,1,150134782951
Measurement_interval(ms):,1000,704,28646,45482,0,0,1,150135782919
Measurement_interval(ms):,1000,684,28646,45482,0,0,1,150136782949
Measurement_interval(ms):,1000,704,28448,45482,0,0,1,150137782939
Measurement_interval(ms):,1000,704,28448,45482,0,0,1,150138782961
