Measurement_interval(ms):,1000,0,0,0,0,0,1,141119503223
Measurement_interval(ms):,1000,0,0,0,0,0,1,141129945426
Measurement_interval(ms):,1000,0,0,0,0,0,1,141129945428
Measurement_interval(ms):,1000,0,0,0,0,0,1,141129945431
Measurement_interval(ms):,1000,0,0,0,0,0,1,141129945432
Measurement_interval(ms):,1000,0,0,0,0,0,1,141129945434
Measurement_interval(ms):,1000,0,0,0,0,0,1,141129945435
Measurement_interval(ms):,1000,0,0,0,0,0,1,141129945436
Measurement_interval(ms):,1000,0,0,0,0,0,1,141129945437
Measurement_interval(ms):,1000,0,0,0,0,0,1,141129945479
Measurement_interval(ms):,1000,0,0,0,0,0,1,141129945480
Measurement_interval(ms):,1000,0,0,0,0,0,1,141129945482
Measurement_interval(ms):,1000,0,0,0,0,0,1,141129945483
Measurement_interval(ms):,1000,14,0,0,0,0,1,141130002661
Measurement_interval(ms):,1000,758,0,0,0,0,1,141131002664
Measurement_interval(ms):,1000,742,0,0,0,0,1,141132002667
Measurement_interval(ms):,1000,758,0,0,0,0,1,141133002665
Measurement_interval(ms):,1000,742,0,0,0,0,1,141134002683
Measurement_interval(ms):,1000,758,49628,79852,0,0,1,141135002682
Measurement_interval(ms):,1000,742,49628,79852,0,0,1,141136002639
Measurement_interval(ms):,1000,758,49628,79852,0,0,1,141137002645
Measurement_interval(ms):,1000,742,49628,79852,0,0,1,141138002669
Measurement_interval(ms):,1000,758,49628,79852,0,0,1,141139002646
Measurement_interval(ms):,1000,742,49628,79852,0,0,1,141140002685
Measurement_interval(ms):,1000,758,49628,79852,0,0,1,141141002642
Measurement_interval(ms):,1000,742,49628,79852,0,0,1,141142002665
Measurement_interval(ms):,1000,758,49283,79449,0,0,1,141143002644
Measurement_interval(ms):,1000,742,49283,79449,0,0,1,141144002648
Measurement_interval(ms):,1000,758,49283,79449,0,0,1,141145002673
Measurement_interval(ms):,1000,742,49283,79449,0,0,1,141146002681
Measurement_interval(ms):,1000,758,49283,79449,0,0,1,141147002639
Measurement_interval(ms):,1000,742,49283,79449,0,0,1,141148002657
Measurement_interval(ms):,1000,758,49283,79449,0,0,1,141149002645
Measurement_interval(ms):,1000,742,49283,79449,0,0,1,141150002674
Measurement_interval(ms):,1000,758,49283,79449,0,0,1,141151002633
Measurement_interval(ms):,1000,742,49283,79449,0,0,1,141152002682
Measurement_interval(ms):,1000,780,49283,79449,0,0,1,141153003028
Measurement_interval(ms):,1000,720,49283,79449,0,0,1,141154002665
Measurement_interval(ms):,1000,780,49283,79449,0,0,1,141155002675
Measurement_interval(ms):,1000,758,49283,79449,0,0,1,141156002668
Measurement_interval(ms):,1000,742,49283,79449,0,0,1,141157002667
Measurement_interval(ms):,1000,758,49283,79449,0,0,1,141158002634
Measurement_interval(ms):,1000,742,49283,79449,0,0,1,141159002658
Measurement_interval(ms):,1000,758,49283,79449,0,0,1,141160002683
Measurement_interval(ms):,1000,742,49283,79449,0,0,1,141161002648
Measurement_interval(ms):,1000,758,49283,79449,0,0,1,141162002664
Measurement_interval(ms):,1000,742,49283,79449,0,0,1,141163002648
Measurement_interval(ms):,1000,758,49283,79449,0,0,1,141164002641
Measurement_interval(ms):,1000,742,49283,79449,0,0,1,141165002651
Measurement_interval(ms):,1000,758,49283,79449,0,0,1,141166002681
