Measurement_interval(ms):,1000,0,0,0,0,0,1,66510262987
Measurement_interval(ms):,1000,0,0,0,0,0,1,66515302933
Measurement_interval(ms):,1000,0,0,0,0,0,1,66515302935
Measurement_interval(ms):,1000,0,0,0,0,0,1,66515302938
Measurement_interval(ms):,1000,0,0,0,0,0,1,66515302939
Measurement_interval(ms):,1000,0,0,0,0,0,1,66515302940
Measurement_interval(ms):,1000,0,0,0,0,0,1,66515302941
Measurement_interval(ms):,1000,0,0,0,0,0,1,66515302987
Measurement_interval(ms):,1000,188,0,0,0,0,1,66515787453
Measurement_interval(ms):,1000,412,10749,20983,0,0,1,66516787483
Measurement_interval(ms):,1000,412,10459,20755,0,0,1,66517787473
Measurement_interval(ms):,1000,408,9995,19843,0,0,1,66518787441
Measurement_interval(ms):,1000,412,9995,19501,0,0,1,66519787448
Measurement_interval(ms):,1000,412,9995,19501,0,0,1,66520787440
Measurement_interval(ms):,1000,408,9937,19501,0,0,1,66521787440
Measurement_interval(ms):,1000,412,9937,19387,0,0,1,66522787453
Measurement_interval(ms):,1000,412,9937,19387,0,0,1,66523787489
Measurement_interval(ms):,1000,412,9937,19387,0,0,1,66524787446
Measurement_interval(ms):,1000,408,9937,19387,0,0,1,66525787470
Measurement_interval(ms):,1000,412,9937,19387,0,0,1,66526787470
Measurement_interval(ms):,1000,412,9937,19387,0,0,1,66527787452
Measurement_interval(ms):,1000,408,9937,19387,0,0,1,66528787456
Measurement_interval(ms):,1000,412,9937,19387,0,0,1,66529787445
Measurement_interval(ms):,1000,412,9937,19387,0,0,1,66530787444
Measurement_interval(ms):,1000,408,9937,19387,0,0,1,66531787471
Measurement_interval(ms):,1000,412,9879,19387,0,0,1,66532787465
Measurement_interval(ms):,1000,412,9879,19273,0,0,1,66533787482
Measurement_interval(ms):,1000,408,9879,19273,0,0,1,66534787484
Measurement_interval(ms):,1000,412,9879,19273,0,0,1,66535787485
Measurement_interval(ms):,1000,412,9879,19273,0,0,1,66536787473
Measurement_interval(ms):,1000,412,9879,19273,0,0,1,66537787464
Measurement_interval(ms):,1000,408,9879,19273,0,0,1,66538787477
Measurement_interval(ms):,1000,412,9879,19273,0,0,1,66539787462
Measurement_interval(ms):,1000,412,9879,19273,0,0,1,66540787465
Measurement_interval(ms):,1000,408,9879,19273,0,0,1,66541787446
Measurement_interval(ms):,1000,408,9937,19387,0,0,1,66542787489
Measurement_interval(ms):,1000,412,9937,19387,0,0,1,66543787462
Measurement_interval(ms):,1000,412,9937,19387,0,0,1,66544787439
Measurement_interval(ms):,1000,408,9879,19387,0,0,1,66545787444
