Measurement_interval(ms):,1000,0,0,0,0,0,1,66436356213
Measurement_interval(ms):,1000,0,0,0,0,0,1,66442957646
Measurement_interval(ms):,1000,0,0,0,0,0,1,66442957649
Measurement_interval(ms):,1000,0,0,0,0,0,1,66442957652
Measurement_interval(ms):,1000,0,0,0,0,0,1,66442957653
Measurement_interval(ms):,1000,0,0,0,0,0,1,66442957654
Measurement_interval(ms):,1000,0,0,0,0,0,1,66442957655
Measurement_interval(ms):,1000,0,0,0,0,0,1,66442957751
Measurement_interval(ms):,1000,0,0,0,0,0,1,66442957752
Measurement_interval(ms):,1000,0,0,0,0,0,1,66442957754
Measurement_interval(ms):,1000,228,8633,16839,0,0,1,66443881897
Measurement_interval(ms):,1000,256,8633,16839,0,0,1,66444882111
Measurement_interval(ms):,1000,254,8633,16839,0,0,1,66445881903
Measurement_interval(ms):,1000,254,8633,16839,0,0,1,66446881876
Measurement_interval(ms):,1000,256,8633,16748,0,0,1,66447881882
Measurement_interval(ms):,1000,254,8633,16748,0,0,1,66448881891
Measurement_interval(ms):,1000,256,8633,16748,0,0,1,66449881919
Measurement_interval(ms):,1000,254,8633,16748,0,0,1,66450881919
Measurement_interval(ms):,1000,256,8633,16748,0,0,1,66451881907
Measurement_interval(ms):,1000,254,8633,16748,0,0,1,66452881889
Measurement_interval(ms):,1000,256,8633,16748,0,0,1,66453882114
Measurement_interval(ms):,1000,254,8541,16748,0,0,1,66454881869
Measurement_interval(ms):,1000,254,8265,16020,0,0,1,66455881878
Measurement_interval(ms):,1000,256,8127,15747,0,0,1,66456881901
Measurement_interval(ms):,1000,254,7989,15656,0,0,1,66457881917
Measurement_interval(ms):,1000,256,7989,15474,0,0,1,66458881877
Measurement_interval(ms):,1000,254,7989,15474,0,0,1,66459881889
Measurement_interval(ms):,1000,256,7989,15474,0,0,1,66460881899
Measurement_interval(ms):,1000,254,7989,15474,0,0,1,66461881879
Measurement_interval(ms):,1000,254,7989,15474,0,0,1,66462881913
Measurement_interval(ms):,1000,256,7989,15474,0,0,1,66463881907
Measurement_interval(ms):,1000,254,7989,15474,0,0,1,66464881911
Measurement_interval(ms):,1000,256,7989,15474,0,0,1,66465881887
Measurement_interval(ms):,1000,254,7989,15474,0,0,1,66466881885
Measurement_interval(ms):,1000,256,7989,15474,0,0,1,66467881894
Measurement_interval(ms):,1000,254,7989,15474,0,0,1,66468881911
Measurement_interval(ms):,1000,256,7989,15474,0,0,1,66469881871
Measurement_interval(ms):,1000,254,7989,15474,0,0,1,66470881903
Measurement_interval(ms):,1000,254,7989,15474,0,0,1,66471881877
Measurement_interval(ms):,1000,256,7989,15474,0,0,1,66472881903
Measurement_interval(ms):,1000,254,7989,15474,0,0,1,66473881890
Measurement_interval(ms):,1000,256,7989,15474,0,0,1,66474881911
Measurement_interval(ms):,1000,254,7989,15474,0,0,1,66475881917
