Measurement_interval(ms):,1000,0,0,0,0,0,1,66564939601
Measurement_interval(ms):,1000,0,0,0,0,0,1,66567722424
Measurement_interval(ms):,1000,0,0,0,0,0,1,66567722427
Measurement_interval(ms):,1000,0,0,0,0,0,1,66567722429
Measurement_interval(ms):,1000,0,0,0,0,0,1,66567722430
Measurement_interval(ms):,1000,0,0,0,0,0,1,66567722431
Measurement_interval(ms):,1000,0,0,0,0,0,1,66567722432
Measurement_interval(ms):,1000,0,0,0,0,0,1,66567722478
Measurement_interval(ms):,1000,0,0,0,0,0,1,66567722479
Measurement_interval(ms):,1000,512,0,0,0,0,1,66568688669
Measurement_interval(ms):,1000,560,18880,555961,0,0,1,66569688640
Measurement_interval(ms):,1000,560,18880,555961,0,0,1,66570688684
Measurement_interval(ms):,1000,560,17372,545197,0,0,1,66571688645
Measurement_interval(ms):,1000,552,15748,529051,0,0,1,66572688639
Measurement_interval(ms):,1000,560,15748,518287,0,0,1,66573688637
Measurement_interval(ms):,1000,560,15748,518287,0,0,1,66574688655
Measurement_interval(ms):,1000,560,15748,507523,0,0,1,66575688667
Measurement_interval(ms):,1000,560,15632,496759,0,0,1,66576688654
Measurement_interval(ms):,1000,560,15632,496759,0,0,1,66577688649
Measurement_interval(ms):,1000,552,14588,480613,0,0,1,66578688668
Measurement_interval(ms):,1000,560,14588,469849,0,0,1,66579688654
Measurement_interval(ms):,1000,560,14588,469849,0,0,1,66580688680
Measurement_interval(ms):,1000,560,14588,459085,0,0,1,66581688634
Measurement_interval(ms):,1000,560,14588,448321,0,0,1,66582689035
Measurement_interval(ms):,1000,552,14588,432175,0,0,1,66583688654
Measurement_interval(ms):,1000,560,14588,432175,0,0,1,66584688629
Measurement_interval(ms):,1000,560,14588,44671,0,0,1,66585688653
Measurement_interval(ms):,1000,560,14472,39289,0,0,1,66586688654
Measurement_interval(ms):,1000,560,14472,39289,0,0,1,66587688639
Measurement_interval(ms):,1000,560,14472,39289,0,0,1,66588688654
Measurement_interval(ms):,1000,552,14472,39289,0,0,1,66589688666
Measurement_interval(ms):,1000,560,14472,39289,0,0,1,66590688667
Measurement_interval(ms):,1000,560,14472,33907,0,0,1,66591688666
Measurement_interval(ms):,1000,560,14472,33907,0,0,1,66592688657
Measurement_interval(ms):,1000,560,14472,33907,0,0,1,66593688640
Measurement_interval(ms):,1000,560,14472,33907,0,0,1,66594688635
Measurement_interval(ms):,1000,552,14472,33907,0,0,1,66595688635
Measurement_interval(ms):,1000,560,14472,33907,0,0,1,66596688654
