Measurement_interval(ms):,1000,0,0,0,0,0,1,153763565034
Measurement_interval(ms):,1000,0,0,0,0,0,1,153769337018
Measurement_interval(ms):,1000,0,0,0,0,0,1,153769337019
Measurement_interval(ms):,1000,0,0,0,0,0,1,153769337022
Measurement_interval(ms):,1000,0,0,0,0,0,1,153769337023
Measurement_interval(ms):,1000,0,0,0,0,0,1,153769337024
Measurement_interval(ms):,1000,0,0,0,0,0,1,153769337025
Measurement_interval(ms):,1000,0,0,0,0,0,1,153769337072
Measurement_interval(ms):,1000,0,0,0,0,0,1,153769337073
Measurement_interval(ms):,1000,465,0,0,34,2,1,153770093470
Measurement_interval(ms):,1000,630,0,0,42,0,1,153771093455
Measurement_interval(ms):,1000,645,23658,47015,43,0,1,153772093478
Measurement_interval(ms):,1000,630,23658,47015,42,0,1,153773093467
Measurement_interval(ms):,1000,645,23658,47015,43,0,1,153774093464
Measurement_interval(ms):,1000,630,23658,46778,42,0,1,153775093449
Measurement_interval(ms):,1000,630,23658,46778,42,0,1,153776093490
Measurement_interval(ms):,1000,645,23538,46778,43,0,1,153777093475
Measurement_interval(ms):,1000,630,23538,46778,42,0,1,153778093450
Measurement_interval(ms):,1000,645,23538,46778,43,0,1,153779093483
Measurement_interval(ms):,1000,630,23538,46778,42,0,1,153780093473
Measurement_interval(ms):,1000,645,23538,46778,43,0,1,153781093445
Measurement_interval(ms):,1000,630,23538,46778,42,0,1,153782093479
Measurement_interval(ms):,1000,645,23538,46778,43,0,1,153783093444
Measurement_interval(ms):,1000,630,23538,46778,42,0,1,153784093474
Measurement_interval(ms):,1000,645,23538,46778,43,0,1,153785093481
Measurement_interval(ms):,1000,630,23538,46778,42,0,1,153786093481
Measurement_interval(ms):,1000,645,23538,46778,43,0,1,153787093447
Measurement_interval(ms):,1000,630,23538,46778,42,0,1,153788093466
Measurement_interval(ms):,1000,645,23538,46778,43,0,1,153789093468
Measurement_interval(ms):,1000,630,23538,46778,42,0,1,153790093482
Measurement_interval(ms):,1000,630,23538,46778,42,0,1,153791093491
Measurement_interval(ms):,1000,645,23538,46778,43,0,1,153792093496
Measurement_interval(ms):,1000,630,23538,46778,42,0,1,153793093459
Measurement_interval(ms):,1000,645,23538,46778,43,0,1,153794093490
Measurement_interval(ms):,1000,630,23538,46778,42,0,1,153795093473
Measurement_interval(ms):,1000,645,23538,46778,43,0,1,153796093451
Measurement_interval(ms):,1000,630,23538,46778,42,0,1,153797093469
Measurement_interval(ms):,1000,645,23538,46778,43,0,1,153798093486
Measurement_interval(ms):,1000,630,23538,46778,42,0,1,153799093456
Measurement_interval(ms):,1000,645,23538,46778,43,0,1,153800093468
Measurement_interval(ms):,1000,630,23538,46778,42,0,1,153801093489
Measurement_interval(ms):,1000,645,23538,46778,43,0,1,153802093471
