Measurement_interval(ms):,1000,0,0,0,0,0,1,66615257095
Measurement_interval(ms):,1000,0,0,0,0,0,1,66620648472
Measurement_interval(ms):,1000,0,0,0,0,0,1,66620648473
Measurement_interval(ms):,1000,0,0,0,0,0,1,66620648476
Measurement_interval(ms):,1000,0,0,0,0,0,1,66620648476
Measurement_interval(ms):,1000,0,0,0,0,0,1,66620648478
Measurement_interval(ms):,1000,0,0,0,0,0,1,66620648479
Measurement_interval(ms):,1000,0,0,0,0,0,1,66620648525
Measurement_interval(ms):,1000,0,0,0,0,0,1,66620648526
Measurement_interval(ms):,1000,0,0,0,0,0,1,66620666164
Measurement_interval(ms):,1000,656,0,0,0,0,1,66621666182
Measurement_interval(ms):,1000,640,0,0,0,0,1,66622666155
Measurement_interval(ms):,1000,656,24488,48576,0,0,1,66623666153
Measurement_interval(ms):,1000,656,24488,48576,0,0,1,66624666147
Measurement_interval(ms):,1000,656,24488,48576,0,0,1,66625666187
Measurement_interval(ms):,1000,656,24488,48576,0,0,1,66626666171
Measurement_interval(ms):,1000,640,24488,48576,0,0,1,66627666171
Measurement_interval(ms):,1000,656,24488,48576,0,0,1,66628666153
Measurement_interval(ms):,1000,656,24488,48576,0,0,1,66629666183
Measurement_interval(ms):,1000,656,24488,48576,0,0,1,66630666132
Measurement_interval(ms):,1000,640,24488,48576,0,0,1,66631666139
Measurement_interval(ms):,1000,656,24488,48576,0,0,1,66632666142
Measurement_interval(ms):,1000,656,24488,48576,0,0,1,66633666180
Measurement_interval(ms):,1000,656,24488,48576,0,0,1,66634666153
Measurement_interval(ms):,1000,656,24488,48576,0,0,1,66635666127
Measurement_interval(ms):,1000,656,24488,48576,0,0,1,66636666128
Measurement_interval(ms):,1000,656,24488,48576,0,0,1,66637666153
Measurement_interval(ms):,1000,656,24488,48576,0,0,1,66638666144
Measurement_interval(ms):,1000,656,24488,48576,0,0,1,66639666154
Measurement_interval(ms):,1000,656,24488,48576,0,0,1,66640666131
Measurement_interval(ms):,1000,656,24488,48576,0,0,1,66641666133
Measurement_interval(ms):,1000,656,24488,48576,0,0,1,66642666159
Measurement_interval(ms):,1000,656,24488,48576,0,0,1,66643666126
Measurement_interval(ms):,1000,656,24488,48576,0,0,1,66644666125
Measurement_interval(ms):,1000,656,24488,48576,0,0,1,66645666144
Measurement_interval(ms):,1000,656,24488,48576,0,0,1,66646666141
Measurement_interval(ms):,1000,672,24488,48576,0,0,1,66647666927
Measurement_interval(ms):,1000,656,24488,48576,0,0,1,66648666783
Measurement_interval(ms):,1000,656,24488,48576,0,0,1,66649666285
Measurement_interval(ms):,1000,656,24488,48576,0,0,1,66650666138
Measurement_interval(ms):,1000,656,24488,48576,0,0,1,66651666123
Measurement_interval(ms):,1000,656,24488,48576,0,0,1,66652666111
Measurement_interval(ms):,1000,640,24488,48576,0,0,1,66653666146
