Measurement_interval(ms):,1000,0,0,0,0,0,1,164552094666
Measurement_interval(ms):,1000,0,0,0,0,0,1,164557062478
Measurement_interval(ms):,1000,0,0,0,0,0,1,164557062480
Measurement_interval(ms):,1000,0,0,0,0,0,1,164557062483
Measurement_interval(ms):,1000,0,0,0,0,0,1,164557062484
Measurement_interval(ms):,1000,0,0,0,0,0,1,164557062485
Measurement_interval(ms):,1000,0,0,0,0,0,1,164557062486
Measurement_interval(ms):,1000,0,0,0,0,0,1,164557062487
Measurement_interval(ms):,1000,0,0,0,0,0,1,164557062488
Measurement_interval(ms):,1000,0,0,0,0,0,1,164557062532
Measurement_interval(ms):,1000,0,0,0,0,0,1,164557062533
Measurement_interval(ms):,1000,0,0,0,0,0,1,164557062535
Measurement_interval(ms):,1000,0,0,0,0,0,1,164557062536
Measurement_interval(ms):,1000,0,0,0,0,0,1,164557098119
Measurement_interval(ms):,1000,29,0,0,0,0,1,164558098153
Measurement_interval(ms):,1000,29,0,0,0,0,1,164559098214
Measurement_interval(ms):,1000,28,0,0,0,0,1,164560098138
Measurement_interval(ms):,1000,29,35219,69481,0,0,1,164561098124
Measurement_interval(ms):,1000,29,35219,69481,0,0,1,164562098135
Measurement_interval(ms):,1000,29,35219,69481,0,0,1,164563098131
Measurement_interval(ms):,1000,29,35219,69481,0,0,1,164564098122
Measurement_interval(ms):,1000,29,35043,69481,0,0,1,164565098128
Measurement_interval(ms):,1000,29,35043,69481,0,0,1,164566098123
Measurement_interval(ms):,1000,29,35043,69481,0,0,1,164567098154
Measurement_interval(ms):,1000,28,35043,69481,0,0,1,164568098135
Measurement_interval(ms):,1000,29,35043,69481,0,0,1,164569098114
Measurement_interval(ms):,1000,29,35043,69481,0,0,1,164570098129
Measurement_interval(ms):,1000,29,35043,69481,0,0,1,164571098141
Measurement_interval(ms):,1000,29,34867,69132,0,0,1,164572098143
Measurement_interval(ms):,1000,29,34867,69132,0,0,1,164573098143
Measurement_interval(ms):,1000,29,34867,69132,0,0,1,164574098133
Measurement_interval(ms):,1000,29,34867,69132,0,0,1,164575098105
Measurement_interval(ms):,1000,29,34867,69132,0,0,1,164576098153
Measurement_interval(ms):,1000,29,34867,69132,0,0,1,164577098145
Measurement_interval(ms):,1000,29,34867,69132,0,0,1,164578098123
Measurement_interval(ms):,1000,29,34867,69132,0,0,1,164579098104
Measurement_interval(ms):,1000,29,34867,69132,0,0,1,164580098106
Measurement_interval(ms):,1000,29,34867,69132,0,0,1,164581098105
Measurement_interval(ms):,1000,28,34867,69132,0,0,1,164582098152
Measurement_interval(ms):,1000,29,34867,69132,0,0,1,164583098114
Measurement_interval(ms):,1000,29,34867,69132,0,0,1,164584098104
Measurement_interval(ms):,1000,29,34867,69132,0,0,1,164585098116
Measurement_interval(ms):,1000,29,34867,69132,0,0,1,164586098105
Measurement_interval(ms):,1000,29,34867,69132,0,0,1,164587098104
Measurement_interval(ms):,1000,29,34867,69132,0,0,1,164588098141
Measurement_interval(ms):,1000,29,34867,69132,0,0,1,164589098116
Measurement_interval(ms):,1000,29,34867,69132,0,0,1,164590098123
Measurement_interval(ms):,1000,29,34867,69132,0,0,1,164591098125
Measurement_interval(ms):,1000,29,34867,69132,0,0,1,164592098133
