Measurement_interval(ms):,1000,0,0,0,0,0,1,564772202006
Measurement_interval(ms):,1000,0,0,0,0,0,1,564779465941
Measurement_interval(ms):,1000,0,0,0,0,0,1,564779465943
Measurement_interval(ms):,1000,0,0,0,0,0,1,564779465946
Measurement_interval(ms):,1000,0,0,0,0,0,1,564779465946
Measurement_interval(ms):,1000,0,0,0,0,0,1,564779465948
Measurement_interval(ms):,1000,0,0,0,0,0,1,564779465949
Measurement_interval(ms):,1000,0,0,0,0,0,1,564779465950
Measurement_interval(ms):,1000,0,0,0,0,0,1,564779465951
Measurement_interval(ms):,1000,0,0,0,0,0,1,564779465997
Measurement_interval(ms):,1000,0,0,0,0,0,1,564779465998
Measurement_interval(ms):,1000,0,0,0,0,0,1,564779466000
Measurement_interval(ms):,1000,0,0,0,0,0,1,564781077260
Measurement_interval(ms):,1000,0,0,0,0,0,1,564781077263
Measurement_interval(ms):,1000,120,0,0,0,0,1,564781813159
Measurement_interval(ms):,1000,376,0,0,0,0,1,564782813190
Measurement_interval(ms):,1000,384,21163,41736,0,0,1,564783813161
Measurement_interval(ms):,1000,376,21163,41736,0,0,1,564784813201
Measurement_interval(ms):,1000,384,21163,41736,0,0,1,564785813184
Measurement_interval(ms):,1000,376,21163,41736,0,0,1,564786813203
Measurement_interval(ms):,1000,376,21163,41736,0,0,1,564787813207
Measurement_interval(ms):,1000,384,21163,41736,0,0,1,564788813208
Measurement_interval(ms):,1000,376,21163,41736,0,0,1,564789813163
Measurement_interval(ms):,1000,384,21163,41736,0,0,1,564790813178
Measurement_interval(ms):,1000,376,21163,41736,0,0,1,564791813207
Measurement_interval(ms):,1000,376,21163,41736,0,0,1,564792813200
Measurement_interval(ms):,1000,384,21163,41736,0,0,1,564793813192
Measurement_interval(ms):,1000,376,21163,41736,0,0,1,564794813168
Measurement_interval(ms):,1000,384,21163,41736,0,0,1,564795813204
Measurement_interval(ms):,1000,376,21163,41736,0,0,1,564796813193
Measurement_interval(ms):,1000,376,21163,41736,0,0,1,564797813174
Measurement_interval(ms):,1000,384,21163,41736,0,0,1,564798813163
Measurement_interval(ms):,1000,376,21163,41736,0,0,1,564799813186
Measurement_interval(ms):,1000,384,21163,41736,0,0,1,564800813199
Measurement_interval(ms):,1000,376,21163,41736,0,0,1,564801813185
Measurement_interval(ms):,1000,384,21163,41736,0,0,1,564802813824
Measurement_interval(ms):,1000,376,21163,41736,0,0,1,564803813204
Measurement_interval(ms):,1000,376,21163,41736,0,0,1,564804813209
Measurement_interval(ms):,1000,384,21163,41736,0,0,1,564805813205
Measurement_interval(ms):,1000,376,21163,41736,0,0,1,564806813166
Measurement_interval(ms):,1000,384,21163,41736,0,0,1,564807813197
Measurement_interval(ms):,1000,376,21163,41736,0,0,1,564808813176
Measurement_interval(ms):,1000,376,21163,41736,0,0,1,564809813179
Measurement_interval(ms):,1000,384,21163,41736,0,0,1,564810813197
Measurement_interval(ms):,1000,376,21163,41736,0,0,1,564811813186
Measurement_interval(ms):,1000,384,21163,41736,0,0,1,564812813184
Measurement_interval(ms):,1000,376,21163,41736,0,0,1,564813813207
Measurement_interval(ms):,1000,376,21163,41736,0,0,1,564814813197
Measurement_interval(ms):,1000,384,21163,41736,0,0,1,564815813212
Measurement_interval(ms):,1000,376,21163,41736,0,0,1,564816813172
