Measurement_interval(ms):,1000,0,0,0,0,0,1,565567610993
Measurement_interval(ms):,1000,0,0,0,0,0,1,565571732341
Measurement_interval(ms):,1000,0,0,0,0,0,1,565571732342
Measurement_interval(ms):,1000,0,0,0,0,0,1,565571732346
Measurement_interval(ms):,1000,0,0,0,0,0,1,565571732346
Measurement_interval(ms):,1000,0,0,0,0,0,1,565571732348
Measurement_interval(ms):,1000,0,0,0,0,0,1,565571732348
Measurement_interval(ms):,1000,0,0,0,0,0,1,565573385187
Measurement_interval(ms):,1000,16,0,0,0,0,1,565574007212
Measurement_interval(ms):,1000,288,0,0,0,0,1,565574616521
Measurement_interval(ms):,1000,480,0,0,0,0,1,565575616538
Measurement_interval(ms):,1000,464,0,0,0,0,1,565576616511
Measurement_interval(ms):,1000,480,0,0,0,0,1,565577616517
Measurement_interval(ms):,1000,464,33791,67141,0,0,1,565578616503
Measurement_interval(ms):,1000,480,33791,67141,0,0,1,565579616529
Measurement_interval(ms):,1000,464,33791,67141,0,0,1,565580616503
Measurement_interval(ms):,1000,480,33791,67141,0,0,1,565581616537
Measurement_interval(ms):,1000,464,33791,67141,0,0,1,565582616541
Measurement_interval(ms):,1000,480,33791,67141,0,0,1,565583616510
Measurement_interval(ms):,1000,464,33791,67141,0,0,1,565584616549
Measurement_interval(ms):,1000,480,33791,67141,0,0,1,565585616540
Measurement_interval(ms):,1000,464,33791,67141,0,0,1,565586616526
Measurement_interval(ms):,1000,480,33791,67141,0,0,1,565587616547
Measurement_interval(ms):,1000,464,33791,67141,0,0,1,565588616502
Measurement_interval(ms):,1000,480,33791,67141,0,0,1,565589616526
Measurement_interval(ms):,1000,464,33791,67141,0,0,1,565590616500
Measurement_interval(ms):,1000,480,33791,67141,0,0,1,565591616520
Measurement_interval(ms):,1000,464,33791,67141,0,0,1,565592616533
Measurement_interval(ms):,1000,480,33791,67141,0,0,1,565593616543
Measurement_interval(ms):,1000,464,33791,67141,0,0,1,565594616499
Measurement_interval(ms):,1000,480,33791,67141,0,0,1,565595616522
Measurement_interval(ms):,1000,464,33791,67141,0,0,1,565596616525
Measurement_interval(ms):,1000,480,33791,67141,0,0,1,565597616519
Measurement_interval(ms):,1000,464,33791,67141,0,0,1,565598616502
Measurement_interval(ms):,1000,480,33791,67141,0,0,1,565599616510
Measurement_interval(ms):,1000,464,33791,67141,0,0,1,565600616536
Measurement_interval(ms):,1000,480,33791,67141,0,0,1,565601616512
Measurement_interval(ms):,1000,464,33791,67141,0,0,1,565602616521
Measurement_interval(ms):,1000,480,33791,67141,0,0,1,565603616503
Measurement_interval(ms):,1000,464,33791,67141,0,0,1,565604616498
Measurement_interval(ms):,1000,480,33791,67141,0,0,1,565605616498
Measurement_interval(ms):,1000,464,33791,67141,0,0,1,565606616509
Measurement_interval(ms):,1000,480,33791,67141,0,0,1,565607616497
Measurement_interval(ms):,1000,464,33791,67141,0,0,1,565608616508
Measurement_interval(ms):,1000,480,33791,67141,0,0,1,565609616521
Measurement_interval(ms):,1000,464,33791,67141,0,0,1,565610616498
Measurement_interval(ms):,1000,480,33791,67141,0,0,1,565611616503
