Measurement_interval(ms):,1000,0,0,0,0,0,1,499057679793
Measurement_interval(ms):,1000,0,0,0,0,0,1,499063097703
Measurement_interval(ms):,1000,0,0,0,0,0,1,499063097705
Measurement_interval(ms):,1000,0,0,0,0,0,1,499063097708
Measurement_interval(ms):,1000,0,0,0,0,0,1,499063097709
Measurement_interval(ms):,1000,0,0,0,0,0,1,499063097711
Measurement_interval(ms):,1000,0,0,0,0,0,1,499063097711
Measurement_interval(ms):,1000,0,0,0,0,0,1,499063097712
Measurement_interval(ms):,1000,0,0,0,0,0,1,499064682477
Measurement_interval(ms):,1000,0,0,0,0,0,1,499064682481
Measurement_interval(ms):,1000,130,4234,11609,0,0,1,499065543720
Measurement_interval(ms):,1000,240,4234,7961,0,0,1,499066543731
Measurement_interval(ms):,1000,240,4234,7961,0,0,1,499067543729
Measurement_interval(ms):,1000,240,4234,7961,0,0,1,499068543713
Measurement_interval(ms):,1000,239,4234,7961,0,0,1,499069543712
Measurement_interval(ms):,1000,240,4234,7961,0,0,1,499070543699
Measurement_interval(ms):,1000,240,4234,7961,0,0,1,499071543693
Measurement_interval(ms):,1000,240,4234,7961,0,0,1,499072543711
Measurement_interval(ms):,1000,240,4234,7961,0,0,1,499073544069
Measurement_interval(ms):,1000,239,4234,7961,0,0,1,499074543689
Measurement_interval(ms):,1000,240,4234,7961,0,0,1,499075543684
Measurement_interval(ms):,1000,240,4234,7961,0,0,1,499076543694
Measurement_interval(ms):,1000,239,4234,7961,0,0,1,499077543697
Measurement_interval(ms):,1000,240,4234,7961,0,0,1,499078543681
Measurement_interval(ms):,1000,239,4234,7961,0,0,1,499079543719
Measurement_interval(ms):,1000,240,4234,7961,0,0,1,499080543683
Measurement_interval(ms):,1000,240,4234,7961,0,0,1,499081543705
Measurement_interval(ms):,1000,240,4234,7961,0,0,1,499082543690
Measurement_interval(ms):,1000,239,4234,7961,0,0,1,499083543700
Measurement_interval(ms):,1000,240,4234,7961,0,0,1,499084543694
Measurement_interval(ms):,1000,240,4234,7961,0,0,1,499085543714
Measurement_interval(ms):,1000,240,4234,7961,0,0,1,499086543952
Measurement_interval(ms):,1000,239,4234,7961,0,0,1,499087543717
Measurement_interval(ms):,1000,240,4234,7961,0,0,1,499088543717
Measurement_interval(ms):,1000,240,4234,7961,0,0,1,499089543709
Measurement_interval(ms):,1000,239,4234,7961,0,0,1,499090543697
Measurement_interval(ms):,1000,240,4234,7961,0,0,1,499091543702
Measurement_interval(ms):,1000,240,4234,7961,0,0,1,499092543856
Measurement_interval(ms):,1000,239,4234,7961,0,0,1,499093543693
Measurement_interval(ms):,1000,240,4234,7961,0,0,1,499094543705
Measurement_interval(ms):,1000,240,4234,7961,0,0,1,499095543676
Measurement_interval(ms):,1000,239,4234,7961,0,0,1,499096543694
Measurement_interval(ms):,1000,240,4234,7961,0,0,1,499097543695
Measurement_interval(ms):,1000,240,4234,7961,0,0,1,499098543695
Measurement_interval(ms):,1000,239,4234,7961,0,0,1,499099543708
