Measurement_interval(ms):,1000,0,0,0,0,0,1,500831993958
Measurement_interval(ms):,1000,0,0,0,0,0,1,500836009353
Measurement_interval(ms):,1000,0,0,0,0,0,1,500836009354
Measurement_interval(ms):,1000,0,0,0,0,0,1,500836009357
Measurement_interval(ms):,1000,0,0,0,0,0,1,500836009358
Measurement_interval(ms):,1000,0,0,0,0,0,1,500837604720
Measurement_interval(ms):,1000,4,0,0,0,0,1,500837973316
Measurement_interval(ms):,1000,296,0,0,0,0,1,500838961691
Measurement_interval(ms):,1000,296,13587,26092,0,0,1,500839961721
Measurement_interval(ms):,1000,296,13587,26092,0,0,1,500840961731
Measurement_interval(ms):,1000,296,13587,26092,0,0,1,500841961695
Measurement_interval(ms):,1000,300,13587,26092,0,0,1,500842961690
Measurement_interval(ms):,1000,296,13587,26092,0,0,1,500843961871
Measurement_interval(ms):,1000,300,13587,26092,0,0,1,500844962038
Measurement_interval(ms):,1000,296,13587,26092,0,0,1,500845961700
Measurement_interval(ms):,1000,300,13587,26092,0,0,1,500846961717
Measurement_interval(ms):,1000,296,13587,26092,0,0,1,500847961733
Measurement_interval(ms):,1000,296,13587,26092,0,0,1,500848961688
Measurement_interval(ms):,1000,300,13587,26092,0,0,1,500849961906
Measurement_interval(ms):,1000,296,13587,26092,0,0,1,500850962055
Measurement_interval(ms):,1000,300,13587,26092,0,0,1,500851961688
Measurement_interval(ms):,1000,296,13587,26092,0,0,1,500852961687
Measurement_interval(ms):,1000,296,13587,26092,0,0,1,500853961729
Measurement_interval(ms):,1000,300,13587,26092,0,0,1,500854961713
Measurement_interval(ms):,1000,296,13587,26092,0,0,1,500855961867
Measurement_interval(ms):,1000,296,13587,26092,0,0,1,500856962040
Measurement_interval(ms):,1000,296,13587,26092,0,0,1,500857961688
Measurement_interval(ms):,1000,300,13587,26092,0,0,1,500858961708
Measurement_interval(ms):,1000,296,13587,26092,0,0,1,500859961699
Measurement_interval(ms):,1000,300,13587,26092,0,0,1,500860961700
Measurement_interval(ms):,1000,296,13587,26092,0,0,1,500861961876
Measurement_interval(ms):,1000,300,13587,26092,0,0,1,500862962077
Measurement_interval(ms):,1000,296,13587,26092,0,0,1,500863961718
Measurement_interval(ms):,1000,300,13587,26092,0,0,1,500864961952
Measurement_interval(ms):,1000,296,13587,26092,0,0,1,500865961726
Measurement_interval(ms):,1000,296,13587,26092,0,0,1,500866961692
Measurement_interval(ms):,1000,300,13587,26092,0,0,1,500867961882
Measurement_interval(ms):,1000,296,13587,26092,0,0,1,500868962052
