Measurement_interval(ms):,1000,0,0,0,0,0,1,566419342250
Measurement_interval(ms):,1000,0,0,0,0,0,1,566424541661
Measurement_interval(ms):,1000,0,0,0,0,0,1,566424541663
Measurement_interval(ms):,1000,0,0,0,0,0,1,566424541665
Measurement_interval(ms):,1000,0,0,0,0,0,1,566424541666
Measurement_interval(ms):,1000,0,0,0,0,0,1,566424541667
Measurement_interval(ms):,1000,0,0,0,0,0,1,566424541668
Measurement_interval(ms):,1000,0,0,0,0,0,1,566424541716
Measurement_interval(ms):,1000,0,0,0,0,0,1,566424541717
Measurement_interval(ms):,1000,0,0,0,0,0,1,566426236196
Measurement_interval(ms):,1000,0,0,0,0,0,1,566426236200
Measurement_interval(ms):,1000,32,0,0,0,0,1,566427150201
Measurement_interval(ms):,1000,384,0,0,0,0,1,566427864593
Measurement_interval(ms):,1000,480,0,0,0,0,1,566428864619
Measurement_interval(ms):,1000,512,0,0,0,0,1,566429864586
Measurement_interval(ms):,1000,512,0,0,0,0,1,566430864586
Measurement_interval(ms):,1000,480,0,0,0,0,1,566431864590
Measurement_interval(ms):,1000,512,0,0,0,0,1,566432864601
Measurement_interval(ms):,1000,512,0,0,0,0,1,566433864612
Measurement_interval(ms):,1000,512,62996,126306,0,0,1,566434864626
Measurement_interval(ms):,1000,480,62996,126306,0,0,1,566435864614
Measurement_interval(ms):,1000,512,62996,126306,0,0,1,566436864584
Measurement_interval(ms):,1000,480,62996,126306,0,0,1,566437864607
Measurement_interval(ms):,1000,512,62996,126306,0,0,1,566438864600
Measurement_interval(ms):,1000,512,62996,126306,0,0,1,566439864599
Measurement_interval(ms):,1000,512,62996,129451,0,0,1,566440864583
Measurement_interval(ms):,1000,480,62996,129451,0,0,1,566441864599
Measurement_interval(ms):,1000,512,62996,129451,0,0,1,566442864628
Measurement_interval(ms):,1000,512,62996,129451,0,0,1,566443864618
Measurement_interval(ms):,1000,480,62996,129451,0,0,1,566444864612
Measurement_interval(ms):,1000,512,62996,129451,0,0,1,566445864619
Measurement_interval(ms):,1000,512,62996,126306,0,0,1,566446864590
Measurement_interval(ms):,1000,512,62996,126306,0,0,1,566447864617
Measurement_interval(ms):,1000,480,62996,126306,0,0,1,566448864622
Measurement_interval(ms):,1000,512,62996,126306,0,0,1,566449864624
Measurement_interval(ms):,1000,512,62996,126306,0,0,1,566450864614
Measurement_interval(ms):,1000,480,62996,126306,0,0,1,566451864622
Measurement_interval(ms):,1000,512,62996,126306,0,0,1,566452864601
Measurement_interval(ms):,1000,512,62996,126306,0,0,1,566453864603
Measurement_interval(ms):,1000,512,62996,126306,0,0,1,566454864599
Measurement_interval(ms):,1000,480,62996,126306,0,0,1,566455864591
Measurement_interval(ms):,1000,512,62996,126306,0,0,1,566456864596
Measurement_interval(ms):,1000,512,62996,126306,0,0,1,566457864621
Measurement_interval(ms):,1000,480,62996,126306,0,0,1,566458864579
