Measurement_interval(ms):,1000,0,0,0,0,0,1,149796512654
Measurement_interval(ms):,1000,0,0,0,0,0,1,149799580108
Measurement_interval(ms):,1000,0,0,0,0,0,1,149799580109
Measurement_interval(ms):,1000,0,0,0,0,0,1,149799580112
Measurement_interval(ms):,1000,0,0,0,0,0,1,149799580112
Measurement_interval(ms):,1000,0,0,0,0,0,1,149799580114
Measurement_interval(ms):,1000,481,0,0,0,0,1,149800028942
Measurement_interval(ms):,1000,1133,0,0,0,0,1,149801028922
Measurement_interval(ms):,1000,1139,17358,29821,0,0,1,149802028915
Measurement_interval(ms):,1000,1133,16218,29021,0,0,1,149803028904
Measurement_interval(ms):,1000,1139,16218,27901,0,0,1,149804028940
Measurement_interval(ms):,1000,1133,16218,27901,0,0,1,149805028923
Measurement_interval(ms):,1000,1139,16218,27901,0,0,1,149806028899
Measurement_interval(ms):,1000,1133,16104,27901,0,0,1,149807028919
Measurement_interval(ms):,1000,1139,16104,27901,0,0,1,149808028936
Measurement_interval(ms):,1000,1133,16104,27741,0,0,1,149809028905
Measurement_interval(ms):,1000,1139,16104,27741,0,0,1,149810028895
Measurement_interval(ms):,1000,1133,16104,27741,0,0,1,149811028941
Measurement_interval(ms):,1000,1139,16104,27741,0,0,1,149812028940
Measurement_interval(ms):,1000,1133,16104,27741,0,0,1,149813028932
Measurement_interval(ms):,1000,1139,16104,27741,0,0,1,149814028903
Measurement_interval(ms):,1000,1133,16104,27741,0,0,1,149815028919
Measurement_interval(ms):,1000,1139,16104,27741,0,0,1,149816028899
Measurement_interval(ms):,1000,1133,16104,27741,0,0,1,149817028905
Measurement_interval(ms):,1000,1139,16104,27741,0,0,1,149818028940
Measurement_interval(ms):,1000,1133,16104,27741,0,0,1,149819028913
Measurement_interval(ms):,1000,1139,16104,27741,0,0,1,149820028902
Measurement_interval(ms):,1000,1133,16104,27741,0,0,1,149821028894
Measurement_interval(ms):,1000,1139,16104,27741,0,0,1,149822028889
Measurement_interval(ms):,1000,1133,16104,27741,0,0,1,149823028925
Measurement_interval(ms):,1000,1139,16104,27741,0,0,1,149824028892
Measurement_interval(ms):,1000,1133,16104,27741,0,0,1,149825028887
Measurement_interval(ms):,1000,1139,16104,27741,0,0,1,149826028896
Measurement_interval(ms):,1000,1133,16104,27741,0,0,1,149827028933
Measurement_interval(ms):,1000,1139,16104,27741,0,0,1,149828028908
Measurement_interval(ms):,1000,1133,16104,27741,0,0,1,149829028908
Measurement_interval(ms):,1000,1139,16104,27741,0,0,1,149830028929
Measurement_interval(ms):,1000,1133,16104,27741,0,0,1,149831028887
Measurement_interval(ms):,1000,1139,16104,27741,0,0,1,149832028909
Measurement_interval(ms):,1000,1133,16104,27741,0,0,1,149833028919
Measurement_interval(ms):,1000,1139,16104,27741,0,0,1,149834028924
