Measurement_interval(ms):,1000,0,0,0,0,0,1,140719111911
Measurement_interval(ms):,1000,0,0,0,0,0,1,140725935281
Measurement_interval(ms):,1000,0,0,0,0,0,1,140725935284
Measurement_interval(ms):,1000,0,0,0,0,0,1,140725935286
Measurement_interval(ms):,1000,0,0,0,0,0,1,140725935287
Measurement_interval(ms):,1000,0,0,0,0,0,1,140725935289
Measurement_interval(ms):,1000,0,0,0,0,0,1,140725935290
Measurement_interval(ms):,1000,0,0,0,0,0,1,140725935291
Measurement_interval(ms):,1000,0,0,0,0,0,1,140725935292
Measurement_interval(ms):,1000,0,0,0,0,0,1,140725935334
Measurement_interval(ms):,1000,818,0,0,0,0,1,140726630729
Measurement_interval(ms):,1000,1260,0,0,0,0,1,140727630742
Measurement_interval(ms):,1000,1296,28541,47194,0,0,1,140728631158
Measurement_interval(ms):,1000,1260,28541,47194,0,0,1,140729630744
Measurement_interval(ms):,1000,1260,28541,47194,0,0,1,140730630740
Measurement_interval(ms):,1000,1260,28541,46956,0,0,1,140731630761
Measurement_interval(ms):,1000,1260,28541,46956,0,0,1,140732630772
Measurement_interval(ms):,1000,1260,28541,47194,0,0,1,140733630742
Measurement_interval(ms):,1000,1260,28541,47194,0,0,1,140734630739
Measurement_interval(ms):,1000,1260,28541,47194,0,0,1,140735630755
Measurement_interval(ms):,1000,1260,28541,47194,0,0,1,140736630743
Measurement_interval(ms):,1000,1260,28541,47194,0,0,1,140737630733
Measurement_interval(ms):,1000,1260,28541,47194,0,0,1,140738630767
Measurement_interval(ms):,1000,1260,28541,47194,0,0,1,140739630735
Measurement_interval(ms):,1000,1260,28541,46956,0,0,1,140740630756
Measurement_interval(ms):,1000,1260,28541,46956,0,0,1,140741630771
Measurement_interval(ms):,1000,1260,28541,46956,0,0,1,140742630770
Measurement_interval(ms):,1000,1260,28541,46956,0,0,1,140743630789
Measurement_interval(ms):,1000,1260,28541,46956,0,0,1,140744630783
Measurement_interval(ms):,1000,1260,28541,46956,0,0,1,140745630764
Measurement_interval(ms):,1000,1260,28541,46956,0,0,1,140746630753
Measurement_interval(ms):,1000,1284,28541,46956,0,0,1,140747631443
Measurement_interval(ms):,1000,1260,28541,46956,0,0,1,140748630741
Measurement_interval(ms):,1000,1260,28541,46956,0,0,1,140749630770
Measurement_interval(ms):,1000,1260,28541,46956,0,0,1,140750630743
Measurement_interval(ms):,1000,1260,28541,46956,0,0,1,140751630758
Measurement_interval(ms):,1000,1260,28541,46956,0,0,1,140752630762
Measurement_interval(ms):,1000,1260,28541,46956,0,0,1,140753630778
Measurement_interval(ms):,1000,1260,28541,46956,0,0,1,140754630796
Measurement_interval(ms):,1000,1296,28541,46956,0,0,1,140755631448
Measurement_interval(ms):,1000,1260,28541,46956,0,0,1,140756630766
Measurement_interval(ms):,1000,1260,28541,46956,0,0,1,140757630776
Measurement_interval(ms):,1000,1260,28541,46956,0,0,1,140758630760
Measurement_interval(ms):,1000,1260,28541,46956,0,0,1,140759630785
