Measurement_interval(ms):,1000,0,0,0,0,0,1,62192657906
Measurement_interval(ms):,1000,0,0,0,0,0,1,62198104699
Measurement_interval(ms):,1000,0,0,0,0,0,1,62198104702
Measurement_interval(ms):,1000,0,0,0,0,0,1,62198104705
Measurement_interval(ms):,1000,0,0,0,0,0,1,62198104706
Measurement_interval(ms):,1000,0,0,0,0,0,1,62198104707
Measurement_interval(ms):,1000,0,0,0,0,0,1,62198104708
Measurement_interval(ms):,1000,0,0,0,0,0,1,62198104748
Measurement_interval(ms):,1000,64,0,0,0,0,1,62198182025
Measurement_interval(ms):,1000,1120,0,0,0,0,1,62199182021
Measurement_interval(ms):,1000,1152,0,0,0,0,1,62200181995
Measurement_interval(ms):,1000,1152,0,0,0,0,1,62201181992
Measurement_interval(ms):,1000,1152,26520,54031,0,0,1,62202182034
Measurement_interval(ms):,1000,1120,26520,54031,0,0,1,62203182037
Measurement_interval(ms):,1000,1152,26118,54031,0,0,1,62204182039
Measurement_interval(ms):,1000,1152,26118,54031,0,0,1,62205182041
Measurement_interval(ms):,1000,1120,26118,54031,0,0,1,62206182011
Measurement_interval(ms):,1000,1152,26118,53760,0,0,1,62207182028
Measurement_interval(ms):,1000,1152,26118,53760,0,0,1,62208181994
Measurement_interval(ms):,1000,1120,26118,53760,0,0,1,62209182003
Measurement_interval(ms):,1000,1152,26386,54031,0,0,1,62210182045
Measurement_interval(ms):,1000,1152,26386,54031,0,0,1,62211182039
Measurement_interval(ms):,1000,1120,26386,54031,0,0,1,62212181998
Measurement_interval(ms):,1000,1152,26386,54031,0,0,1,62213182013
Measurement_interval(ms):,1000,1120,26386,54031,0,0,1,62214182041
Measurement_interval(ms):,1000,1152,26386,54031,0,0,1,62215182040
Measurement_interval(ms):,1000,1152,26252,54031,0,0,1,62216182049
Measurement_interval(ms):,1000,1120,26252,54031,0,0,1,62217182046
Measurement_interval(ms):,1000,1152,26252,54031,0,0,1,62218182046
Measurement_interval(ms):,1000,1152,26252,54031,0,0,1,62219182266
Measurement_interval(ms):,1000,1120,26252,54031,0,0,1,62220182040
Measurement_interval(ms):,1000,1152,26252,54031,0,0,1,62221182023
Measurement_interval(ms):,1000,1120,26252,54031,0,0,1,62222182036
Measurement_interval(ms):,1000,1152,26252,54031,0,0,1,62223182020
Measurement_interval(ms):,1000,1152,26252,54031,0,0,1,62224182033
Measurement_interval(ms):,1000,1120,26252,54031,0,0,1,62225182044
Measurement_interval(ms):,1000,1152,26252,54031,0,0,1,62226182007
Measurement_interval(ms):,1000,1152,26252,54031,0,0,1,62227182024
Measurement_interval(ms):,1000,288,26252,54031,0,0,1,62228320856
