Measurement_interval(ms):,1000,0,0,0,0,0,1,154105422398
Measurement_interval(ms):,1000,0,0,0,0,0,1,154110369271
Measurement_interval(ms):,1000,0,0,0,0,0,1,154110369272
Measurement_interval(ms):,1000,0,0,0,0,0,1,154110369276
Measurement_interval(ms):,1000,0,0,0,0,0,1,154110369276
Measurement_interval(ms):,1000,0,0,0,0,0,1,154110369278
Measurement_interval(ms):,1000,0,0,0,0,0,1,154110369278
Measurement_interval(ms):,1000,0,0,0,0,0,1,154110369325
Measurement_interval(ms):,1000,611,0,0,40,0,1,154110942444
Measurement_interval(ms):,1000,1099,0,0,69,0,1,154111942401
Measurement_interval(ms):,1000,1120,17449,28392,70,0,1,154112942428
Measurement_interval(ms):,1000,1109,17449,28392,69,0,1,154113942412
Measurement_interval(ms):,1000,1099,17449,28392,69,0,1,154114942413
Measurement_interval(ms):,1000,1109,17449,28392,69,0,1,154115942405
Measurement_interval(ms):,1000,1099,17449,28535,69,0,1,154116942444
Measurement_interval(ms):,1000,1109,17449,28535,69,0,1,154117942437
Measurement_interval(ms):,1000,1099,17449,28535,69,0,1,154118942426
Measurement_interval(ms):,1000,1109,17449,28535,69,0,1,154119942401
Measurement_interval(ms):,1000,1099,17449,28535,69,0,1,154120942435
Measurement_interval(ms):,1000,1120,17449,28535,70,0,1,154121942442
Measurement_interval(ms):,1000,1088,17449,28535,68,0,1,154122942394
Measurement_interval(ms):,1000,1120,17449,28535,70,0,1,154123942397
Measurement_interval(ms):,1000,1109,17449,28535,69,0,1,154124942496
Measurement_interval(ms):,1000,1099,17449,28535,69,0,1,154125942426
Measurement_interval(ms):,1000,1109,17449,28535,69,0,1,154126942430
Measurement_interval(ms):,1000,1099,17449,28535,69,0,1,154127942410
Measurement_interval(ms):,1000,1109,17449,28535,69,0,1,154128942399
Measurement_interval(ms):,1000,1099,17449,28535,69,0,1,154129942419
Measurement_interval(ms):,1000,1109,17449,28535,69,0,1,154130942425
Measurement_interval(ms):,1000,1099,17449,28535,69,0,1,154131942426
Measurement_interval(ms):,1000,1109,17449,28535,69,0,1,154132942408
Measurement_interval(ms):,1000,1099,17449,28535,69,0,1,154133942435
Measurement_interval(ms):,1000,1109,17449,28535,69,0,1,154134942438
Measurement_interval(ms):,1000,1099,17449,28535,69,0,1,154135942419
Measurement_interval(ms):,1000,1120,17449,28535,70,0,1,154136942435
Measurement_interval(ms):,1000,1088,17449,28535,68,0,1,154137942401
Measurement_interval(ms):,1000,1120,17449,28535,70,0,1,154138942440
Measurement_interval(ms):,1000,1109,17449,28535,69,0,1,154139942408
Measurement_interval(ms):,1000,1099,17449,28535,69,0,1,154140942403
Measurement_interval(ms):,1000,1109,17449,28535,69,0,1,154141942398
Measurement_interval(ms):,1000,1099,17449,28535,69,0,1,154142942396
Measurement_interval(ms):,1000,1109,17449,28535,69,0,1,154143942406
