Measurement_interval(ms):,1000,0,0,0,0,0,1,62120945950
Measurement_interval(ms):,1000,0,0,0,0,0,1,62127055727
Measurement_interval(ms):,1000,0,0,0,0,0,1,62127055730
Measurement_interval(ms):,1000,0,0,0,0,0,1,62127055733
Measurement_interval(ms):,1000,0,0,0,0,0,1,62127055734
Measurement_interval(ms):,1000,0,0,0,0,0,1,62127055735
Measurement_interval(ms):,1000,0,0,0,0,0,1,62127055736
Measurement_interval(ms):,1000,0,0,0,0,0,1,62127055779
Measurement_interval(ms):,1000,0,0,0,0,0,1,62127055780
Measurement_interval(ms):,1000,416,0,0,0,0,1,62127457828
Measurement_interval(ms):,1000,1072,0,0,0,0,1,62128457859
Measurement_interval(ms):,1000,1088,14694,29108,0,0,1,62129458321
Measurement_interval(ms):,1000,1072,14768,29254,0,0,1,62130457840
Measurement_interval(ms):,1000,1072,14768,29254,0,0,1,62131457835
Measurement_interval(ms):,1000,1088,14768,29254,0,0,1,62132457857
Measurement_interval(ms):,1000,1088,14768,29254,0,0,1,62133458230
Measurement_interval(ms):,1000,1072,14768,29254,0,0,1,62134457825
Measurement_interval(ms):,1000,1088,14768,29254,0,0,1,62135458247
Measurement_interval(ms):,1000,1072,14768,29254,0,0,1,62136457856
Measurement_interval(ms):,1000,1072,14768,29254,0,0,1,62137457851
Measurement_interval(ms):,1000,1088,14768,29108,0,0,1,62138457840
Measurement_interval(ms):,1000,1072,14768,29108,0,0,1,62139457829
Measurement_interval(ms):,1000,1088,14768,29108,0,0,1,62140457856
Measurement_interval(ms):,1000,1072,14768,29254,0,0,1,62141457830
Measurement_interval(ms):,1000,1088,14768,29254,0,0,1,62142457816
Measurement_interval(ms):,1000,1072,14768,29254,0,0,1,62143457832
Measurement_interval(ms):,1000,1088,14768,29254,0,0,1,62144457839
Measurement_interval(ms):,1000,1072,14768,29108,0,0,1,62145457843
Measurement_interval(ms):,1000,1088,14768,29108,0,0,1,62146457837
Measurement_interval(ms):,1000,1072,14768,29108,0,0,1,62147457842
Measurement_interval(ms):,1000,1088,14694,29108,0,0,1,62148457845
Measurement_interval(ms):,1000,1072,14694,29108,0,0,1,62149457812
Measurement_interval(ms):,1000,1088,14694,29108,0,0,1,62150457849
Measurement_interval(ms):,1000,1072,14694,29108,0,0,1,62151457813
Measurement_interval(ms):,1000,1088,14694,29108,0,0,1,62152457811
Measurement_interval(ms):,1000,1072,14694,29108,0,0,1,62153457817
Measurement_interval(ms):,1000,1088,14694,29108,0,0,1,62154457853
Measurement_interval(ms):,1000,1072,14694,29108,0,0,1,62155457835
Measurement_interval(ms):,1000,1088,14694,29108,0,0,1,62156457856
Measurement_interval(ms):,1000,1072,14768,29108,0,0,1,62157457809
Measurement_interval(ms):,1000,1088,14694,29108,0,0,1,62158457847
Measurement_interval(ms):,1000,1072,14694,29108,0,0,1,62159457848
Measurement_interval(ms):,1000,496,14694,29108,0,0,1,62160777657
