Measurement_interval(ms):,1000,0,0,0,0,0,1,160009875470
Measurement_interval(ms):,1000,0,0,0,0,0,1,160022104930
Measurement_interval(ms):,1000,0,0,0,0,0,1,160022104931
Measurement_interval(ms):,1000,0,0,0,0,0,1,160022104934
Measurement_interval(ms):,1000,0,0,0,0,0,1,160022104935
Measurement_interval(ms):,1000,0,0,0,0,0,1,160022104938
Measurement_interval(ms):,1000,0,0,0,0,0,1,160022104939
Measurement_interval(ms):,1000,0,0,0,0,0,1,160022104983
Measurement_interval(ms):,1000,0,0,0,0,0,1,160022104984
Measurement_interval(ms):,1000,0,0,0,0,0,1,160022104986
Measurement_interval(ms):,1000,0,0,0,0,0,1,160022104987
Measurement_interval(ms):,1000,0,0,0,0,0,1,160022104989
Measurement_interval(ms):,1000,0,0,0,0,0,1,160022104989
Measurement_interval(ms):,1000,0,0,0,0,0,1,160022104991
Measurement_interval(ms):,1000,0,0,0,0,0,1,160022104991
Measurement_interval(ms):,1000,0,0,0,0,0,1,160022105038
Measurement_interval(ms):,1000,0,0,0,0,0,1,160022105039
Measurement_interval(ms):,1000,0,0,0,0,0,1,160022105041
Measurement_interval(ms):,1000,0,0,0,0,0,1,160022105042
Measurement_interval(ms):,1000,0,0,0,0,0,1,160022105044
Measurement_interval(ms):,1000,0,0,0,0,0,1,160022105045
Measurement_interval(ms):,1000,104,0,0,0,0,1,160022873142
Measurement_interval(ms):,1000,144,0,0,0,0,1,160023873112
Measurement_interval(ms):,1000,152,0,0,0,0,1,160024873134
Measurement_interval(ms):,1000,144,0,0,0,0,1,160025873144
Measurement_interval(ms):,1000,144,0,0,0,0,1,160026873109
Measurement_interval(ms):,1000,144,0,0,0,0,1,160027873141
Measurement_interval(ms):,1000,152,54930,109368,0,0,1,160028873122
Measurement_interval(ms):,1000,144,54930,109368,0,0,1,160029873154
Measurement_interval(ms):,1000,144,54930,109368,0,0,1,160030873120
Measurement_interval(ms):,1000,152,54930,109368,0,0,1,160031873142
Measurement_interval(ms):,1000,144,54930,109368,0,0,1,160032873103
Measurement_interval(ms):,1000,144,54930,109368,0,0,1,160033873136
Measurement_interval(ms):,1000,144,54930,109368,0,0,1,160034873121
Measurement_interval(ms):,1000,152,54930,109368,0,0,1,160035873119
Measurement_interval(ms):,1000,144,54930,109368,0,0,1,160036873139
Measurement_interval(ms):,1000,144,54930,109368,0,0,1,160037873114
Measurement_interval(ms):,1000,152,54930,109368,0,0,1,160038873109
Measurement_interval(ms):,1000,144,54930,109368,0,0,1,160039873101
Measurement_interval(ms):,1000,144,54930,109368,0,0,1,160040873136
Measurement_interval(ms):,1000,144,54930,109368,0,0,1,160041873146
Measurement_interval(ms):,1000,152,54930,109368,0,0,1,160042873138
Measurement_interval(ms):,1000,144,54930,109368,0,0,1,160043873112
Measurement_interval(ms):,1000,144,54930,109368,0,0,1,160044873125
Measurement_interval(ms):,1000,144,54930,109368,0,0,1,160045873130
Measurement_interval(ms):,1000,152,54930,109368,0,0,1,160046873136
Measurement_interval(ms):,1000,144,54930,109368,0,0,1,160047873136
Measurement_interval(ms):,1000,144,54930,109368,0,0,1,160048873131
Measurement_interval(ms):,1000,152,54930,109368,0,0,1,160049873118
Measurement_interval(ms):,1000,144,54930,109368,0,0,1,160050873146
Measurement_interval(ms):,1000,144,54930,109368,0,0,1,160051873120
Measurement_interval(ms):,1000,144,54930,109368,0,0,1,160052873106
Measurement_interval(ms):,1000,152,54930,109368,0,0,1,160053873102
Measurement_interval(ms):,1000,144,54930,109368,0,0,1,160054873123
Measurement_interval(ms):,1000,144,54930,109368,0,0,1,160055873136
Measurement_interval(ms):,1000,152,54930,109368,0,0,1,160056873126
Measurement_interval(ms):,1000,144,54930,109368,0,0,1,160057873142
Measurement_interval(ms):,1000,144,54930,109368,0,0,1,160058873125
Measurement_interval(ms):,1000,144,54930,109368,0,0,1,160059873128
