Measurement_interval(ms):,1000,0,0,0,0,0,1,159911157275
Measurement_interval(ms):,1000,0,0,0,0,0,1,159914745547
Measurement_interval(ms):,1000,0,0,0,0,0,1,159914745548
Measurement_interval(ms):,1000,0,0,0,0,0,1,159914745551
Measurement_interval(ms):,1000,0,0,0,0,0,1,159914745552
Measurement_interval(ms):,1000,0,0,0,0,0,1,159914745553
Measurement_interval(ms):,1000,0,0,0,0,0,1,159914745554
Measurement_interval(ms):,1000,0,0,0,0,0,1,159914745601
Measurement_interval(ms):,1000,0,0,0,0,0,1,159914745602
Measurement_interval(ms):,1000,0,0,0,0,0,1,159914745604
Measurement_interval(ms):,1000,0,0,0,0,0,1,159914745605
Measurement_interval(ms):,1000,0,0,0,0,0,1,159914745606
Measurement_interval(ms):,1000,36,0,0,0,0,1,159915153594
Measurement_interval(ms):,1000,88,0,0,0,0,1,159916153604
Measurement_interval(ms):,1000,88,0,0,0,0,1,159917153577
Measurement_interval(ms):,1000,92,0,0,0,0,1,159918153586
Measurement_interval(ms):,1000,88,0,0,0,0,1,159919153561
Measurement_interval(ms):,1000,88,45167,89294,0,0,1,159920153587
Measurement_interval(ms):,1000,92,45167,89294,0,0,1,159921153577
Measurement_interval(ms):,1000,88,45167,89294,0,0,1,159922153595
Measurement_interval(ms):,1000,88,45167,89294,0,0,1,159923153576
Measurement_interval(ms):,1000,92,45167,89294,0,0,1,159924153603
Measurement_interval(ms):,1000,88,45167,89294,0,0,1,159925153589
Measurement_interval(ms):,1000,92,45167,89294,0,0,1,159926153579
Measurement_interval(ms):,1000,88,45167,89294,0,0,1,159927153556
Measurement_interval(ms):,1000,88,45167,89294,0,0,1,159928153575
Measurement_interval(ms):,1000,92,44942,89294,0,0,1,159929153586
Measurement_interval(ms):,1000,88,44942,89294,0,0,1,159930153577
Measurement_interval(ms):,1000,88,44942,89294,0,0,1,159931153570
Measurement_interval(ms):,1000,92,44942,89294,0,0,1,159932153570
Measurement_interval(ms):,1000,88,45167,89294,0,0,1,159933153557
Measurement_interval(ms):,1000,92,45167,89294,0,0,1,159934153555
Measurement_interval(ms):,1000,88,45167,89294,0,0,1,159935153593
Measurement_interval(ms):,1000,88,45167,89294,0,0,1,159936153544
Measurement_interval(ms):,1000,92,45167,89294,0,0,1,159937153582
Measurement_interval(ms):,1000,88,45167,89294,0,0,1,159938153574
Measurement_interval(ms):,1000,92,45167,89294,0,0,1,159939153591
Measurement_interval(ms):,1000,88,45167,89294,0,0,1,159940153559
Measurement_interval(ms):,1000,88,45167,89294,0,0,1,159941153574
Measurement_interval(ms):,1000,92,45167,89294,0,0,1,159942153576
Measurement_interval(ms):,1000,88,45167,89294,0,0,1,159943153575
Measurement_interval(ms):,1000,92,45167,89294,0,0,1,159944153566
Measurement_interval(ms):,1000,88,45167,89294,0,0,1,159945153561
Measurement_interval(ms):,1000,88,45167,89294,0,0,1,159946153554
Measurement_interval(ms):,1000,92,44942,89294,0,0,1,159947153562
Measurement_interval(ms):,1000,88,44942,89294,0,0,1,159948153577
Measurement_interval(ms):,1000,92,44942,89294,0,0,1,159949153540
Measurement_interval(ms):,1000,88,44942,89294,0,0,1,159950153533
Measurement_interval(ms):,1000,88,44942,89294,0,0,1,159951153542
