Measurement_interval(ms):,1000,0,0,0,0,0,1,160302034998
Measurement_interval(ms):,1000,0,0,0,0,0,1,160306758367
Measurement_interval(ms):,1000,0,0,0,0,0,1,160306758369
Measurement_interval(ms):,1000,0,0,0,0,0,1,160306758372
Measurement_interval(ms):,1000,0,0,0,0,0,1,160306758373
Measurement_interval(ms):,1000,0,0,0,0,0,1,160306758375
Measurement_interval(ms):,1000,0,0,0,0,0,1,160306758376
Measurement_interval(ms):,1000,0,0,0,0,0,1,160306758378
Measurement_interval(ms):,1000,0,0,0,0,0,1,160306758379
Measurement_interval(ms):,1000,0,0,0,0,0,1,160306758381
Measurement_interval(ms):,1000,0,0,0,0,0,1,160306758382
Measurement_interval(ms):,1000,0,0,0,0,0,1,160306758383
Measurement_interval(ms):,1000,0,0,0,0,0,1,160306758384
Measurement_interval(ms):,1000,64,0,0,0,0,1,160307028354
Measurement_interval(ms):,1000,256,0,0,0,0,1,160308028374
Measurement_interval(ms):,1000,288,0,0,0,0,1,160309028368
Measurement_interval(ms):,1000,288,0,0,0,0,1,160310028330
Measurement_interval(ms):,1000,288,0,0,0,0,1,160311028371
Measurement_interval(ms):,1000,288,0,0,0,0,1,160312028338
Measurement_interval(ms):,1000,288,0,0,0,0,1,160313028346
Measurement_interval(ms):,1000,288,0,0,0,0,1,160314028344
Measurement_interval(ms):,1000,288,0,0,0,0,1,160315028376
Measurement_interval(ms):,1000,288,0,0,0,0,1,160316028341
Measurement_interval(ms):,1000,256,0,0,0,0,1,160317028346
Measurement_interval(ms):,1000,288,0,0,0,0,1,160318028344
Measurement_interval(ms):,1000,288,0,0,0,0,1,160319028339
Measurement_interval(ms):,1000,288,111484,224322,0,0,1,160320028347
Measurement_interval(ms):,1000,288,111484,224322,0,0,1,160321028328
Measurement_interval(ms):,1000,288,111484,224322,0,0,1,160322028368
Measurement_interval(ms):,1000,288,111484,224322,0,0,1,160323028355
Measurement_interval(ms):,1000,288,111484,224322,0,0,1,160324028338
Measurement_interval(ms):,1000,288,111484,224322,0,0,1,160325028368
Measurement_interval(ms):,1000,288,111484,224322,0,0,1,160326028343
Measurement_interval(ms):,1000,256,111484,224322,0,0,1,160327028370
Measurement_interval(ms):,1000,288,111484,224322,0,0,1,160328028353
Measurement_interval(ms):,1000,288,111484,224322,0,0,1,160329028377
Measurement_interval(ms):,1000,288,111484,224322,0,0,1,160330028345
Measurement_interval(ms):,1000,288,111484,224322,0,0,1,160331028338
Measurement_interval(ms):,1000,288,111484,224322,0,0,1,160332028337
Measurement_interval(ms):,1000,288,111484,224322,0,0,1,160333028370
Measurement_interval(ms):,1000,288,111484,224322,0,0,1,160334028371
Measurement_interval(ms):,1000,288,111484,224322,0,0,1,160335028342
Measurement_interval(ms):,1000,288,111484,224322,0,0,1,160336028370
Measurement_interval(ms):,1000,288,111484,224322,0,0,1,160337028361
Measurement_interval(ms):,1000,256,111484,224322,0,0,1,160338028328
Measurement_interval(ms):,1000,288,111484,224322,0,0,1,160339028362
Measurement_interval(ms):,1000,288,111484,224322,0,0,1,160340028335
Measurement_interval(ms):,1000,288,111484,224322,0,0,1,160341028337
Measurement_interval(ms):,1000,288,111484,224322,0,0,1,160342028371
Measurement_interval(ms):,1000,288,111484,224322,0,0,1,160343028355
