Measurement_interval(ms):,1000,0,0,0,0,0,1,160168085435
Measurement_interval(ms):,1000,0,0,0,0,0,1,160178368380
Measurement_interval(ms):,1000,0,0,0,0,0,1,160178368383
Measurement_interval(ms):,1000,0,0,0,0,0,1,160178368386
Measurement_interval(ms):,1000,0,0,0,0,0,1,160178368387
Measurement_interval(ms):,1000,0,0,0,0,0,1,160178368388
Measurement_interval(ms):,1000,0,0,0,0,0,1,160178368389
Measurement_interval(ms):,1000,0,0,0,0,0,1,160178368432
Measurement_interval(ms):,1000,0,0,0,0,0,1,160178368433
Measurement_interval(ms):,1000,0,0,0,0,0,1,160178368435
Measurement_interval(ms):,1000,0,0,0,0,0,1,160178368436
Measurement_interval(ms):,1000,0,0,0,0,0,1,160178368438
Measurement_interval(ms):,1000,0,0,0,0,0,1,160178368439
Measurement_interval(ms):,1000,0,0,0,0,0,1,160178368440
Measurement_interval(ms):,1000,0,0,0,0,0,1,160178368441
Measurement_interval(ms):,1000,0,0,0,0,0,1,160178368487
Measurement_interval(ms):,1000,0,0,0,0,0,1,160178368488
Measurement_interval(ms):,1000,0,0,0,0,0,1,160178368490
Measurement_interval(ms):,1000,0,0,0,0,0,1,160178368491
Measurement_interval(ms):,1000,144,0,0,0,0,1,160179085421
Measurement_interval(ms):,1000,224,0,0,0,0,1,160180085443
Measurement_interval(ms):,1000,208,0,0,0,0,1,160181085442
Measurement_interval(ms):,1000,224,0,0,0,0,1,160182085408
Measurement_interval(ms):,1000,208,0,0,0,0,1,160183085420
Measurement_interval(ms):,1000,224,0,0,0,0,1,160184085437
Measurement_interval(ms):,1000,224,0,0,0,0,1,160185085401
Measurement_interval(ms):,1000,208,0,0,0,0,1,160186085441
Measurement_interval(ms):,1000,224,73756,147081,0,0,1,160187085401
Measurement_interval(ms):,1000,208,73756,147081,0,0,1,160188085419
Measurement_interval(ms):,1000,224,73756,147081,0,0,1,160189085422
Measurement_interval(ms):,1000,208,73756,147081,0,0,1,160190085428
Measurement_interval(ms):,1000,224,73756,147081,0,0,1,160191085441
Measurement_interval(ms):,1000,224,73756,147081,0,0,1,160192085407
Measurement_interval(ms):,1000,208,73756,147081,0,0,1,160193085410
Measurement_interval(ms):,1000,224,73756,147081,0,0,1,160194085437
Measurement_interval(ms):,1000,208,73756,147081,0,0,1,160195085423
Measurement_interval(ms):,1000,224,73756,147081,0,0,1,160196085402
Measurement_interval(ms):,1000,224,73756,147081,0,0,1,160197085414
Measurement_interval(ms):,1000,208,73756,147081,0,0,1,160198085441
Measurement_interval(ms):,1000,224,73756,147081,0,0,1,160199085404
Measurement_interval(ms):,1000,208,73756,147081,0,0,1,160200085436
Measurement_interval(ms):,1000,224,73756,147081,0,0,1,160201085403
Measurement_interval(ms):,1000,224,73756,147081,0,0,1,160202085413
Measurement_interval(ms):,1000,208,73756,147081,0,0,1,160203085392
Measurement_interval(ms):,1000,224,73756,147081,0,0,1,160204085392
Measurement_interval(ms):,1000,224,73756,147081,0,0,1,160205086163
Measurement_interval(ms):,1000,208,73756,147081,0,0,1,160206085438
Measurement_interval(ms):,1000,224,73756,147081,0,0,1,160207085436
Measurement_interval(ms):,1000,208,73756,147081,0,0,1,160208085417
Measurement_interval(ms):,1000,224,73756,147081,0,0,1,160209085437
Measurement_interval(ms):,1000,224,73756,147081,0,0,1,160210085415
Measurement_interval(ms):,1000,208,73756,147081,0,0,1,160211085403
Measurement_interval(ms):,1000,224,73756,147081,0,0,1,160212085432
Measurement_interval(ms):,1000,208,73756,147081,0,0,1,160213085391
Measurement_interval(ms):,1000,224,73756,147081,0,0,1,160214085404
Measurement_interval(ms):,1000,224,73756,147081,0,0,1,160215085411
Measurement_interval(ms):,1000,208,73756,147081,0,0,1,160216085419
Measurement_interval(ms):,1000,224,73756,147081,0,0,1,160217085439
Measurement_interval(ms):,1000,208,73756,147081,0,0,1,160218085392
Measurement_interval(ms):,1000,224,73756,147081,0,0,1,160219085387
