Measurement_interval(ms):,1000,0,0,0,0,0,1,139942847061
Measurement_interval(ms):,1000,0,0,0,0,0,1,139949083027
Measurement_interval(ms):,1000,0,0,0,0,0,1,139949083029
Measurement_interval(ms):,1000,0,0,0,0,0,1,139949083032
Measurement_interval(ms):,1000,0,0,0,0,0,1,139949083033
Measurement_interval(ms):,1000,0,0,0,0,0,1,139949083035
Measurement_interval(ms):,1000,0,0,0,0,0,1,139949083036
Measurement_interval(ms):,1000,0,0,0,0,0,1,139949083038
Measurement_interval(ms):,1000,0,0,0,0,0,1,139949083039
Measurement_interval(ms):,1000,0,0,0,0,0,1,139949083082
Measurement_interval(ms):,1000,0,0,0,0,0,1,139949083083
Measurement_interval(ms):,1000,0,0,0,0,0,1,139949083085
Measurement_interval(ms):,1000,0,0,0,0,0,1,139949083086
Measurement_interval(ms):,1000,0,0,0,0,0,1,139949083088
Measurement_interval(ms):,1000,0,0,0,0,0,1,139949083089
Measurement_interval(ms):,1000,181,0,0,0,0,1,139949841358
Measurement_interval(ms):,1000,273,0,0,0,0,1,139950841384
Measurement_interval(ms):,1000,240,0,0,0,0,1,139951841399
Measurement_interval(ms):,1000,267,0,0,0,0,1,139952841386
Measurement_interval(ms):,1000,273,0,0,0,0,1,139953841351
Measurement_interval(ms):,1000,267,0,0,0,0,1,139954841375
Measurement_interval(ms):,1000,240,0,0,0,0,1,139955841381
Measurement_interval(ms):,1000,273,0,0,0,0,1,139956841377
Measurement_interval(ms):,1000,267,0,0,0,0,1,139957841369
Measurement_interval(ms):,1000,273,0,0,0,0,1,139958841382
Measurement_interval(ms):,1000,240,0,0,0,0,1,139959841391
Measurement_interval(ms):,1000,267,0,0,0,0,1,139960841368
Measurement_interval(ms):,1000,273,130016,228824,0,0,1,139961841381
Measurement_interval(ms):,1000,267,130016,228824,0,0,1,139962841371
Measurement_interval(ms):,1000,240,130016,228824,0,0,1,139963841392
Measurement_interval(ms):,1000,273,130016,228824,0,0,1,139964841384
Measurement_interval(ms):,1000,267,130016,228824,0,0,1,139965841350
Measurement_interval(ms):,1000,273,130016,228824,0,0,1,139966841373
Measurement_interval(ms):,1000,240,130016,228824,0,0,1,139967841349
Measurement_interval(ms):,1000,267,130016,228824,0,0,1,139968841382
Measurement_interval(ms):,1000,273,130016,228824,0,0,1,139969841382
Measurement_interval(ms):,1000,267,130016,228824,0,0,1,139970841383
Measurement_interval(ms):,1000,240,130016,228824,0,0,1,139971841375
Measurement_interval(ms):,1000,273,130016,228824,0,0,1,139972841383
Measurement_interval(ms):,1000,267,130813,229963,0,0,1,139973841354
Measurement_interval(ms):,1000,240,130813,229963,0,0,1,139974841383
Measurement_interval(ms):,1000,273,130813,229963,0,0,1,139975841351
Measurement_interval(ms):,1000,267,130813,229963,0,0,1,139976841383
Measurement_interval(ms):,1000,240,130813,229963,0,0,1,139977841336
Measurement_interval(ms):,1000,273,130813,229963,0,0,1,139978841375
Measurement_interval(ms):,1000,267,130813,229963,0,0,1,139979841336
Measurement_interval(ms):,1000,240,130813,229963,0,0,1,139980841378
Measurement_interval(ms):,1000,273,130813,229963,0,0,1,139981841377
Measurement_interval(ms):,1000,267,130813,229963,0,0,1,139982841362
Measurement_interval(ms):,1000,273,130813,229963,0,0,1,139983841368
Measurement_interval(ms):,1000,240,130813,229963,0,0,1,139984841364
Measurement_interval(ms):,1000,267,130813,229963,0,0,1,139985841334
