Measurement_interval(ms):,1000,0,0,0,0,0,1,159838368493
Measurement_interval(ms):,1000,0,0,0,0,0,1,159841753330
Measurement_interval(ms):,1000,0,0,0,0,0,1,159841753332
Measurement_interval(ms):,1000,0,0,0,0,0,1,159841753335
Measurement_interval(ms):,1000,0,0,0,0,0,1,159841753336
Measurement_interval(ms):,1000,0,0,0,0,0,1,159841753337
Measurement_interval(ms):,1000,0,0,0,0,0,1,159841753337
Measurement_interval(ms):,1000,0,0,0,0,0,1,159841753339
Measurement_interval(ms):,1000,0,0,0,0,0,1,159841753340
Measurement_interval(ms):,1000,0,0,0,0,0,1,159841753385
Measurement_interval(ms):,1000,0,0,0,0,0,1,159841753386
Measurement_interval(ms):,1000,0,0,0,0,0,1,159841753388
Measurement_interval(ms):,1000,30,0,0,0,0,1,159842365469
Measurement_interval(ms):,1000,50,0,0,0,0,1,159843365497
Measurement_interval(ms):,1000,50,0,0,0,0,1,159844365499
Measurement_interval(ms):,1000,50,0,0,0,0,1,159845366072
Measurement_interval(ms):,1000,48,40321,80023,0,0,1,159846365476
Measurement_interval(ms):,1000,50,40321,80023,0,0,1,159847365510
Measurement_interval(ms):,1000,50,40321,80023,0,0,1,159848365510
Measurement_interval(ms):,1000,50,40321,80023,0,0,1,159849365505
Measurement_interval(ms):,1000,50,40321,80023,0,0,1,159850365498
Measurement_interval(ms):,1000,50,40321,80023,0,0,1,159851365484
Measurement_interval(ms):,1000,50,40321,80023,0,0,1,159852365504
Measurement_interval(ms):,1000,50,40321,80023,0,0,1,159853365511
Measurement_interval(ms):,1000,50,40321,80023,0,0,1,159854365493
Measurement_interval(ms):,1000,50,40321,80023,0,0,1,159855365481
Measurement_interval(ms):,1000,50,40321,80023,0,0,1,159856365493
Measurement_interval(ms):,1000,50,40321,80023,0,0,1,159857365481
Measurement_interval(ms):,1000,50,40321,80023,0,0,1,159858365503
Measurement_interval(ms):,1000,50,40321,80023,0,0,1,159859365512
Measurement_interval(ms):,1000,50,40321,80023,0,0,1,159860365478
Measurement_interval(ms):,1000,50,40321,80023,0,0,1,159861365509
Measurement_interval(ms):,1000,50,40321,80023,0,0,1,159862365509
Measurement_interval(ms):,1000,50,40321,80023,0,0,1,159863365503
Measurement_interval(ms):,1000,50,40321,80023,0,0,1,159864365478
Measurement_interval(ms):,1000,50,40321,80023,0,0,1,159865365501
Measurement_interval(ms):,1000,50,40321,80023,0,0,1,159866365471
Measurement_interval(ms):,1000,48,40321,80023,0,0,1,159867365488
Measurement_interval(ms):,1000,50,40321,80023,0,0,1,159868365498
Measurement_interval(ms):,1000,50,40321,80023,0,0,1,159869365492
Measurement_interval(ms):,1000,50,40321,80023,0,0,1,159870365469
Measurement_interval(ms):,1000,50,40321,80023,0,0,1,159871365499
Measurement_interval(ms):,1000,50,40321,80023,0,0,1,159872365496
Measurement_interval(ms):,1000,50,40321,80023,0,0,1,159873365508
Measurement_interval(ms):,1000,50,40321,80023,0,0,1,159874365508
Measurement_interval(ms):,1000,50,40321,80023,0,0,1,159875365493
Measurement_interval(ms):,1000,50,40321,80023,0,0,1,159876365501
Measurement_interval(ms):,1000,50,40321,80023,0,0,1,159877365485
Measurement_interval(ms):,1000,50,40321,80023,0,0,1,159878365480
Measurement_interval(ms):,1000,50,40321,80023,0,0,1,159879365493
Measurement_interval(ms):,1000,50,40321,80023,0,0,1,159880365471
Measurement_interval(ms):,1000,50,40321,80023,0,0,1,159881365500
