Measurement_interval(ms):,1000,0,0,0,0,0,1,159763696676
Measurement_interval(ms):,1000,0,0,0,0,0,1,159773034412
Measurement_interval(ms):,1000,0,0,0,0,0,1,159773034414
Measurement_interval(ms):,1000,0,0,0,0,0,1,159773034417
Measurement_interval(ms):,1000,0,0,0,0,0,1,159773034418
Measurement_interval(ms):,1000,0,0,0,0,0,1,159773034420
Measurement_interval(ms):,1000,0,0,0,0,0,1,159773034421
Measurement_interval(ms):,1000,0,0,0,0,0,1,159773034423
Measurement_interval(ms):,1000,0,0,0,0,0,1,159773034424
Measurement_interval(ms):,1000,0,0,0,0,0,1,159773034426
Measurement_interval(ms):,1000,0,0,0,0,0,1,159773034426
Measurement_interval(ms):,1000,0,0,0,0,0,1,159773034427
Measurement_interval(ms):,1000,0,0,0,0,0,1,159773034428
Measurement_interval(ms):,1000,0,0,0,0,0,1,159773034429
Measurement_interval(ms):,1000,0,0,0,0,0,1,159773034430
Measurement_interval(ms):,1000,0,0,0,0,0,1,159773034465
Measurement_interval(ms):,1000,0,0,0,0,0,1,159773034466
Measurement_interval(ms):,1000,0,0,0,0,0,1,159773034468
Measurement_interval(ms):,1000,38,0,0,0,0,1,159773704089
Measurement_interval(ms):,1000,57,0,0,0,0,1,159774704125
Measurement_interval(ms):,1000,58,17528,34402,0,0,1,159775704101
Measurement_interval(ms):,1000,58,17528,34402,0,0,1,159776704109
Measurement_interval(ms):,1000,58,17528,34402,0,0,1,159777704136
Measurement_interval(ms):,1000,58,17528,34402,0,0,1,159778704121
Measurement_interval(ms):,1000,57,17528,34402,0,0,1,159779704093
Measurement_interval(ms):,1000,58,17528,34402,0,0,1,159780704123
Measurement_interval(ms):,1000,58,17528,34402,0,0,1,159781704089
Measurement_interval(ms):,1000,58,17528,34402,0,0,1,159782704116
Measurement_interval(ms):,1000,58,17528,34402,0,0,1,159783704117
Measurement_interval(ms):,1000,58,17528,34402,0,0,1,159784704086
Measurement_interval(ms):,1000,58,17528,34402,0,0,1,159785704100
Measurement_interval(ms):,1000,58,17528,34402,0,0,1,159786704343
Measurement_interval(ms):,1000,57,17528,34402,0,0,1,159787704106
Measurement_interval(ms):,1000,58,17528,34402,0,0,1,159788704118
Measurement_interval(ms):,1000,58,17528,34402,0,0,1,159789704125
Measurement_interval(ms):,1000,58,17528,34402,0,0,1,159790704104
Measurement_interval(ms):,1000,58,17528,34402,0,0,1,159791704100
Measurement_interval(ms):,1000,58,17440,34402,0,0,1,159792704122
Measurement_interval(ms):,1000,58,17440,34402,0,0,1,159793704117
Measurement_interval(ms):,1000,58,17440,34230,0,0,1,159794704097
Measurement_interval(ms):,1000,58,17440,34230,0,0,1,159795704090
Measurement_interval(ms):,1000,58,17440,34230,0,0,1,159796704100
Measurement_interval(ms):,1000,58,17440,34230,0,0,1,159797704118
Measurement_interval(ms):,1000,57,17440,34230,0,0,1,159798704123
Measurement_interval(ms):,1000,58,17440,34230,0,0,1,159799704119
Measurement_interval(ms):,1000,58,17440,34230,0,0,1,159800704128
Measurement_interval(ms):,1000,58,17440,34230,0,0,1,159801704120
Measurement_interval(ms):,1000,58,17440,34230,0,0,1,159802704086
Measurement_interval(ms):,1000,58,17440,34230,0,0,1,159803704080
Measurement_interval(ms):,1000,58,17440,34230,0,0,1,159804704105
Measurement_interval(ms):,1000,58,17440,34230,0,0,1,159805704088
Measurement_interval(ms):,1000,58,17440,34230,0,0,1,159806704080
Measurement_interval(ms):,1000,58,17440,34230,0,0,1,159807704096
Measurement_interval(ms):,1000,58,17440,34230,0,0,1,159808704098
Measurement_interval(ms):,1000,58,17440,34230,0,0,1,159809704091
Measurement_interval(ms):,1000,58,17440,34230,0,0,1,159810704581
Measurement_interval(ms):,1000,57,17440,34230,0,0,1,159811704123
Measurement_interval(ms):,1000,58,17440,34230,0,0,1,159812704121
Measurement_interval(ms):,1000,58,17440,34230,0,0,1,159813704116
