Measurement_interval(ms):,1000,0,0,0,0,0,1,67409527151
Measurement_interval(ms):,1000,0,0,0,0,0,1,67416812354
Measurement_interval(ms):,1000,0,0,0,0,0,1,67416812357
Measurement_interval(ms):,1000,0,0,0,0,0,1,67416812360
Measurement_interval(ms):,1000,0,0,0,0,0,1,67416812361
Measurement_interval(ms):,1000,0,0,0,0,0,1,67416812362
Measurement_interval(ms):,1000,0,0,0,0,0,1,67416812363
Measurement_interval(ms):,1000,0,0,0,0,0,1,67416812403
Measurement_interval(ms):,1000,0,0,0,0,0,1,67416812404
Measurement_interval(ms):,1000,0,0,0,0,0,1,67416812407
Measurement_interval(ms):,1000,128,0,0,0,0,1,67417059702
Measurement_interval(ms):,1000,576,0,0,0,0,1,67418059731
Measurement_interval(ms):,1000,576,0,0,0,0,1,67419059737
Measurement_interval(ms):,1000,608,0,0,0,0,1,67420059730
Measurement_interval(ms):,1000,576,0,0,0,0,1,67421059727
Measurement_interval(ms):,1000,576,0,0,0,0,1,67422059721
Measurement_interval(ms):,1000,576,53166,108012,0,0,1,67423059740
Measurement_interval(ms):,1000,608,53166,108012,0,0,1,67424059723
Measurement_interval(ms):,1000,576,53166,108012,0,0,1,67425059712
Measurement_interval(ms):,1000,576,53166,108012,0,0,1,67426059690
Measurement_interval(ms):,1000,608,53166,108012,0,0,1,67427059712
Measurement_interval(ms):,1000,576,53166,108012,0,0,1,67428059726
Measurement_interval(ms):,1000,576,53166,108012,0,0,1,67429059722
Measurement_interval(ms):,1000,608,53166,108012,0,0,1,67430059722
Measurement_interval(ms):,1000,576,53166,108012,0,0,1,67431059728
Measurement_interval(ms):,1000,576,53166,108012,0,0,1,67432059707
Measurement_interval(ms):,1000,576,53166,108012,0,0,1,67433059698
Measurement_interval(ms):,1000,608,53166,108012,0,0,1,67434059684
Measurement_interval(ms):,1000,576,53166,108012,0,0,1,67435059730
Measurement_interval(ms):,1000,576,53166,108012,0,0,1,67436059734
Measurement_interval(ms):,1000,608,53166,108012,0,0,1,67437059686
Measurement_interval(ms):,1000,576,53166,108012,0,0,1,67438059681
Measurement_interval(ms):,1000,576,53166,108012,0,0,1,67439059731
Measurement_interval(ms):,1000,608,53166,108012,0,0,1,67440059811
Measurement_interval(ms):,1000,576,53166,108012,0,0,1,67441059698
Measurement_interval(ms):,1000,576,53166,108012,0,0,1,67442059726
Measurement_interval(ms):,1000,576,53166,108012,0,0,1,67443059725
Measurement_interval(ms):,1000,608,53166,108012,0,0,1,67444059725
Measurement_interval(ms):,1000,576,53166,108012,0,0,1,67445059711
Measurement_interval(ms):,1000,576,53166,108012,0,0,1,67446059677
Measurement_interval(ms):,1000,608,53166,108012,0,0,1,67447059698
Measurement_interval(ms):,1000,576,53166,108012,0,0,1,67448059715
