Measurement_interval(ms):,1000,0,0,0,0,0,1,67283520767
Measurement_interval(ms):,1000,0,0,0,0,0,1,67289902369
Measurement_interval(ms):,1000,0,0,0,0,0,1,67289902371
Measurement_interval(ms):,1000,0,0,0,0,0,1,67289902373
Measurement_interval(ms):,1000,0,0,0,0,0,1,67289902374
Measurement_interval(ms):,1000,0,0,0,0,0,1,67289902375
Measurement_interval(ms):,1000,0,0,0,0,0,1,67289902376
Measurement_interval(ms):,1000,0,0,0,0,0,1,67289902423
Measurement_interval(ms):,1000,0,0,0,0,0,1,67289902424
Measurement_interval(ms):,1000,0,0,0,0,0,1,67289913524
Measurement_interval(ms):,1000,504,0,0,0,0,1,67290913494
Measurement_interval(ms):,1000,496,16041,31531,0,0,1,67291913495
Measurement_interval(ms):,1000,504,16041,31531,0,0,1,67292913496
Measurement_interval(ms):,1000,504,16041,31531,0,0,1,67293913499
Measurement_interval(ms):,1000,496,16041,31531,0,0,1,67294913501
Measurement_interval(ms):,1000,504,16041,31531,0,0,1,67295913528
Measurement_interval(ms):,1000,504,16041,31531,0,0,1,67296913523
Measurement_interval(ms):,1000,504,16041,31531,0,0,1,67297913505
Measurement_interval(ms):,1000,496,16041,31531,0,0,1,67298913510
Measurement_interval(ms):,1000,504,16041,31531,0,0,1,67299913526
Measurement_interval(ms):,1000,504,16041,31531,0,0,1,67300913552
Measurement_interval(ms):,1000,496,16041,31531,0,0,1,67301913533
Measurement_interval(ms):,1000,504,16041,31531,0,0,1,67302913541
Measurement_interval(ms):,1000,504,16041,31531,0,0,1,67303913519
Measurement_interval(ms):,1000,504,16041,31531,0,0,1,67304913547
Measurement_interval(ms):,1000,496,16041,31531,0,0,1,67305913532
Measurement_interval(ms):,1000,504,16041,31531,0,0,1,67306913548
Measurement_interval(ms):,1000,504,16041,31531,0,0,1,67307913521
Measurement_interval(ms):,1000,504,16041,31531,0,0,1,67308913564
Measurement_interval(ms):,1000,496,16041,31531,0,0,1,67309913551
Measurement_interval(ms):,1000,504,16041,31531,0,0,1,67310913526
Measurement_interval(ms):,1000,504,16041,31531,0,0,1,67311913529
Measurement_interval(ms):,1000,496,16041,31531,0,0,1,67312913522
Measurement_interval(ms):,1000,504,16041,31531,0,0,1,67313913531
Measurement_interval(ms):,1000,504,16041,31531,0,0,1,67314913520
Measurement_interval(ms):,1000,504,16041,31531,0,0,1,67315913539
Measurement_interval(ms):,1000,496,16041,31531,0,0,1,67316913530
Measurement_interval(ms):,1000,504,16041,31531,0,0,1,67317913557
Measurement_interval(ms):,1000,504,16041,31531,0,0,1,67318913533
Measurement_interval(ms):,1000,496,16041,31531,0,0,1,67319913543
