Measurement_interval(ms):,1000,0,0,0,0,0,1,153697979757
Measurement_interval(ms):,1000,0,0,0,0,0,1,153701909329
Measurement_interval(ms):,1000,0,0,0,0,0,1,153701909330
Measurement_interval(ms):,1000,0,0,0,0,0,1,153701909333
Measurement_interval(ms):,1000,0,0,0,0,0,1,153701909334
Measurement_interval(ms):,1000,0,0,0,0,0,1,153701909336
Measurement_interval(ms):,1000,0,0,0,0,0,1,153701909337
Measurement_interval(ms):,1000,0,0,0,0,0,1,153701909338
Measurement_interval(ms):,1000,180,0,0,18,0,1,153702289770
Measurement_interval(ms):,1000,516,0,0,43,0,1,153703289782
Measurement_interval(ms):,1000,504,0,0,42,0,1,153704289804
Measurement_interval(ms):,1000,516,23574,46599,43,0,1,153705289787
Measurement_interval(ms):,1000,504,23574,46599,42,0,1,153706289772
Measurement_interval(ms):,1000,516,23574,46599,43,0,1,153707289808
Measurement_interval(ms):,1000,516,23574,46599,43,0,1,153708290056
Measurement_interval(ms):,1000,504,23574,46599,42,0,1,153709289779
Measurement_interval(ms):,1000,516,23574,46599,43,0,1,153710289822
Measurement_interval(ms):,1000,504,23574,46599,42,0,1,153711289800
Measurement_interval(ms):,1000,516,23574,46599,43,0,1,153712289808
Measurement_interval(ms):,1000,504,23574,46599,42,0,1,153713289811
Measurement_interval(ms):,1000,516,23574,46599,43,0,1,153714289795
Measurement_interval(ms):,1000,516,23574,46599,43,0,1,153715289801
Measurement_interval(ms):,1000,504,23574,46599,42,0,1,153716289784
Measurement_interval(ms):,1000,516,23574,46599,43,0,1,153717289788
Measurement_interval(ms):,1000,504,23574,46599,42,0,1,153718289797
Measurement_interval(ms):,1000,516,23574,46599,43,0,1,153719289820
Measurement_interval(ms):,1000,516,23574,46599,43,0,1,153720290080
Measurement_interval(ms):,1000,504,23574,46599,42,0,1,153721289829
Measurement_interval(ms):,1000,516,23574,46599,43,0,1,153722289823
Measurement_interval(ms):,1000,504,23574,46599,42,0,1,153723289822
Measurement_interval(ms):,1000,516,23574,46599,43,0,1,153724289798
Measurement_interval(ms):,1000,504,23574,46599,42,0,1,153725289792
Measurement_interval(ms):,1000,516,23574,46599,43,0,1,153726289782
Measurement_interval(ms):,1000,516,23574,46599,43,0,1,153727289816
Measurement_interval(ms):,1000,504,23574,46599,42,0,1,153728289797
Measurement_interval(ms):,1000,516,23574,46599,43,0,1,153729289784
Measurement_interval(ms):,1000,504,23574,46599,42,0,1,153730289791
Measurement_interval(ms):,1000,516,23574,46599,43,0,1,153731289814
Measurement_interval(ms):,1000,516,23574,46599,43,0,1,153732289813
Measurement_interval(ms):,1000,504,23574,46599,42,0,1,153733289830
Measurement_interval(ms):,1000,516,23574,46599,43,0,1,153734289817
Measurement_interval(ms):,1000,516,23574,46599,43,0,1,153735289807
