Measurement_interval(ms):,1000,0,0,0,0,0,1,150213108888
Measurement_interval(ms):,1000,0,0,0,0,0,1,150220037749
Measurement_interval(ms):,1000,0,0,0,0,0,1,150220037750
Measurement_interval(ms):,1000,0,0,0,0,0,1,150220037753
Measurement_interval(ms):,1000,0,0,0,0,0,1,150220037754
Measurement_interval(ms):,1000,0,0,0,0,0,1,150220037755
Measurement_interval(ms):,1000,0,0,0,0,0,1,150220037756
Measurement_interval(ms):,1000,0,0,0,0,0,1,150220037803
Measurement_interval(ms):,1000,0,0,0,0,0,1,150220037804
Measurement_interval(ms):,1000,0,0,0,0,0,1,150220037806
Measurement_interval(ms):,1000,14,0,0,0,0,1,150220071428
Measurement_interval(ms):,1000,563,0,0,0,0,1,150221071430
Measurement_interval(ms):,1000,576,0,0,0,0,1,150222071381
Measurement_interval(ms):,1000,576,0,0,0,0,1,150223071387
Measurement_interval(ms):,1000,576,31263,55469,0,0,1,150224071394
Measurement_interval(ms):,1000,557,31263,55469,0,0,1,150225071394
Measurement_interval(ms):,1000,576,31263,55469,0,0,1,150226071384
Measurement_interval(ms):,1000,576,31263,55469,0,0,1,150227071423
Measurement_interval(ms):,1000,576,31263,55469,0,0,1,150228071409
Measurement_interval(ms):,1000,576,31263,55469,0,0,1,150229071383
Measurement_interval(ms):,1000,563,31263,55469,0,0,1,150230071391
Measurement_interval(ms):,1000,576,31263,55469,0,0,1,150231071385
Measurement_interval(ms):,1000,576,31263,55469,0,0,1,150232071375
Measurement_interval(ms):,1000,576,31263,55469,0,0,1,150233071380
Measurement_interval(ms):,1000,576,31263,55469,0,0,1,150234071402
Measurement_interval(ms):,1000,557,31263,55469,0,0,1,150235071418
Measurement_interval(ms):,1000,576,31263,55469,0,0,1,150236071397
Measurement_interval(ms):,1000,576,31263,55469,0,0,1,150237071371
Measurement_interval(ms):,1000,576,31263,55469,0,0,1,150238071391
Measurement_interval(ms):,1000,576,31263,55469,0,0,1,150239071393
Measurement_interval(ms):,1000,563,31263,55469,0,0,1,150240071385
Measurement_interval(ms):,1000,576,31263,55469,0,0,1,150241071409
Measurement_interval(ms):,1000,576,31263,55469,0,0,1,150242071362
Measurement_interval(ms):,1000,576,31263,55469,0,0,1,150243071387
Measurement_interval(ms):,1000,557,31263,55469,0,0,1,150244071382
Measurement_interval(ms):,1000,576,31263,55469,0,0,1,150245071366
Measurement_interval(ms):,1000,576,31263,55469,0,0,1,150246071403
Measurement_interval(ms):,1000,576,31263,55469,0,0,1,150247071373
Measurement_interval(ms):,1000,576,31263,55469,0,0,1,150248071359
Measurement_interval(ms):,1000,576,31263,55469,0,0,1,150249071380
Measurement_interval(ms):,1000,563,31263,55469,0,0,1,150250071360
Measurement_interval(ms):,1000,576,31263,55469,0,0,1,150251071385
Measurement_interval(ms):,1000,576,31263,55469,0,0,1,150252071367
Measurement_interval(ms):,1000,576,31263,55469,0,0,1,150253071360
Measurement_interval(ms):,1000,557,31263,55469,0,0,1,150254071348
Measurement_interval(ms):,1000,576,31263,55469,0,0,1,150255071398
