Measurement_interval(ms):,1000,0,0,0,0,0,1,67222553521
Measurement_interval(ms):,1000,0,0,0,0,0,1,67227161565
Measurement_interval(ms):,1000,0,0,0,0,0,1,67227161566
Measurement_interval(ms):,1000,0,0,0,0,0,1,67227161569
Measurement_interval(ms):,1000,0,0,0,0,0,1,67227161570
Measurement_interval(ms):,1000,0,0,0,0,0,1,67227161571
Measurement_interval(ms):,1000,0,0,0,0,0,1,67227161572
Measurement_interval(ms):,1000,0,0,0,0,0,1,67227161573
Measurement_interval(ms):,1000,0,0,0,0,0,1,67227161574
Measurement_interval(ms):,1000,0,0,0,0,0,1,67227161619
Measurement_interval(ms):,1000,0,0,0,0,0,1,67227161620
Measurement_interval(ms):,1000,0,0,0,0,0,1,67227161621
Measurement_interval(ms):,1000,136,0,0,0,0,1,67227552354
Measurement_interval(ms):,1000,372,11807,23092,0,0,1,67228552363
Measurement_interval(ms):,1000,376,11807,23092,0,0,1,67229552324
Measurement_interval(ms):,1000,376,11807,23092,0,0,1,67230552362
Measurement_interval(ms):,1000,372,11807,23092,0,0,1,67231552338
Measurement_interval(ms):,1000,376,11807,23092,0,0,1,67232552354
Measurement_interval(ms):,1000,376,11807,23092,0,0,1,67233552362
Measurement_interval(ms):,1000,372,11807,23092,0,0,1,67234552342
Measurement_interval(ms):,1000,376,11807,23092,0,0,1,67235552345
Measurement_interval(ms):,1000,376,11807,23092,0,0,1,67236552358
Measurement_interval(ms):,1000,372,11103,22342,0,0,1,67237552368
Measurement_interval(ms):,1000,376,10847,21467,0,0,1,67238552331
Measurement_interval(ms):,1000,376,10847,21217,0,0,1,67239552360
Measurement_interval(ms):,1000,376,10847,21217,0,0,1,67240552339
Measurement_interval(ms):,1000,372,10847,21217,0,0,1,67241552330
Measurement_interval(ms):,1000,376,10847,21217,0,0,1,67242552328
Measurement_interval(ms):,1000,376,10847,21217,0,0,1,67243552358
Measurement_interval(ms):,1000,372,10847,21217,0,0,1,67244552361
Measurement_interval(ms):,1000,376,10847,21217,0,0,1,67245552319
Measurement_interval(ms):,1000,376,10847,21217,0,0,1,67246552320
Measurement_interval(ms):,1000,372,10847,21217,0,0,1,67247552350
Measurement_interval(ms):,1000,376,10847,21217,0,0,1,67248552346
Measurement_interval(ms):,1000,376,10847,21217,0,0,1,67249552325
Measurement_interval(ms):,1000,372,10847,21217,0,0,1,67250552330
Measurement_interval(ms):,1000,376,10847,21217,0,0,1,67251552316
Measurement_interval(ms):,1000,376,10847,21217,0,0,1,67252552361
Measurement_interval(ms):,1000,376,10847,21217,0,0,1,67253552327
Measurement_interval(ms):,1000,372,10783,21217,0,0,1,67254552362
Measurement_interval(ms):,1000,376,10783,21217,0,0,1,67255552326
Measurement_interval(ms):,1000,376,10783,21217,0,0,1,67256552343
Measurement_interval(ms):,1000,376,10783,21217,0,0,1,67257552394
Measurement_interval(ms):,1000,372,10783,21217,0,0,1,67258552339
