Measurement_interval(ms):,1000,0,0,0,0,0,1,141185884751
Measurement_interval(ms):,1000,0,0,0,0,0,1,141188612841
Measurement_interval(ms):,1000,0,0,0,0,0,1,141188612843
Measurement_interval(ms):,1000,0,0,0,0,0,1,141188612846
Measurement_interval(ms):,1000,0,0,0,0,0,1,141188612846
Measurement_interval(ms):,1000,0,0,0,0,0,1,141188612848
Measurement_interval(ms):,1000,0,0,0,0,0,1,141188612848
Measurement_interval(ms):,1000,0,0,0,0,0,1,141188612850
Measurement_interval(ms):,1000,74,0,0,0,0,1,141188805425
Measurement_interval(ms):,1000,600,0,0,0,0,1,141189805433
Measurement_interval(ms):,1000,600,0,0,0,0,1,141190805426
Measurement_interval(ms):,1000,600,0,0,0,0,1,141191805454
Measurement_interval(ms):,1000,600,0,0,0,0,1,141192805477
Measurement_interval(ms):,1000,600,0,0,0,0,1,141193805441
Measurement_interval(ms):,1000,600,75010,100423,0,0,1,141194805439
Measurement_interval(ms):,1000,600,75010,100423,0,0,1,141195805425
Measurement_interval(ms):,1000,600,75010,100423,0,0,1,141196805454
Measurement_interval(ms):,1000,600,75010,100423,0,0,1,141197805434
Measurement_interval(ms):,1000,600,75010,100423,0,0,1,141198805471
Measurement_interval(ms):,1000,600,75010,100423,0,0,1,141199805465
Measurement_interval(ms):,1000,600,75010,100423,0,0,1,141200805466
Measurement_interval(ms):,1000,600,75010,100423,0,0,1,141201805453
Measurement_interval(ms):,1000,600,75010,100423,0,0,1,141202805453
Measurement_interval(ms):,1000,600,75010,100423,0,0,1,141203805437
Measurement_interval(ms):,1000,600,75010,100423,0,0,1,141204805447
Measurement_interval(ms):,1000,600,75010,100423,0,0,1,141205805439
Measurement_interval(ms):,1000,586,75010,100423,0,0,1,141206805440
Measurement_interval(ms):,1000,600,75010,100423,0,0,1,141207805453
Measurement_interval(ms):,1000,600,75010,100423,0,0,1,141208805449
Measurement_interval(ms):,1000,600,75010,100423,0,0,1,141209805442
Measurement_interval(ms):,1000,600,75010,100423,0,0,1,141210805473
Measurement_interval(ms):,1000,600,75010,100423,0,0,1,141211805459
Measurement_interval(ms):,1000,600,75010,100423,0,0,1,141212805441
Measurement_interval(ms):,1000,554,75010,100423,0,0,1,141213805476
Measurement_interval(ms):,1000,600,75010,100423,0,0,1,141214805444
Measurement_interval(ms):,1000,600,75010,100423,0,0,1,141215805460
Measurement_interval(ms):,1000,600,75010,100423,0,0,1,141216805471
Measurement_interval(ms):,1000,600,75010,100423,0,0,1,141217805454
Measurement_interval(ms):,1000,600,75010,100423,0,0,1,141218805446
Measurement_interval(ms):,1000,600,75010,100423,0,0,1,141219805455
Measurement_interval(ms):,1000,600,75010,100423,0,0,1,141220805470
Measurement_interval(ms):,1000,600,75010,100423,0,0,1,141221805475
Measurement_interval(ms):,1000,600,75010,100423,0,0,1,141222805470
Measurement_interval(ms):,1000,600,75010,100423,0,0,1,141223805439
Measurement_interval(ms):,1000,600,75010,100423,0,0,1,141224805450
Measurement_interval(ms):,1000,600,75010,100423,0,0,1,141225805431
Measurement_interval(ms):,1000,600,75010,100423,0,0,1,141226805461
Measurement_interval(ms):,1000,600,75010,100423,0,0,1,141227805460
Measurement_interval(ms):,1000,600,75010,100423,0,0,1,141228805472
Measurement_interval(ms):,1000,600,75010,100423,0,0,1,141229805447
Measurement_interval(ms):,1000,600,75010,100423,0,0,1,141230805477
Measurement_interval(ms):,1000,600,75010,100423,0,0,1,141231805473
Measurement_interval(ms):,1000,600,75010,100423,0,0,1,141232805459
Measurement_interval(ms):,1000,600,75010,100423,0,0,1,141233805470
Measurement_interval(ms):,1000,600,75010,100423,0,0,1,141234805473
Measurement_interval(ms):,1000,600,75010,100423,0,0,1,141235805472
Measurement_interval(ms):,1000,600,75010,100423,0,0,1,141236805475
Measurement_interval(ms):,1000,360,75010,100423,0,0,1,141238413093
