Measurement_interval(ms):,1000,0,0,0,0,0,1,500628645506
Measurement_interval(ms):,1000,0,0,0,0,0,1,500635931114
Measurement_interval(ms):,1000,0,0,0,0,0,1,500635931117
Measurement_interval(ms):,1000,0,0,0,0,0,1,500635931120
Measurement_interval(ms):,1000,0,0,0,0,0,1,500635931120
Measurement_interval(ms):,1000,0,0,0,0,0,1,500635931121
Measurement_interval(ms):,1000,0,0,0,0,0,1,500635931122
Measurement_interval(ms):,1000,0,0,0,0,0,1,500635931167
Measurement_interval(ms):,1000,0,0,0,0,0,1,500637516058
Measurement_interval(ms):,1000,0,0,0,0,0,1,500637516062
Measurement_interval(ms):,1000,524,3990,14772,0,0,1,500638135117
Measurement_interval(ms):,1000,1012,3990,10977,0,0,1,500639135352
Measurement_interval(ms):,1000,1008,3990,8217,0,0,1,500640135054
Measurement_interval(ms):,1000,1008,3970,7527,0,0,1,500641135059
Measurement_interval(ms):,1000,1008,3970,7527,0,0,1,500642135075
Measurement_interval(ms):,1000,1008,3970,7527,0,0,1,500643135052
Measurement_interval(ms):,1000,1004,3970,7527,0,0,1,500644135078
Measurement_interval(ms):,1000,1008,3970,7527,0,0,1,500645135071
Measurement_interval(ms):,1000,1008,3970,7527,0,0,1,500646135095
Measurement_interval(ms):,1000,1008,3970,7527,0,0,1,500647135064
Measurement_interval(ms):,1000,1012,3970,7527,0,0,1,500648135099
Measurement_interval(ms):,1000,1008,3970,7527,0,0,1,500649135064
Measurement_interval(ms):,1000,1012,3970,7527,0,0,1,500650135307
Measurement_interval(ms):,1000,1008,3970,7527,0,0,1,500651135320
Measurement_interval(ms):,1000,1008,3970,7527,0,0,1,500652135630
Measurement_interval(ms):,1000,1004,3970,7527,0,0,1,500653135071
Measurement_interval(ms):,1000,1008,3970,7527,0,0,1,500654135050
Measurement_interval(ms):,1000,1008,3970,7527,0,0,1,500655135096
Measurement_interval(ms):,1000,1008,3970,7527,0,0,1,500656135054
Measurement_interval(ms):,1000,1008,3970,7527,0,0,1,500657135065
Measurement_interval(ms):,1000,1008,3970,7527,0,0,1,500658135087
Measurement_interval(ms):,1000,1008,3970,7527,0,0,1,500659135097
Measurement_interval(ms):,1000,1008,3970,7527,0,0,1,500660135067
Measurement_interval(ms):,1000,1008,3970,7527,0,0,1,500661135048
Measurement_interval(ms):,1000,1008,3970,7527,0,0,1,500662135073
Measurement_interval(ms):,1000,1008,3970,7527,0,0,1,500663135387
Measurement_interval(ms):,1000,1004,3970,7527,0,0,1,500664135073
Measurement_interval(ms):,1000,1008,3970,7527,0,0,1,500665135089
Measurement_interval(ms):,1000,1008,3970,7527,0,0,1,500666135071
Measurement_interval(ms):,1000,1008,3970,7527,0,0,1,500667135074
Measurement_interval(ms):,1000,1008,3970,7527,0,0,1,500668135296
Measurement_interval(ms):,1000,1004,3970,7527,0,0,1,500669135095
Measurement_interval(ms):,1000,1008,3970,7527,0,0,1,500670135052
Measurement_interval(ms):,1000,1008,3970,7527,0,0,1,500671135046
Measurement_interval(ms):,1000,1008,3970,7527,0,0,1,500672135078
Measurement_interval(ms):,1000,1008,3970,7527,0,0,1,500673135060
