Measurement_interval(ms):,1000,0,0,0,0,0,1,566243651632
Measurement_interval(ms):,1000,0,0,0,0,0,1,566246161409
Measurement_interval(ms):,1000,0,0,0,0,0,1,566246161412
Measurement_interval(ms):,1000,0,0,0,0,0,1,566246161414
Measurement_interval(ms):,1000,0,0,0,0,0,1,566246161415
Measurement_interval(ms):,1000,0,0,0,0,0,1,566246161416
Measurement_interval(ms):,1000,0,0,0,0,0,1,566247787029
Measurement_interval(ms):,1000,32,0,0,0,0,1,566248041626
Measurement_interval(ms):,1000,1568,0,0,0,0,1,566248947343
Measurement_interval(ms):,1000,1728,0,0,0,0,1,566249947321
Measurement_interval(ms):,1000,1696,17732,35586,0,0,1,566250947324
Measurement_interval(ms):,1000,1728,17732,35586,0,0,1,566251947351
Measurement_interval(ms):,1000,1728,17732,35586,0,0,1,566252947325
Measurement_interval(ms):,1000,1728,17732,35586,0,0,1,566253947308
Measurement_interval(ms):,1000,1696,17732,35586,0,0,1,566254947325
Measurement_interval(ms):,1000,1728,17732,35586,0,0,1,566255947330
Measurement_interval(ms):,1000,1728,17732,35586,0,0,1,566256947336
Measurement_interval(ms):,1000,1728,17732,35586,0,0,1,566257947334
Measurement_interval(ms):,1000,1696,17732,35586,0,0,1,566258947331
Measurement_interval(ms):,1000,1728,17732,35764,0,0,1,566259947339
Measurement_interval(ms):,1000,1728,17732,35764,0,0,1,566260947334
Measurement_interval(ms):,1000,1728,17732,35586,0,0,1,566261947339
Measurement_interval(ms):,1000,1728,17732,35586,0,0,1,566262947799
Measurement_interval(ms):,1000,1696,17732,35586,0,0,1,566263947315
Measurement_interval(ms):,1000,1728,17732,35586,0,0,1,566264947348
Measurement_interval(ms):,1000,1728,17732,35586,0,0,1,566265947349
Measurement_interval(ms):,1000,1728,17732,35586,0,0,1,566266947818
Measurement_interval(ms):,1000,1696,17732,35586,0,0,1,566267947344
Measurement_interval(ms):,1000,1728,17732,35586,0,0,1,566268947308
Measurement_interval(ms):,1000,1728,17732,35586,0,0,1,566269947309
Measurement_interval(ms):,1000,1728,17732,35586,0,0,1,566270947325
Measurement_interval(ms):,1000,1696,17732,35586,0,0,1,566271947348
Measurement_interval(ms):,1000,1728,17732,35586,0,0,1,566272947353
Measurement_interval(ms):,1000,1728,17732,35586,0,0,1,566273947342
Measurement_interval(ms):,1000,1728,17732,35586,0,0,1,566274947313
Measurement_interval(ms):,1000,1728,17732,35586,0,0,1,566275947819
Measurement_interval(ms):,1000,1696,17732,35586,0,0,1,566276947328
Measurement_interval(ms):,1000,1728,17732,35586,0,0,1,566277947347
Measurement_interval(ms):,1000,1728,17732,35586,0,0,1,566278947348
Measurement_interval(ms):,1000,1728,17732,35586,0,0,1,566279947308
Measurement_interval(ms):,1000,1696,17732,35586,0,0,1,566280947334
Measurement_interval(ms):,1000,1728,17732,35586,0,0,1,566281947308
Measurement_interval(ms):,1000,1728,17732,35586,0,0,1,566282947308
