Measurement_interval(ms):,1000,0,0,0,0,0,1,498796112955
Measurement_interval(ms):,1000,0,0,0,0,0,1,498800757734
Measurement_interval(ms):,1000,0,0,0,0,0,1,498800757736
Measurement_interval(ms):,1000,0,0,0,0,0,1,498800757738
Measurement_interval(ms):,1000,0,0,0,0,0,1,498800757739
Measurement_interval(ms):,1000,0,0,0,0,0,1,498802339632
Measurement_interval(ms):,1000,0,0,0,0,0,1,498802339635
Measurement_interval(ms):,1000,376,1751,20291,0,0,1,498803064268
Measurement_interval(ms):,1000,611,1751,8251,0,0,1,498804064269
Measurement_interval(ms):,1000,611,1751,3091,0,0,1,498805064273
Measurement_interval(ms):,1000,611,1742,3091,0,0,1,498806064309
Measurement_interval(ms):,1000,611,1742,3091,0,0,1,498807064300
Measurement_interval(ms):,1000,611,1742,3091,0,0,1,498808064296
Measurement_interval(ms):,1000,611,1742,3091,0,0,1,498809064310
Measurement_interval(ms):,1000,611,1742,3091,0,0,1,498810064304
Measurement_interval(ms):,1000,612,1742,3091,0,0,1,498811064478
Measurement_interval(ms):,1000,611,1742,3091,0,0,1,498812064314
Measurement_interval(ms):,1000,611,1742,3091,0,0,1,498813064277
Measurement_interval(ms):,1000,611,1724,3091,0,0,1,498814064306
Measurement_interval(ms):,1000,612,1697,3091,0,0,1,498815064486
Measurement_interval(ms):,1000,611,1697,3091,0,0,1,498816064293
Measurement_interval(ms):,1000,598,1742,3091,0,0,1,498817064283
Measurement_interval(ms):,1000,610,1724,3091,0,0,1,498818064306
Measurement_interval(ms):,1000,612,1697,3091,0,0,1,498819064581
Measurement_interval(ms):,1000,611,1697,3091,0,0,1,498820064288
Measurement_interval(ms):,1000,611,1697,3091,0,0,1,498821064312
Measurement_interval(ms):,1000,612,1697,3091,0,0,1,498822064744
Measurement_interval(ms):,1000,611,1697,3091,0,0,1,498823064525
Measurement_interval(ms):,1000,611,1697,3091,0,0,1,498824064395
Measurement_interval(ms):,1000,611,1697,3091,0,0,1,498825064331
Measurement_interval(ms):,1000,611,1697,3091,0,0,1,498826064324
Measurement_interval(ms):,1000,611,1697,3091,0,0,1,498827064332
Measurement_interval(ms):,1000,611,1688,3091,0,0,1,498828064325
Measurement_interval(ms):,1000,611,1688,3091,0,0,1,498829064311
Measurement_interval(ms):,1000,612,1688,3091,0,0,1,498830064699
Measurement_interval(ms):,1000,610,1688,3091,0,0,1,498831064307
Measurement_interval(ms):,1000,611,1688,3091,0,0,1,498832064317
Measurement_interval(ms):,1000,612,1688,3091,0,0,1,498833064530
Measurement_interval(ms):,1000,611,1688,3091,0,0,1,498834064338
Measurement_interval(ms):,1000,611,1688,3091,0,0,1,498835064296
Measurement_interval(ms):,1000,611,1688,3091,0,0,1,498836064297
