Measurement_interval(ms):,1000,0,0,0,0,0,1,565269694040
Measurement_interval(ms):,1000,0,0,0,0,0,1,565274868380
Measurement_interval(ms):,1000,0,0,0,0,0,1,565274868382
Measurement_interval(ms):,1000,0,0,0,0,0,1,565274868385
Measurement_interval(ms):,1000,0,0,0,0,0,1,565274868386
Measurement_interval(ms):,1000,0,0,0,0,0,1,565274868387
Measurement_interval(ms):,1000,0,0,0,0,0,1,565274868388
Measurement_interval(ms):,1000,0,0,0,0,0,1,565274868435
Measurement_interval(ms):,1000,0,0,0,0,0,1,565274868436
Measurement_interval(ms):,1000,0,0,0,0,0,1,565276461485
Measurement_interval(ms):,1000,0,0,0,0,0,1,565276461489
Measurement_interval(ms):,1000,544,0,0,0,0,1,565276956205
Measurement_interval(ms):,1000,1632,9640,18733,0,0,1,565277956202
Measurement_interval(ms):,1000,1632,9640,18827,0,0,1,565278956247
Measurement_interval(ms):,1000,1632,9640,18827,0,0,1,565279956211
Measurement_interval(ms):,1000,1632,9640,18827,0,0,1,565280956201
Measurement_interval(ms):,1000,1616,9640,18827,0,0,1,565281956208
Measurement_interval(ms):,1000,1632,9640,18827,0,0,1,565282956214
Measurement_interval(ms):,1000,1632,9640,18827,0,0,1,565283956213
Measurement_interval(ms):,1000,1632,9640,18827,0,0,1,565284956220
Measurement_interval(ms):,1000,1632,9640,18827,0,0,1,565285956233
Measurement_interval(ms):,1000,1632,9640,18827,0,0,1,565286956218
Measurement_interval(ms):,1000,1632,9640,18827,0,0,1,565287956219
Measurement_interval(ms):,1000,1632,9640,18827,0,0,1,565288956247
Measurement_interval(ms):,1000,1632,9640,18827,0,0,1,565289956201
Measurement_interval(ms):,1000,1632,9640,18827,0,0,1,565290956248
Measurement_interval(ms):,1000,1632,9640,18827,0,0,1,565291956224
Measurement_interval(ms):,1000,1632,9640,18827,0,0,1,565292956941
Measurement_interval(ms):,1000,1616,9640,18827,0,0,1,565293956244
Measurement_interval(ms):,1000,1632,9640,18827,0,0,1,565294956243
Measurement_interval(ms):,1000,1632,9640,18827,0,0,1,565295956226
Measurement_interval(ms):,1000,1632,9640,18827,0,0,1,565296956201
Measurement_interval(ms):,1000,1600,9640,18827,0,0,1,565297956243
Measurement_interval(ms):,1000,1632,9640,18827,0,0,1,565298956245
Measurement_interval(ms):,1000,1632,9640,18827,0,0,1,565299956315
Measurement_interval(ms):,1000,1616,9640,18827,0,0,1,565300956201
Measurement_interval(ms):,1000,1632,9640,18827,0,0,1,565301956198
Measurement_interval(ms):,1000,1632,9640,18827,0,0,1,565302956235
Measurement_interval(ms):,1000,1632,9640,18827,0,0,1,565303956204
Measurement_interval(ms):,1000,1632,9640,18827,0,0,1,565304956197
Measurement_interval(ms):,1000,1632,9640,18827,0,0,1,565305956198
Measurement_interval(ms):,1000,1632,9640,18827,0,0,1,565306956241
Measurement_interval(ms):,1000,1632,9640,18827,0,0,1,565307956229
Measurement_interval(ms):,1000,1632,9640,18827,0,0,1,565308956787
Measurement_interval(ms):,1000,1616,9640,18827,0,0,1,565309956220
Measurement_interval(ms):,1000,1632,9640,18827,0,0,1,565310956197
