Measurement_interval(ms):,1000,0,0,0,0,0,1,564601301398
Measurement_interval(ms):,1000,0,0,0,0,0,1,564601330535
Measurement_interval(ms):,1000,0,0,0,0,0,1,564601330536
Measurement_interval(ms):,1000,0,0,0,0,0,1,564601330539
Measurement_interval(ms):,1000,0,0,0,0,0,1,564602924877
Measurement_interval(ms):,1000,0,0,0,0,0,1,564602924880
Measurement_interval(ms):,1000,872,0,0,0,0,1,564603720791
Measurement_interval(ms):,1000,1304,6156,11651,0,0,1,564604720796
Measurement_interval(ms):,1000,1304,6125,11651,0,0,1,564605720766
Measurement_interval(ms):,1000,1304,6125,11651,0,0,1,564606720795
Measurement_interval(ms):,1000,1304,6125,11651,0,0,1,564607720788
Measurement_interval(ms):,1000,1304,6125,11651,0,0,1,564608720771
Measurement_interval(ms):,1000,1304,6125,11651,0,0,1,564609720793
Measurement_interval(ms):,1000,1304,6125,11651,0,0,1,564610720783
Measurement_interval(ms):,1000,1304,6125,11651,0,0,1,564611720798
Measurement_interval(ms):,1000,1304,6125,11651,0,0,1,564612720765
Measurement_interval(ms):,1000,1304,6125,11651,0,0,1,564613720805
Measurement_interval(ms):,1000,1304,6125,11651,0,0,1,564614721152
Measurement_interval(ms):,1000,1296,6094,11651,0,0,1,564615720791
Measurement_interval(ms):,1000,1304,6094,11651,0,0,1,564616720805
Measurement_interval(ms):,1000,1304,6094,11651,0,0,1,564617720817
Measurement_interval(ms):,1000,1304,6094,11651,0,0,1,564618720804
Measurement_interval(ms):,1000,1304,6094,11651,0,0,1,564619720801
Measurement_interval(ms):,1000,1304,6094,11651,0,0,1,564620720785
Measurement_interval(ms):,1000,1304,6094,11651,0,0,1,564621720775
Measurement_interval(ms):,1000,1296,6094,11651,0,0,1,564622720808
Measurement_interval(ms):,1000,1304,6094,11651,0,0,1,564623720777
Measurement_interval(ms):,1000,1304,6094,11651,0,0,1,564624720795
Measurement_interval(ms):,1000,1304,6094,11651,0,0,1,564625721517
Measurement_interval(ms):,1000,1296,6094,11651,0,0,1,564626720813
Measurement_interval(ms):,1000,1304,6094,11651,0,0,1,564627720831
Measurement_interval(ms):,1000,1304,6094,11651,0,0,1,564628720785
Measurement_interval(ms):,1000,1304,6094,11651,0,0,1,564629720786
Measurement_interval(ms):,1000,1304,6094,11651,0,0,1,564630721073
Measurement_interval(ms):,1000,1296,6094,11651,0,0,1,564631720806
Measurement_interval(ms):,1000,1304,6094,11651,0,0,1,564632720814
Measurement_interval(ms):,1000,1304,6094,11651,0,0,1,564633720799
Measurement_interval(ms):,1000,1304,6094,11651,0,0,1,564634720807
Measurement_interval(ms):,1000,1304,6094,11651,0,0,1,564635720840
Measurement_interval(ms):,1000,1304,6094,11651,0,0,1,564636721237
