Measurement_interval(ms):,1000,0,0,0,0,0,1,81959324912
Measurement_interval(ms):,1000,0,0,0,0,0,1,81963665082
Measurement_interval(ms):,1000,0,0,0,0,0,1,81963665084
Measurement_interval(ms):,1000,0,0,0,0,0,1,81963665087
Measurement_interval(ms):,1000,0,0,0,0,0,1,81963665087
Measurement_interval(ms):,1000,0,0,0,0,0,1,81963665089
Measurement_interval(ms):,1000,0,0,0,0,0,1,81963665090
Measurement_interval(ms):,1000,0,0,0,0,0,1,81963665136
Measurement_interval(ms):,1000,0,0,0,0,0,1,81963665137
Measurement_interval(ms):,1000,1728,0,0,0,0,1,81964571316
Measurement_interval(ms):,1000,1920,7664,24125,0,0,1,81965571181
Measurement_interval(ms):,1000,3712,7664,24004,0,0,1,81966571192
Measurement_interval(ms):,1000,3712,7664,23762,0,0,1,81967571158
Measurement_interval(ms):,1000,3712,7664,23762,0,0,1,81968571155
Measurement_interval(ms):,1000,3712,7664,23762,0,0,1,81969571153
Measurement_interval(ms):,1000,3712,7664,23762,0,0,1,81970571153
Measurement_interval(ms):,1000,3712,7664,23762,0,0,1,81971571181
Measurement_interval(ms):,1000,3712,7664,23762,0,0,1,81972571171
Measurement_interval(ms):,1000,3712,7664,23762,0,0,1,81973571164
Measurement_interval(ms):,1000,3712,7664,23762,0,0,1,81974571153
Measurement_interval(ms):,1000,3712,7664,23762,0,0,1,81975571155
Measurement_interval(ms):,1000,3712,7664,23762,0,0,1,81976571170
Measurement_interval(ms):,1000,3712,7664,23762,0,0,1,81977571197
Measurement_interval(ms):,1000,3712,7664,23762,0,0,1,81978571533
Measurement_interval(ms):,1000,3712,7664,23762,0,0,1,81979571505
Measurement_interval(ms):,1000,3712,7664,23762,0,0,1,81980571688
Measurement_interval(ms):,1000,3712,7664,23762,0,0,1,81981571735
Measurement_interval(ms):,1000,3680,7664,23762,0,0,1,81982571141
Measurement_interval(ms):,1000,3712,7664,23762,0,0,1,81983571147
Measurement_interval(ms):,1000,3712,7664,23762,0,0,1,81984571154
Measurement_interval(ms):,1000,3712,7664,23762,0,0,1,81985571155
Measurement_interval(ms):,1000,3712,7664,23762,0,0,1,81986571181
Measurement_interval(ms):,1000,3712,7664,23762,0,0,1,81987571170
Measurement_interval(ms):,1000,3712,7664,23762,0,0,1,81988571161
Measurement_interval(ms):,1000,3744,7664,23762,0,0,1,81989571620
Measurement_interval(ms):,1000,3680,7664,23762,0,0,1,81990571171
Measurement_interval(ms):,1000,3712,7664,23762,0,0,1,81991571160
Measurement_interval(ms):,1000,3712,7664,23762,0,0,1,81992571161
Measurement_interval(ms):,1000,3712,7664,23762,0,0,1,81993571143
Measurement_interval(ms):,1000,3712,7664,23762,0,0,1,81994571163
Measurement_interval(ms):,1000,3712,7664,23762,0,0,1,81995571140
Measurement_interval(ms):,1000,3712,7664,23762,0,0,1,81996571153
