Measurement_interval(ms):,1000,0,0,0,0,0,1,147945736025
Measurement_interval(ms):,1000,0,0,0,0,0,1,147950587469
Measurement_interval(ms):,1000,0,0,0,0,0,1,147950587470
Measurement_interval(ms):,1000,0,0,0,0,0,1,147950587473
Measurement_interval(ms):,1000,0,0,0,0,0,1,147950587474
Measurement_interval(ms):,1000,0,0,0,0,0,1,147950587475
Measurement_interval(ms):,1000,0,0,0,0,0,1,147950587476
Measurement_interval(ms):,1000,0,0,0,0,0,1,147950587477
Measurement_interval(ms):,1000,0,0,0,0,0,1,147950587478
Measurement_interval(ms):,1000,751,0,0,0,0,1,147950982767
Measurement_interval(ms):,1000,2818,5336,10212,0,0,1,147951983278
Measurement_interval(ms):,1000,2927,5336,10212,0,0,1,147952982745
Measurement_interval(ms):,1000,2929,5336,10212,0,0,1,147953982747
Measurement_interval(ms):,1000,2927,5336,10212,0,0,1,147954982750
Measurement_interval(ms):,1000,2929,5336,10212,0,0,1,147955982779
Measurement_interval(ms):,1000,2944,5336,10212,0,0,1,147956982750
Measurement_interval(ms):,1000,2927,5336,10212,0,0,1,147957982775
Measurement_interval(ms):,1000,2929,5336,10212,0,0,1,147958982755
Measurement_interval(ms):,1000,2944,5336,10212,0,0,1,147959983251
Measurement_interval(ms):,1000,2927,5336,10212,0,0,1,147960982737
Measurement_interval(ms):,1000,2929,5336,10212,0,0,1,147961982746
Measurement_interval(ms):,1000,2927,5336,10212,0,0,1,147962982780
Measurement_interval(ms):,1000,2944,5336,10212,0,0,1,147963982773
Measurement_interval(ms):,1000,2929,5336,10212,0,0,1,147964982749
Measurement_interval(ms):,1000,2944,5336,10212,0,0,1,147965983404
Measurement_interval(ms):,1000,2927,5336,10212,0,0,1,147966982733
Measurement_interval(ms):,1000,2929,5336,10250,0,0,1,147967982771
Measurement_interval(ms):,1000,2944,5336,10250,0,0,1,147968982776
Measurement_interval(ms):,1000,2927,5336,10250,0,0,1,147969982745
Measurement_interval(ms):,1000,2929,5336,10250,0,0,1,147970982757
Measurement_interval(ms):,1000,2944,5336,10250,0,0,1,147971982734
Measurement_interval(ms):,1000,2927,5336,10250,0,0,1,147972982732
Measurement_interval(ms):,1000,2929,5336,10250,0,0,1,147973982746
Measurement_interval(ms):,1000,2944,5336,10250,0,0,1,147974982963
Measurement_interval(ms):,1000,2927,5336,10250,0,0,1,147975982774
Measurement_interval(ms):,1000,2929,5336,10250,0,0,1,147976982730
Measurement_interval(ms):,1000,2944,5336,10250,0,0,1,147977983159
Measurement_interval(ms):,1000,2926,5356,10250,0,0,1,147978982730
Measurement_interval(ms):,1000,2930,5476,10288,0,0,1,147979982765
Measurement_interval(ms):,1000,2926,5496,10326,0,0,1,147980982775
Measurement_interval(ms):,1000,2930,5496,10326,0,0,1,147981982730
Measurement_interval(ms):,1000,2926,5496,10326,0,0,1,147982982730
Measurement_interval(ms):,1000,2930,5496,10326,0,0,1,147983982766
