Measurement_interval(ms):,1000,0,0,0,0,0,1,81763493758
Measurement_interval(ms):,1000,0,0,0,0,0,1,81767468228
Measurement_interval(ms):,1000,0,0,0,0,0,1,81767468229
Measurement_interval(ms):,1000,0,0,0,0,0,1,81767468232
Measurement_interval(ms):,1000,0,0,0,0,0,1,81767468233
Measurement_interval(ms):,1000,0,0,0,0,0,1,81767468234
Measurement_interval(ms):,1000,0,0,0,0,0,1,81767468235
Measurement_interval(ms):,1000,0,0,0,0,0,1,81767468282
Measurement_interval(ms):,1000,0,0,0,0,0,1,81767468283
Measurement_interval(ms):,1000,0,0,0,0,0,1,81767468285
Measurement_interval(ms):,1000,24,0,0,0,0,1,81767490544
Measurement_interval(ms):,1000,1224,3291,10193,0,0,1,81768490553
Measurement_interval(ms):,1000,1228,3291,8625,0,0,1,81769490564
Measurement_interval(ms):,1000,1232,3291,7449,0,0,1,81770490573
Measurement_interval(ms):,1000,1232,3291,6273,0,0,1,81771490530
Measurement_interval(ms):,1000,1232,3291,6273,0,0,1,81772490558
Measurement_interval(ms):,1000,1228,3291,6273,0,0,1,81773490576
Measurement_interval(ms):,1000,1232,3291,6273,0,0,1,81774490543
Measurement_interval(ms):,1000,1232,3291,6273,0,0,1,81775490540
Measurement_interval(ms):,1000,1232,3291,6273,0,0,1,81776490558
Measurement_interval(ms):,1000,1232,3291,6273,0,0,1,81777490539
Measurement_interval(ms):,1000,1232,3291,6273,0,0,1,81778490545
Measurement_interval(ms):,1000,1224,3291,6273,0,0,1,81779490570
Measurement_interval(ms):,1000,1232,3291,6273,0,0,1,81780490552
Measurement_interval(ms):,1000,1232,3291,6273,0,0,1,81781490541
Measurement_interval(ms):,1000,1228,3291,6273,0,0,1,81782490562
Measurement_interval(ms):,1000,1232,3291,6273,0,0,1,81783490531
Measurement_interval(ms):,1000,1232,3291,6273,0,0,1,81784490564
Measurement_interval(ms):,1000,1232,3291,6273,0,0,1,81785490545
Measurement_interval(ms):,1000,1232,3291,6273,0,0,1,81786490580
Measurement_interval(ms):,1000,1232,3291,6273,0,0,1,81787490557
Measurement_interval(ms):,1000,1232,3291,6273,0,0,1,81788490546
Measurement_interval(ms):,1000,1232,3291,6273,0,0,1,81789490561
Measurement_interval(ms):,1000,1232,3291,6273,0,0,1,81790490556
Measurement_interval(ms):,1000,1232,3291,6273,0,0,1,81791490539
Measurement_interval(ms):,1000,1232,3291,6273,0,0,1,81792490556
Measurement_interval(ms):,1000,1232,3291,6273,0,0,1,81793490576
Measurement_interval(ms):,1000,1232,3291,6273,0,0,1,81794490561
Measurement_interval(ms):,1000,1232,3291,6273,0,0,1,81795490558
Measurement_interval(ms):,1000,1232,3291,6273,0,0,1,81796490795
Measurement_interval(ms):,1000,1228,3291,6273,0,0,1,81797490563
Measurement_interval(ms):,1000,1232,3291,6273,0,0,1,81798490553
Measurement_interval(ms):,1000,1232,3291,6273,0,0,1,81799490547
Measurement_interval(ms):,1000,1232,3291,6273,0,0,1,81800490546
Measurement_interval(ms):,1000,1232,3291,6273,0,0,1,81801490550
