Measurement_interval(ms):,1000,0,0,0,0,0,1,81887271545
Measurement_interval(ms):,1000,0,0,0,0,0,1,81894307424
Measurement_interval(ms):,1000,0,0,0,0,0,1,81894307426
Measurement_interval(ms):,1000,0,0,0,0,0,1,81894307429
Measurement_interval(ms):,1000,0,0,0,0,0,1,81894307429
Measurement_interval(ms):,1000,0,0,0,0,0,1,81894307431
Measurement_interval(ms):,1000,0,0,0,0,0,1,81894307432
Measurement_interval(ms):,1000,0,0,0,0,0,1,81894307476
Measurement_interval(ms):,1000,0,0,0,0,0,1,81894307477
Measurement_interval(ms):,1000,0,0,0,0,0,1,81894307479
Measurement_interval(ms):,1000,0,0,0,0,0,1,81894307480
Measurement_interval(ms):,1000,576,0,0,0,0,1,81894515068
Measurement_interval(ms):,1000,2944,5174,10162,0,0,1,81895515075
Measurement_interval(ms):,1000,2944,5174,10162,0,0,1,81896515061
Measurement_interval(ms):,1000,2944,5174,10162,0,0,1,81897515060
Measurement_interval(ms):,1000,2944,5174,10162,0,0,1,81898515067
Measurement_interval(ms):,1000,2944,5174,10162,0,0,1,81899515083
Measurement_interval(ms):,1000,2944,5174,10162,0,0,1,81900515073
Measurement_interval(ms):,1000,2944,5174,10212,0,0,1,81901515049
Measurement_interval(ms):,1000,2944,5174,10212,0,0,1,81902515049
Measurement_interval(ms):,1000,2944,5174,10212,0,0,1,81903515052
Measurement_interval(ms):,1000,2944,5174,10162,0,0,1,81904515087
Measurement_interval(ms):,1000,2944,5174,10212,0,0,1,81905515067
Measurement_interval(ms):,1000,2944,5174,10212,0,0,1,81906515076
Measurement_interval(ms):,1000,2944,5174,10212,0,0,1,81907515062
Measurement_interval(ms):,1000,2944,5174,10212,0,0,1,81908515047
Measurement_interval(ms):,1000,2944,5174,10212,0,0,1,81909515093
Measurement_interval(ms):,1000,2944,5174,10162,0,0,1,81910515073
Measurement_interval(ms):,1000,2944,5174,10212,0,0,1,81911515072
Measurement_interval(ms):,1000,2944,5174,10162,0,0,1,81912515054
Measurement_interval(ms):,1000,2944,5174,10212,0,0,1,81913515064
Measurement_interval(ms):,1000,2944,5174,10212,0,0,1,81914515064
Measurement_interval(ms):,1000,2944,5174,10212,0,0,1,81915515048
Measurement_interval(ms):,1000,2944,5174,10212,0,0,1,81916515065
Measurement_interval(ms):,1000,2944,5174,10212,0,0,1,81917515054
Measurement_interval(ms):,1000,2944,5174,10212,0,0,1,81918515074
Measurement_interval(ms):,1000,2944,5174,10212,0,0,1,81919515043
Measurement_interval(ms):,1000,2944,5174,10212,0,0,1,81920515053
Measurement_interval(ms):,1000,2944,5174,10212,0,0,1,81921515078
Measurement_interval(ms):,1000,2944,5174,10212,0,0,1,81922515076
Measurement_interval(ms):,1000,2944,5174,10212,0,0,1,81923515080
Measurement_interval(ms):,1000,2944,5174,10212,0,0,1,81924515046
Measurement_interval(ms):,1000,2944,5174,10212,0,0,1,81925515086
