Measurement_interval(ms):,1000,0,0,0,0,0,1,80515743037
Measurement_interval(ms):,1000,0,0,0,0,0,1,80519557607
Measurement_interval(ms):,1000,0,0,0,0,0,1,80519557609
Measurement_interval(ms):,1000,0,0,0,0,0,1,80519557612
Measurement_interval(ms):,1000,0,0,0,0,0,1,80519557613
Measurement_interval(ms):,1000,0,0,0,0,0,1,80519557614
Measurement_interval(ms):,1000,0,0,0,0,0,1,80519557615
Measurement_interval(ms):,1000,0,0,0,0,0,1,80519557662
Measurement_interval(ms):,1000,0,0,0,0,0,1,80519557663
Measurement_interval(ms):,1000,0,0,0,0,0,1,80519557664
Measurement_interval(ms):,1000,640,0,0,0,0,1,80519901821
Measurement_interval(ms):,1000,2320,6348,14218,0,0,1,80520901821
Measurement_interval(ms):,1000,2448,6348,14218,0,0,1,80521901784
Measurement_interval(ms):,1000,2432,6348,14133,0,0,1,80522901807
Measurement_interval(ms):,1000,2448,6348,14133,0,0,1,80523901812
Measurement_interval(ms):,1000,2448,6348,14133,0,0,1,80524902100
Measurement_interval(ms):,1000,2432,6348,14133,0,0,1,80525901820
Measurement_interval(ms):,1000,2448,6348,14133,0,0,1,80526901826
Measurement_interval(ms):,1000,2448,6348,14133,0,0,1,80527901792
Measurement_interval(ms):,1000,2448,6348,14133,0,0,1,80528902237
Measurement_interval(ms):,1000,2432,6348,14133,0,0,1,80529901790
Measurement_interval(ms):,1000,2448,6348,14133,0,0,1,80530901811
Measurement_interval(ms):,1000,2448,6348,14133,0,0,1,80531902443
Measurement_interval(ms):,1000,2432,6348,14133,0,0,1,80532901797
Measurement_interval(ms):,1000,2448,6348,14133,0,0,1,80533901833
Measurement_interval(ms):,1000,2448,6348,14133,0,0,1,80534901793
Measurement_interval(ms):,1000,2432,6348,14133,0,0,1,80535901809
Measurement_interval(ms):,1000,2448,6348,14133,0,0,1,80536901822
Measurement_interval(ms):,1000,2448,6348,14133,0,0,1,80537901795
Measurement_interval(ms):,1000,2464,6348,14133,0,0,1,80538901823
Measurement_interval(ms):,1000,2448,6348,14133,0,0,1,80539901800
Measurement_interval(ms):,1000,2448,6317,14133,0,0,1,80540901806
Measurement_interval(ms):,1000,2448,6317,14133,0,0,1,80541901820
Measurement_interval(ms):,1000,2448,6317,14133,0,0,1,80542901806
Measurement_interval(ms):,1000,2448,6317,14133,0,0,1,80543901798
Measurement_interval(ms):,1000,2448,6317,14133,0,0,1,80544901799
Measurement_interval(ms):,1000,2464,6317,14133,0,0,1,80545902321
Measurement_interval(ms):,1000,2448,6317,14133,0,0,1,80546901843
Measurement_interval(ms):,1000,2448,6317,14133,0,0,1,80547901845
Measurement_interval(ms):,1000,2448,6317,14133,0,0,1,80548901847
Measurement_interval(ms):,1000,2448,6317,14133,0,0,1,80549901847
Measurement_interval(ms):,1000,2448,6317,14133,0,0,1,80550901840
Measurement_interval(ms):,1000,2464,6317,14133,0,0,1,80551901847
