Measurement_interval(ms):,1000,0,0,0,0,0,1,80571408776
Measurement_interval(ms):,1000,0,0,0,0,0,1,80575717683
Measurement_interval(ms):,1000,0,0,0,0,0,1,80575717684
Measurement_interval(ms):,1000,0,0,0,0,0,1,80575717687
Measurement_interval(ms):,1000,0,0,0,0,0,1,80575717688
Measurement_interval(ms):,1000,0,0,0,0,0,1,80575717689
Measurement_interval(ms):,1000,0,0,0,0,0,1,80575717690
Measurement_interval(ms):,1000,0,0,0,0,0,1,80575717737
Measurement_interval(ms):,1000,0,0,0,0,0,1,80575717738
Measurement_interval(ms):,1000,0,0,0,0,0,1,80575717739
Measurement_interval(ms):,1000,160,0,0,0,0,1,80575825890
Measurement_interval(ms):,1000,3104,0,0,0,0,1,80576825848
Measurement_interval(ms):,1000,3200,9743,20020,0,0,1,80577825889
Measurement_interval(ms):,1000,3200,9743,20020,0,0,1,80578825881
Measurement_interval(ms):,1000,3200,9743,20020,0,0,1,80579825894
Measurement_interval(ms):,1000,3200,9743,19914,0,0,1,80580825848
Measurement_interval(ms):,1000,3200,9743,19914,0,0,1,80581825868
Measurement_interval(ms):,1000,3200,9691,19914,0,0,1,80582825893
Measurement_interval(ms):,1000,3200,9535,19808,0,0,1,80583825883
Measurement_interval(ms):,1000,3200,9171,19172,0,0,1,80584825882
Measurement_interval(ms):,1000,3200,9119,18748,0,0,1,80585825899
Measurement_interval(ms):,1000,3200,9119,18748,0,0,1,80586825875
Measurement_interval(ms):,1000,3200,9119,18748,0,0,1,80587825889
Measurement_interval(ms):,1000,3232,9119,18642,0,0,1,80588826280
Measurement_interval(ms):,1000,3200,9119,18642,0,0,1,80589825874
Measurement_interval(ms):,1000,3200,9119,18642,0,0,1,80590825864
Measurement_interval(ms):,1000,3200,9119,18642,0,0,1,80591825899
Measurement_interval(ms):,1000,3200,9119,18642,0,0,1,80592825854
Measurement_interval(ms):,1000,3200,9119,18642,0,0,1,80593825882
Measurement_interval(ms):,1000,3200,9119,18642,0,0,1,80594825855
Measurement_interval(ms):,1000,3200,9119,18642,0,0,1,80595825858
Measurement_interval(ms):,1000,3200,9119,18642,0,0,1,80596825856
Measurement_interval(ms):,1000,3200,9119,18642,0,0,1,80597825856
Measurement_interval(ms):,1000,3200,9119,18642,0,0,1,80598825898
Measurement_interval(ms):,1000,3232,9119,18642,0,0,1,80599825857
Measurement_interval(ms):,1000,3200,9119,18642,0,0,1,80600825858
Measurement_interval(ms):,1000,3200,9119,18642,0,0,1,80601825874
Measurement_interval(ms):,1000,3200,9119,18642,0,0,1,80602825893
Measurement_interval(ms):,1000,3200,9119,18642,0,0,1,80603825874
Measurement_interval(ms):,1000,3200,9119,18642,0,0,1,80604825860
Measurement_interval(ms):,1000,3200,9119,18642,0,0,1,80605825888
Measurement_interval(ms):,1000,3200,9119,18642,0,0,1,80606825893
Measurement_interval(ms):,1000,3200,9119,18642,0,0,1,80607825864
Measurement_interval(ms):,1000,3200,9119,18642,0,0,1,80608825885
