Measurement_interval(ms):,1000,0,0,0,0,0,1,148134341499
Measurement_interval(ms):,1000,0,0,0,0,0,1,148139631305
Measurement_interval(ms):,1000,0,0,0,0,0,1,148139631307
Measurement_interval(ms):,1000,0,0,0,0,0,1,148139631310
Measurement_interval(ms):,1000,0,0,0,0,0,1,148139631310
Measurement_interval(ms):,1000,0,0,0,0,0,1,148139631312
Measurement_interval(ms):,1000,0,0,0,0,0,1,148139631312
Measurement_interval(ms):,1000,0,0,0,0,0,1,148139631360
Measurement_interval(ms):,1000,0,0,0,0,0,1,148139631361
Measurement_interval(ms):,1000,0,0,0,0,0,1,148139631363
Measurement_interval(ms):,1000,0,0,0,0,0,1,148139631364
Measurement_interval(ms):,1000,0,0,0,0,0,1,148139631365
Measurement_interval(ms):,1000,2082,6280,12392,0,0,1,148140617904
Measurement_interval(ms):,1000,2448,6350,12462,0,0,1,148141617885
Measurement_interval(ms):,1000,2448,6350,12462,0,0,1,148142617858
Measurement_interval(ms):,1000,2432,6350,12462,0,0,1,148143617897
Measurement_interval(ms):,1000,2448,6350,12462,0,0,1,148144617861
Measurement_interval(ms):,1000,2432,6350,12532,0,0,1,148145617856
Measurement_interval(ms):,1000,2448,6350,12532,0,0,1,148146617856
Measurement_interval(ms):,1000,2432,6350,12532,0,0,1,148147617856
Measurement_interval(ms):,1000,2448,6350,12532,0,0,1,148148617886
Measurement_interval(ms):,1000,2446,6350,12532,0,0,1,148149618048
Measurement_interval(ms):,1000,2432,6630,12532,0,0,1,148150617879
Measurement_interval(ms):,1000,2432,6665,12532,0,0,1,148151617881
Measurement_interval(ms):,1000,2432,6665,12532,0,0,1,148152617862
Measurement_interval(ms):,1000,2450,6665,12532,0,0,1,148153617912
Measurement_interval(ms):,1000,2432,6665,12532,0,0,1,148154617879
Measurement_interval(ms):,1000,2432,6665,12532,0,0,1,148155617866
Measurement_interval(ms):,1000,2446,6665,12532,0,0,1,148156617862
Measurement_interval(ms):,1000,2432,6665,12532,0,0,1,148157617895
Measurement_interval(ms):,1000,2432,6665,12532,0,0,1,148158617856
Measurement_interval(ms):,1000,2450,6665,12532,0,0,1,148159618407
Measurement_interval(ms):,1000,2432,6665,12532,0,0,1,148160617860
Measurement_interval(ms):,1000,2432,6665,12532,0,0,1,148161617883
Measurement_interval(ms):,1000,2432,6665,12532,0,0,1,148162617901
Measurement_interval(ms):,1000,2446,6665,12532,0,0,1,148163617880
Measurement_interval(ms):,1000,2432,6665,12532,0,0,1,148164617860
Measurement_interval(ms):,1000,2432,6665,12532,0,0,1,148165617896
Measurement_interval(ms):,1000,2432,6665,12532,0,0,1,148166617872
Measurement_interval(ms):,1000,2432,6665,12532,0,0,1,148167617870
Measurement_interval(ms):,1000,2432,6665,12532,0,0,1,148168617868
Measurement_interval(ms):,1000,2432,6665,12532,0,0,1,148169617863
Measurement_interval(ms):,1000,2432,6665,12532,0,0,1,148170617900
Measurement_interval(ms):,1000,2432,6665,12602,0,0,1,148171617879
Measurement_interval(ms):,1000,2432,6665,12602,0,0,1,148172617852
Measurement_interval(ms):,1000,2432,6665,12602,0,0,1,148173617875
