Measurement_interval(ms):,1000,0,0,0,0,0,1,80451220909
Measurement_interval(ms):,1000,0,0,0,0,0,1,80457308359
Measurement_interval(ms):,1000,0,0,0,0,0,1,80457308361
Measurement_interval(ms):,1000,0,0,0,0,0,1,80457308364
Measurement_interval(ms):,1000,0,0,0,0,0,1,80457308365
Measurement_interval(ms):,1000,0,0,0,0,0,1,80457308367
Measurement_interval(ms):,1000,0,0,0,0,0,1,80457308368
Measurement_interval(ms):,1000,0,0,0,0,0,1,80457308369
Measurement_interval(ms):,1000,0,0,0,0,0,1,80457308370
Measurement_interval(ms):,1000,0,0,0,0,0,1,80457308372
Measurement_interval(ms):,1000,256,0,0,0,0,1,80457473599
Measurement_interval(ms):,1000,1608,4894,12090,0,0,1,80458473602
Measurement_interval(ms):,1000,1616,4894,11307,0,0,1,80459473624
Measurement_interval(ms):,1000,1616,4894,10437,0,0,1,80460473604
Measurement_interval(ms):,1000,1616,4894,9567,0,0,1,80461473595
Measurement_interval(ms):,1000,1616,4894,9567,0,0,1,80462473586
Measurement_interval(ms):,1000,1616,4894,9480,0,0,1,80463473612
Measurement_interval(ms):,1000,1616,4894,9480,0,0,1,80464473592
Measurement_interval(ms):,1000,1616,4894,9480,0,0,1,80465473614
Measurement_interval(ms):,1000,1616,4894,9480,0,0,1,80466473950
Measurement_interval(ms):,1000,1608,4894,9480,0,0,1,80467473593
Measurement_interval(ms):,1000,1624,4894,9480,0,0,1,80468473595
Measurement_interval(ms):,1000,1616,4894,9480,0,0,1,80469473615
Measurement_interval(ms):,1000,1616,4894,9480,0,0,1,80470473615
Measurement_interval(ms):,1000,1616,4894,9480,0,0,1,80471473623
Measurement_interval(ms):,1000,1616,4894,9480,0,0,1,80472473592
Measurement_interval(ms):,1000,1616,4894,9480,0,0,1,80473473581
Measurement_interval(ms):,1000,1616,4894,9480,0,0,1,80474473615
Measurement_interval(ms):,1000,1616,4894,9480,0,0,1,80475473590
Measurement_interval(ms):,1000,1616,4894,9480,0,0,1,80476473607
Measurement_interval(ms):,1000,1616,4894,9480,0,0,1,80477473623
Measurement_interval(ms):,1000,1624,4894,9480,0,0,1,80478473773
Measurement_interval(ms):,1000,1616,4894,9480,0,0,1,80479473603
Measurement_interval(ms):,1000,1616,4894,9480,0,0,1,80480473591
Measurement_interval(ms):,1000,1616,4894,9480,0,0,1,80481473593
Measurement_interval(ms):,1000,1616,4894,9480,0,0,1,80482473607
Measurement_interval(ms):,1000,1616,4894,9480,0,0,1,80483473575
Measurement_interval(ms):,1000,1616,4894,9480,0,0,1,80484473605
Measurement_interval(ms):,1000,1616,4894,9480,0,0,1,80485473596
Measurement_interval(ms):,1000,1616,4894,9480,0,0,1,80486473604
Measurement_interval(ms):,1000,1616,4894,9480,0,0,1,80487473584
Measurement_interval(ms):,1000,1624,4894,9480,0,0,1,80488473596
Measurement_interval(ms):,1000,1616,4894,9480,0,0,1,80489473614
Measurement_interval(ms):,1000,1616,4894,9480,0,0,1,80490473593
