Measurement_interval(ms):,1000,0,0,0,0,0,1,583383102491
Measurement_interval(ms):,1000,0,0,0,0,0,1,583386725958
Measurement_interval(ms):,1000,0,0,0,0,0,1,583386725960
Measurement_interval(ms):,1000,0,0,0,0,0,1,583386725962
Measurement_interval(ms):,1000,0,0,0,0,0,1,583386725963
Measurement_interval(ms):,1000,0,0,0,0,0,1,583386725964
Measurement_interval(ms):,1000,0,0,0,0,0,1,583386725965
Measurement_interval(ms):,1000,0,0,0,0,0,1,583388352518
Measurement_interval(ms):,1000,8,0,0,0,0,1,583389140821
Measurement_interval(ms):,1000,112,0,0,0,0,1,583389581340
Measurement_interval(ms):,1000,248,0,0,0,0,1,583390581987
Measurement_interval(ms):,1000,240,0,0,0,0,1,583391581344
Measurement_interval(ms):,1000,248,0,0,0,0,1,583392581382
Measurement_interval(ms):,1000,240,32696,64618,0,0,1,583393581382
Measurement_interval(ms):,1000,248,32696,64618,0,0,1,583394581372
Measurement_interval(ms):,1000,248,32696,64618,0,0,1,583395581381
Measurement_interval(ms):,1000,240,32696,64618,0,0,1,583396581343
Measurement_interval(ms):,1000,248,32696,64618,0,0,1,583397581344
Measurement_interval(ms):,1000,248,32696,64618,0,0,1,583398581384
Measurement_interval(ms):,1000,240,32696,64618,0,0,1,583399581383
Measurement_interval(ms):,1000,248,32696,64618,0,0,1,583400581346
Measurement_interval(ms):,1000,248,32696,64618,0,0,1,583401581354
Measurement_interval(ms):,1000,240,32696,64618,0,0,1,583402581373
Measurement_interval(ms):,1000,248,32696,64618,0,0,1,583403581343
Measurement_interval(ms):,1000,248,32696,64618,0,0,1,583404581350
Measurement_interval(ms):,1000,240,32696,64618,0,0,1,583405581357
Measurement_interval(ms):,1000,248,32859,64940,0,0,1,583406581363
Measurement_interval(ms):,1000,240,32859,64940,0,0,1,583407581362
Measurement_interval(ms):,1000,248,32859,64940,0,0,1,583408581344
Measurement_interval(ms):,1000,248,32859,64940,0,0,1,583409581373
Measurement_interval(ms):,1000,240,32859,64940,0,0,1,583410581371
Measurement_interval(ms):,1000,248,32859,64940,0,0,1,583411581362
Measurement_interval(ms):,1000,240,32859,64940,0,0,1,583412581385
Measurement_interval(ms):,1000,248,32859,64940,0,0,1,583413581350
Measurement_interval(ms):,1000,240,32859,64940,0,0,1,583414581353
Measurement_interval(ms):,1000,248,32859,64940,0,0,1,583415581375
Measurement_interval(ms):,1000,248,32859,64940,0,0,1,583416581352
Measurement_interval(ms):,1000,240,32859,64940,0,0,1,583417581372
Measurement_interval(ms):,1000,248,32859,64940,0,0,1,583418581344
Measurement_interval(ms):,1000,240,32859,64940,0,0,1,583419581375
Measurement_interval(ms):,1000,248,32859,64940,0,0,1,583420581348
