Measurement_interval(ms):,1000,0,0,0,0,0,1,575953230403
Measurement_interval(ms):,1000,0,0,0,0,0,1,575963481593
Measurement_interval(ms):,1000,0,0,0,0,0,1,575963481595
Measurement_interval(ms):,1000,0,0,0,0,0,1,575963481598
Measurement_interval(ms):,1000,0,0,0,0,0,1,575963481599
Measurement_interval(ms):,1000,0,0,0,0,0,1,575963481601
Measurement_interval(ms):,1000,0,0,0,0,0,1,575963481602
Measurement_interval(ms):,1000,0,0,0,0,0,1,575963481604
Measurement_interval(ms):,1000,0,0,0,0,0,1,575963481604
Measurement_interval(ms):,1000,0,0,0,0,0,1,575963481606
Measurement_interval(ms):,1000,0,0,0,0,0,1,575963481606
Measurement_interval(ms):,1000,0,0,0,0,0,1,575963481646
Measurement_interval(ms):,1000,0,0,0,0,0,1,575965082303
Measurement_interval(ms):,1000,4,0,0,0,0,1,575965572841
Measurement_interval(ms):,1000,120,0,0,0,0,1,575966209797
Measurement_interval(ms):,1000,192,0,0,0,0,1,575967209837
Measurement_interval(ms):,1000,188,21285,41896,0,0,1,575968209804
Measurement_interval(ms):,1000,192,21285,41896,0,0,1,575969209794
Measurement_interval(ms):,1000,188,21285,41896,0,0,1,575970209824
Measurement_interval(ms):,1000,188,21285,41896,0,0,1,575971209797
Measurement_interval(ms):,1000,192,21285,41896,0,0,1,575972209798
Measurement_interval(ms):,1000,188,21285,41896,0,0,1,575973209829
Measurement_interval(ms):,1000,188,21285,41896,0,0,1,575974209798
Measurement_interval(ms):,1000,192,21285,41896,0,0,1,575975209837
Measurement_interval(ms):,1000,188,21285,41896,0,0,1,575976209817
Measurement_interval(ms):,1000,188,21391,41896,0,0,1,575977209804
Measurement_interval(ms):,1000,192,21391,41896,0,0,1,575978209815
Measurement_interval(ms):,1000,188,21391,41896,0,0,1,575979209801
Measurement_interval(ms):,1000,188,21391,41896,0,0,1,575980209814
Measurement_interval(ms):,1000,192,21391,41896,0,0,1,575981209810
Measurement_interval(ms):,1000,188,21391,41896,0,0,1,575982209826
Measurement_interval(ms):,1000,192,21285,41896,0,0,1,575983209827
Measurement_interval(ms):,1000,188,21285,41896,0,0,1,575984209833
Measurement_interval(ms):,1000,188,21285,41896,0,0,1,575985209832
Measurement_interval(ms):,1000,192,21285,41896,0,0,1,575986209794
Measurement_interval(ms):,1000,188,21285,41896,0,0,1,575987209830
Measurement_interval(ms):,1000,192,21285,41896,0,0,1,575988210202
Measurement_interval(ms):,1000,188,21285,41896,0,0,1,575989209786
Measurement_interval(ms):,1000,188,21285,41896,0,0,1,575990209807
Measurement_interval(ms):,1000,192,21285,41896,0,0,1,575991209778
Measurement_interval(ms):,1000,188,21285,41896,0,0,1,575992209791
Measurement_interval(ms):,1000,188,21285,41896,0,0,1,575993209817
Measurement_interval(ms):,1000,192,21285,41896,0,0,1,575994209810
Measurement_interval(ms):,1000,188,21285,41896,0,0,1,575995209793
Measurement_interval(ms):,1000,192,21285,41896,0,0,1,575996209788
