Measurement_interval(ms):,1000,0,0,0,0,0,1,574948053614
Measurement_interval(ms):,1000,0,0,0,0,0,1,574954994722
Measurement_interval(ms):,1000,0,0,0,0,0,1,574954994724
Measurement_interval(ms):,1000,0,0,0,0,0,1,574954994727
Measurement_interval(ms):,1000,0,0,0,0,0,1,574954994728
Measurement_interval(ms):,1000,0,0,0,0,0,1,574954994730
Measurement_interval(ms):,1000,0,0,0,0,0,1,574954994730
Measurement_interval(ms):,1000,0,0,0,0,0,1,574954994732
Measurement_interval(ms):,1000,0,0,0,0,0,1,574954994733
Measurement_interval(ms):,1000,0,0,0,0,0,1,574954994777
Measurement_interval(ms):,1000,0,0,0,0,0,1,574954994778
Measurement_interval(ms):,1000,0,0,0,0,0,1,574956591129
Measurement_interval(ms):,1000,0,0,0,0,0,1,574956591133
Measurement_interval(ms):,1000,12,0,0,0,0,1,574957312019
Measurement_interval(ms):,1000,166,0,0,0,0,1,574958309321
Measurement_interval(ms):,1000,168,12089,23492,0,0,1,574959309318
Measurement_interval(ms):,1000,168,12089,23492,0,0,1,574960309342
Measurement_interval(ms):,1000,168,12089,23492,0,0,1,574961309865
Measurement_interval(ms):,1000,166,12089,23375,0,0,1,574962309357
Measurement_interval(ms):,1000,168,12089,23375,0,0,1,574963309323
Measurement_interval(ms):,1000,168,12028,23375,0,0,1,574964309360
Measurement_interval(ms):,1000,168,12028,23375,0,0,1,574965309328
Measurement_interval(ms):,1000,166,12089,23492,0,0,1,574966309350
Measurement_interval(ms):,1000,168,12089,23492,0,0,1,574967309321
Measurement_interval(ms):,1000,168,12089,23375,0,0,1,574968309361
Measurement_interval(ms):,1000,168,12028,23375,0,0,1,574969309319
Measurement_interval(ms):,1000,166,12028,23375,0,0,1,574970309339
Measurement_interval(ms):,1000,168,12028,23375,0,0,1,574971309363
Measurement_interval(ms):,1000,168,12028,23375,0,0,1,574972309328
Measurement_interval(ms):,1000,168,12028,23375,0,0,1,574973309327
Measurement_interval(ms):,1000,168,12028,23375,0,0,1,574974309365
Measurement_interval(ms):,1000,166,12028,23375,0,0,1,574975309365
Measurement_interval(ms):,1000,168,12028,23375,0,0,1,574976309354
Measurement_interval(ms):,1000,168,12028,23375,0,0,1,574977309367
Measurement_interval(ms):,1000,168,12028,23375,0,0,1,574978309336
Measurement_interval(ms):,1000,168,12028,23375,0,0,1,574979309324
Measurement_interval(ms):,1000,166,12028,23375,0,0,1,574980309343
Measurement_interval(ms):,1000,168,12028,23375,0,0,1,574981309328
Measurement_interval(ms):,1000,168,12028,23375,0,0,1,574982309336
Measurement_interval(ms):,1000,168,12028,23375,0,0,1,574983309364
Measurement_interval(ms):,1000,166,12028,23375,0,0,1,574984309342
Measurement_interval(ms):,1000,168,12028,23375,0,0,1,574985309330
Measurement_interval(ms):,1000,168,12028,23375,0,0,1,574986309369
Measurement_interval(ms):,1000,168,12028,23375,0,0,1,574987309371
Measurement_interval(ms):,1000,168,12028,23375,0,0,1,574988309340
Measurement_interval(ms):,1000,166,12028,23375,0,0,1,574989309384
