Measurement_interval(ms):,1000,0,0,0,0,0,1,574231068770
Measurement_interval(ms):,1000,0,0,0,0,0,1,574234684714
Measurement_interval(ms):,1000,0,0,0,0,0,1,574234684715
Measurement_interval(ms):,1000,0,0,0,0,0,1,574234684718
Measurement_interval(ms):,1000,0,0,0,0,0,1,574234684719
Measurement_interval(ms):,1000,0,0,0,0,0,1,574234684721
Measurement_interval(ms):,1000,0,0,0,0,0,1,574234684722
Measurement_interval(ms):,1000,0,0,0,0,0,1,574234684723
Measurement_interval(ms):,1000,0,0,0,0,0,1,574236266532
Measurement_interval(ms):,1000,0,0,0,0,0,1,574236266535
Measurement_interval(ms):,1000,15,0,0,0,0,1,574237012392
Measurement_interval(ms):,1000,134,10232,17026,0,0,1,574238012389
Measurement_interval(ms):,1000,135,7762,17026,0,0,1,574239012393
Measurement_interval(ms):,1000,136,7762,14749,0,0,1,574240012346
Measurement_interval(ms):,1000,135,7762,14749,0,0,1,574241012387
Measurement_interval(ms):,1000,136,7762,14749,0,0,1,574242012394
Measurement_interval(ms):,1000,135,7762,14749,0,0,1,574243012368
Measurement_interval(ms):,1000,136,7762,14749,0,0,1,574244012375
Measurement_interval(ms):,1000,136,7762,14650,0,0,1,574245012371
Measurement_interval(ms):,1000,136,7697,14650,0,0,1,574246012759
Measurement_interval(ms):,1000,135,7697,14650,0,0,1,574247012381
Measurement_interval(ms):,1000,136,7502,14650,0,0,1,574248012358
Measurement_interval(ms):,1000,136,7502,14353,0,0,1,574249012382
Measurement_interval(ms):,1000,136,7502,14353,0,0,1,574250012368
Measurement_interval(ms):,1000,136,7502,14353,0,0,1,574251012352
Measurement_interval(ms):,1000,136,7502,14353,0,0,1,574252012516
Measurement_interval(ms):,1000,135,7502,14353,0,0,1,574253012383
Measurement_interval(ms):,1000,136,7502,14254,0,0,1,574254012339
Measurement_interval(ms):,1000,136,7502,14254,0,0,1,574255012363
Measurement_interval(ms):,1000,136,7502,14254,0,0,1,574256012384
Measurement_interval(ms):,1000,135,7502,14254,0,0,1,574257012343
Measurement_interval(ms):,1000,136,7502,14254,0,0,1,574258012382
Measurement_interval(ms):,1000,136,7502,14254,0,0,1,574259012342
Measurement_interval(ms):,1000,136,7502,14254,0,0,1,574260012376
Measurement_interval(ms):,1000,136,7502,14254,0,0,1,574261012381
Measurement_interval(ms):,1000,135,7502,14254,0,0,1,574262012335
Measurement_interval(ms):,1000,136,7502,14254,0,0,1,574263012365
Measurement_interval(ms):,1000,136,7502,14254,0,0,1,574264012344
Measurement_interval(ms):,1000,136,7502,14254,0,0,1,574265012357
Measurement_interval(ms):,1000,136,7502,14254,0,0,1,574266012344
Measurement_interval(ms):,1000,135,7502,14254,0,0,1,574267012377
