Measurement_interval(ms):,1000,0,0,0,0,0,1,139252902873
Measurement_interval(ms):,1000,0,0,0,0,0,1,139252902878
Measurement_interval(ms):,1000,0,0,0,0,0,1,139252902880
Measurement_interval(ms):,1000,0,0,0,0,0,1,139252902883
Measurement_interval(ms):,1000,0,0,0,0,0,1,139252902885
Measurement_interval(ms):,1000,0,0,0,0,0,1,139252902888
Measurement_interval(ms):,1000,0,0,0,0,0,1,139252902890
Measurement_interval(ms):,1000,0,0,0,0,0,1,139252902892
Measurement_interval(ms):,1000,0,0,0,0,0,1,139252902894
Measurement_interval(ms):,1000,421,0,0,0,0,1,139253862384
Measurement_interval(ms):,1000,480,0,0,0,0,1,139254862383
Measurement_interval(ms):,1000,446,0,0,0,0,1,139255862362
Measurement_interval(ms):,1000,480,0,0,0,0,1,139256862367
Measurement_interval(ms):,1000,454,0,0,0,0,1,139257862395
Measurement_interval(ms):,1000,446,0,0,0,0,1,139258862411
Measurement_interval(ms):,1000,480,0,0,0,0,1,139259862372
Measurement_interval(ms):,1000,454,75017,130418,0,0,1,139260862392
Measurement_interval(ms):,1000,446,75017,130418,0,0,1,139261862408
Measurement_interval(ms):,1000,480,75017,130418,0,0,1,139262862358
Measurement_interval(ms):,1000,454,75017,130418,0,0,1,139263862371
Measurement_interval(ms):,1000,480,75017,130418,0,0,1,139264862403
Measurement_interval(ms):,1000,446,75017,130418,0,0,1,139265862379
Measurement_interval(ms):,1000,480,75017,130418,0,0,1,139266862389
Measurement_interval(ms):,1000,454,75017,130418,0,0,1,139267862384
Measurement_interval(ms):,1000,446,75017,130418,0,0,1,139268862373
Measurement_interval(ms):,1000,480,75017,130418,0,0,1,139269862398
Measurement_interval(ms):,1000,454,75017,130418,0,0,1,139270862389
Measurement_interval(ms):,1000,480,75017,130418,0,0,1,139271862368
Measurement_interval(ms):,1000,446,75017,130418,0,0,1,139272862370
Measurement_interval(ms):,1000,454,75017,130418,0,0,1,139273862352
Measurement_interval(ms):,1000,480,75017,130418,0,0,1,139274862380
Measurement_interval(ms):,1000,446,75017,130418,0,0,1,139275862396
Measurement_interval(ms):,1000,480,75017,130418,0,0,1,139276862351
Measurement_interval(ms):,1000,454,75017,130418,0,0,1,139277862371
Measurement_interval(ms):,1000,446,75017,130418,0,0,1,139278862372
Measurement_interval(ms):,1000,480,75017,130418,0,0,1,139279862391
Measurement_interval(ms):,1000,454,75017,130418,0,0,1,139280862373
Measurement_interval(ms):,1000,446,75017,130418,0,0,1,139281862377
Measurement_interval(ms):,1000,480,75017,130418,0,0,1,139282862377
Measurement_interval(ms):,1000,454,75017,130418,0,0,1,139283862377
Measurement_interval(ms):,1000,446,75017,130418,0,0,1,139284862393
Measurement_interval(ms):,1000,480,75017,130418,0,0,1,139285862390
Measurement_interval(ms):,1000,454,75017,131076,0,0,1,139286862394
