Measurement_interval(ms):,1000,0,0,0,0,0,1,135827143330
Measurement_interval(ms):,1000,0,0,0,0,0,1,135830366983
Measurement_interval(ms):,1000,0,0,0,0,0,1,135830366984
Measurement_interval(ms):,1000,0,0,0,0,0,1,135830366987
Measurement_interval(ms):,1000,0,0,0,0,0,1,135830366987
Measurement_interval(ms):,1000,0,0,0,0,0,1,135830366988
Measurement_interval(ms):,1000,0,0,0,0,0,1,135830366989
Measurement_interval(ms):,1000,0,0,0,0,0,1,135830367037
Measurement_interval(ms):,1000,0,0,0,0,0,1,135830367038
Measurement_interval(ms):,1000,0,0,0,0,0,1,135830367040
Measurement_interval(ms):,1000,0,0,0,0,0,1,135830367041
Measurement_interval(ms):,1000,0,0,0,0,0,1,135830367043
Measurement_interval(ms):,1000,352,0,0,0,0,1,135831126789
Measurement_interval(ms):,1000,480,0,0,0,0,1,135832126804
Measurement_interval(ms):,1000,512,0,0,0,0,1,135833126809
Measurement_interval(ms):,1000,480,0,0,0,0,1,135834126802
Measurement_interval(ms):,1000,480,0,0,0,0,1,135835126781
Measurement_interval(ms):,1000,512,0,0,0,0,1,135836126797
Measurement_interval(ms):,1000,480,0,0,0,0,1,135837126791
Measurement_interval(ms):,1000,480,64405,129740,0,0,1,135838126823
Measurement_interval(ms):,1000,512,64405,129740,0,0,1,135839126804
Measurement_interval(ms):,1000,480,64405,129740,0,0,1,135840126800
Measurement_interval(ms):,1000,480,64405,129740,0,0,1,135841126774
Measurement_interval(ms):,1000,512,64405,129740,0,0,1,135842126789
Measurement_interval(ms):,1000,480,64405,129740,0,0,1,135843126812
Measurement_interval(ms):,1000,480,64405,129740,0,0,1,135844126803
Measurement_interval(ms):,1000,480,64405,129740,0,0,1,135845126770
Measurement_interval(ms):,1000,512,64405,129740,0,0,1,135846126804
Measurement_interval(ms):,1000,480,64405,129740,0,0,1,135847126800
Measurement_interval(ms):,1000,480,64405,129740,0,0,1,135848126798
Measurement_interval(ms):,1000,512,64405,129740,0,0,1,135849126791
Measurement_interval(ms):,1000,480,64405,129740,0,0,1,135850126769
Measurement_interval(ms):,1000,480,64405,129740,0,0,1,135851126802
Measurement_interval(ms):,1000,512,64405,129740,0,0,1,135852126793
Measurement_interval(ms):,1000,480,64405,129740,0,0,1,135853126767
Measurement_interval(ms):,1000,480,64405,129740,0,0,1,135854126773
Measurement_interval(ms):,1000,480,64405,129740,0,0,1,135855126776
Measurement_interval(ms):,1000,512,64405,129740,0,0,1,135856126762
Measurement_interval(ms):,1000,480,64405,129740,0,0,1,135857126801
Measurement_interval(ms):,1000,480,64405,129740,0,0,1,135858126787
Measurement_interval(ms):,1000,512,64405,129740,0,0,1,135859126795
Measurement_interval(ms):,1000,480,64405,129740,0,0,1,135860126774
Measurement_interval(ms):,1000,480,64405,129740,0,0,1,135861126801
Measurement_interval(ms):,1000,480,64405,129740,0,0,1,135862126780
Measurement_interval(ms):,1000,512,64405,129740,0,0,1,135863126792
Measurement_interval(ms):,1000,288,64405,129740,0,0,1,135864456316
