Measurement_interval(ms):,1000,0,0,0,0,0,1,135403367580
Measurement_interval(ms):,1000,0,0,0,0,0,1,135406250798
Measurement_interval(ms):,1000,0,0,0,0,0,1,135406250799
Measurement_interval(ms):,1000,0,0,0,0,0,1,135406250802
Measurement_interval(ms):,1000,0,0,0,0,0,1,135406250803
Measurement_interval(ms):,1000,0,0,0,0,0,1,135406250805
Measurement_interval(ms):,1000,0,0,0,0,0,1,135406250805
Measurement_interval(ms):,1000,0,0,0,0,0,1,135406250807
Measurement_interval(ms):,1000,0,0,0,0,0,1,135406250808
Measurement_interval(ms):,1000,0,0,0,0,0,1,135406250809
Measurement_interval(ms):,1000,0,0,0,0,0,1,135406250810
Measurement_interval(ms):,1000,6,0,0,0,0,1,135406346100
Measurement_interval(ms):,1000,90,0,0,0,0,1,135407346071
Measurement_interval(ms):,1000,88,0,0,0,0,1,135408346106
Measurement_interval(ms):,1000,88,22828,45043,0,0,1,135409346082
Measurement_interval(ms):,1000,88,22828,45043,0,0,1,135410346065
Measurement_interval(ms):,1000,90,22828,45043,0,0,1,135411346064
Measurement_interval(ms):,1000,88,22828,45043,0,0,1,135412346100
Measurement_interval(ms):,1000,88,22828,45043,0,0,1,135413346092
Measurement_interval(ms):,1000,88,22828,45043,0,0,1,135414346090
Measurement_interval(ms):,1000,88,22828,45043,0,0,1,135415346062
Measurement_interval(ms):,1000,90,22714,44818,0,0,1,135416346072
Measurement_interval(ms):,1000,88,22714,44818,0,0,1,135417346070
Measurement_interval(ms):,1000,88,22714,44818,0,0,1,135418346109
Measurement_interval(ms):,1000,88,22714,44818,0,0,1,135419346064
Measurement_interval(ms):,1000,90,22714,44818,0,0,1,135420346063
Measurement_interval(ms):,1000,88,22714,44818,0,0,1,135421346100
Measurement_interval(ms):,1000,88,22828,45043,0,0,1,135422346099
Measurement_interval(ms):,1000,88,22828,45043,0,0,1,135423346070
Measurement_interval(ms):,1000,90,22828,45043,0,0,1,135424346072
Measurement_interval(ms):,1000,88,22828,45043,0,0,1,135425346075
Measurement_interval(ms):,1000,88,22828,45043,0,0,1,135426346060
Measurement_interval(ms):,1000,88,22714,45043,0,0,1,135427346097
Measurement_interval(ms):,1000,90,22714,45043,0,0,1,135428346090
Measurement_interval(ms):,1000,88,22714,44818,0,0,1,135429346084
Measurement_interval(ms):,1000,88,22714,44818,0,0,1,135430346090
Measurement_interval(ms):,1000,88,22714,44818,0,0,1,135431346096
Measurement_interval(ms):,1000,90,22714,44818,0,0,1,135432346080
Measurement_interval(ms):,1000,88,22714,44818,0,0,1,135433346070
Measurement_interval(ms):,1000,88,22828,45043,0,0,1,135434346100
Measurement_interval(ms):,1000,88,22828,45043,0,0,1,135435346059
Measurement_interval(ms):,1000,90,22828,45043,0,0,1,135436346223
Measurement_interval(ms):,1000,88,22828,45043,0,0,1,135437346078
Measurement_interval(ms):,1000,88,22828,45043,0,0,1,135438346066
Measurement_interval(ms):,1000,88,22828,45043,0,0,1,135439346086
Measurement_interval(ms):,1000,88,22828,45043,0,0,1,135440346105
Measurement_interval(ms):,1000,90,22828,45043,0,0,1,135441346068
