Measurement_interval(ms):,1000,0,0,0,0,0,1,135760844412
Measurement_interval(ms):,1000,0,0,0,0,0,1,135767557208
Measurement_interval(ms):,1000,0,0,0,0,0,1,135767557210
Measurement_interval(ms):,1000,0,0,0,0,0,1,135767557212
Measurement_interval(ms):,1000,0,0,0,0,0,1,135767557213
Measurement_interval(ms):,1000,0,0,0,0,0,1,135767557215
Measurement_interval(ms):,1000,0,0,0,0,0,1,135767557215
Measurement_interval(ms):,1000,0,0,0,0,0,1,135767557217
Measurement_interval(ms):,1000,0,0,0,0,0,1,135767557218
Measurement_interval(ms):,1000,0,0,0,0,0,1,135767557263
Measurement_interval(ms):,1000,0,0,0,0,0,1,135767557263
Measurement_interval(ms):,1000,0,0,0,0,0,1,135767557266
Measurement_interval(ms):,1000,0,0,0,0,0,1,135767557267
Measurement_interval(ms):,1000,0,0,0,0,0,1,135767557268
Measurement_interval(ms):,1000,0,0,0,0,0,1,135767557269
Measurement_interval(ms):,1000,16,0,0,0,0,1,135767620440
Measurement_interval(ms):,1000,384,0,0,0,0,1,135768620468
Measurement_interval(ms):,1000,384,0,0,0,0,1,135769620480
Measurement_interval(ms):,1000,400,0,0,0,0,1,135770620439
Measurement_interval(ms):,1000,384,0,0,0,0,1,135771620451
Measurement_interval(ms):,1000,384,41411,82412,0,0,1,135772620448
Measurement_interval(ms):,1000,384,41411,82412,0,0,1,135773620453
Measurement_interval(ms):,1000,384,41411,82412,0,0,1,135774620447
Measurement_interval(ms):,1000,400,41411,82412,0,0,1,135775620458
Measurement_interval(ms):,1000,384,41411,82001,0,0,1,135776620447
Measurement_interval(ms):,1000,384,41411,82001,0,0,1,135777620450
Measurement_interval(ms):,1000,384,41411,82001,0,0,1,135778620439
Measurement_interval(ms):,1000,400,41411,82001,0,0,1,135779620428
Measurement_interval(ms):,1000,384,41411,82001,0,0,1,135780620457
Measurement_interval(ms):,1000,384,41411,82001,0,0,1,135781620431
Measurement_interval(ms):,1000,384,41411,82001,0,0,1,135782620450
Measurement_interval(ms):,1000,400,41411,82001,0,0,1,135783620440
Measurement_interval(ms):,1000,384,41411,82001,0,0,1,135784620425
Measurement_interval(ms):,1000,384,41411,82001,0,0,1,135785620456
Measurement_interval(ms):,1000,384,41411,82001,0,0,1,135786620455
Measurement_interval(ms):,1000,400,41411,82001,0,0,1,135787620448
Measurement_interval(ms):,1000,384,41411,82001,0,0,1,135788620425
Measurement_interval(ms):,1000,384,41411,82001,0,0,1,135789620425
Measurement_interval(ms):,1000,384,41411,82001,0,0,1,135790620454
Measurement_interval(ms):,1000,384,41411,82001,0,0,1,135791620439
Measurement_interval(ms):,1000,400,41411,82001,0,0,1,135792620433
Measurement_interval(ms):,1000,384,41411,82001,0,0,1,135793620429
Measurement_interval(ms):,1000,384,41411,82001,0,0,1,135794620466
Measurement_interval(ms):,1000,384,41411,82001,0,0,1,135795620415
Measurement_interval(ms):,1000,400,41411,82001,0,0,1,135796620422
Measurement_interval(ms):,1000,384,41411,82001,0,0,1,135797620456
Measurement_interval(ms):,1000,384,41411,82001,0,0,1,135798620426
Measurement_interval(ms):,1000,384,41411,82001,0,0,1,135799620429
Measurement_interval(ms):,1000,400,41411,82001,0,0,1,135800620448
