Measurement_interval(ms):,1000,0,0,0,0,0,1,135693810404
Measurement_interval(ms):,1000,0,0,0,0,0,1,135696564236
Measurement_interval(ms):,1000,0,0,0,0,0,1,135696564237
Measurement_interval(ms):,1000,0,0,0,0,0,1,135696564240
Measurement_interval(ms):,1000,0,0,0,0,0,1,135696564241
Measurement_interval(ms):,1000,0,0,0,0,0,1,135696564243
Measurement_interval(ms):,1000,0,0,0,0,0,1,135696564244
Measurement_interval(ms):,1000,0,0,0,0,0,1,135696564291
Measurement_interval(ms):,1000,0,0,0,0,0,1,135696564292
Measurement_interval(ms):,1000,0,0,0,0,0,1,135696564294
Measurement_interval(ms):,1000,0,0,0,0,0,1,135696564295
Measurement_interval(ms):,1000,0,0,0,0,0,1,135696564296
Measurement_interval(ms):,1000,0,0,0,0,0,1,135696564297
Measurement_interval(ms):,1000,0,0,0,0,0,1,135696564298
Measurement_interval(ms):,1000,0,0,0,0,0,1,135696564299
Measurement_interval(ms):,1000,0,0,0,0,0,1,135696564346
Measurement_interval(ms):,1000,0,0,0,0,0,1,135696564347
Measurement_interval(ms):,1000,0,0,0,0,0,1,135696564349
Measurement_interval(ms):,1000,0,0,0,0,0,1,135696564350
Measurement_interval(ms):,1000,120,0,0,0,0,1,135697053041
Measurement_interval(ms):,1000,264,0,0,0,0,1,135698053046
Measurement_interval(ms):,1000,256,0,0,0,0,1,135699053017
Measurement_interval(ms):,1000,264,30899,61231,0,0,1,135700053006
Measurement_interval(ms):,1000,264,30899,61231,0,0,1,135701053024
Measurement_interval(ms):,1000,256,30899,61231,0,0,1,135702053040
Measurement_interval(ms):,1000,264,30899,61231,0,0,1,135703053046
Measurement_interval(ms):,1000,256,30899,61231,0,0,1,135704053005
Measurement_interval(ms):,1000,264,30899,61231,0,0,1,135705053048
Measurement_interval(ms):,1000,264,30899,61231,0,0,1,135706053023
Measurement_interval(ms):,1000,256,30899,61231,0,0,1,135707053001
Measurement_interval(ms):,1000,264,30899,61231,0,0,1,135708053026
Measurement_interval(ms):,1000,256,30899,61231,0,0,1,135709053004
Measurement_interval(ms):,1000,264,30899,61231,0,0,1,135710053036
Measurement_interval(ms):,1000,264,30899,61231,0,0,1,135711053025
Measurement_interval(ms):,1000,256,30899,61231,0,0,1,135712053012
Measurement_interval(ms):,1000,264,30899,61231,0,0,1,135713053042
Measurement_interval(ms):,1000,256,30899,61231,0,0,1,135714053024
Measurement_interval(ms):,1000,264,30899,61231,0,0,1,135715053005
Measurement_interval(ms):,1000,264,30899,61231,0,0,1,135716053006
Measurement_interval(ms):,1000,256,30899,61231,0,0,1,135717053010
Measurement_interval(ms):,1000,264,30899,61231,0,0,1,135718053039
Measurement_interval(ms):,1000,256,30899,61231,0,0,1,135719053017
Measurement_interval(ms):,1000,264,30899,61231,0,0,1,135720053049
Measurement_interval(ms):,1000,264,30899,61231,0,0,1,135721053036
Measurement_interval(ms):,1000,256,30899,60926,0,0,1,135722053020
Measurement_interval(ms):,1000,264,30899,60926,0,0,1,135723053042
Measurement_interval(ms):,1000,264,30899,60926,0,0,1,135724053043
Measurement_interval(ms):,1000,256,30899,60926,0,0,1,135725053053
Measurement_interval(ms):,1000,264,30899,60926,0,0,1,135726053009
Measurement_interval(ms):,1000,256,30899,60926,0,0,1,135727053045
Measurement_interval(ms):,1000,264,30745,60926,0,0,1,135728053011
Measurement_interval(ms):,1000,264,30745,60926,0,0,1,135729053013
Measurement_interval(ms):,1000,256,30745,60926,0,0,1,135730053034
Measurement_interval(ms):,1000,264,30745,60926,0,0,1,135731053020
Measurement_interval(ms):,1000,256,30745,60926,0,0,1,135732053014
