Measurement_interval(ms):,1000,0,0,0,0,0,1,135467119093
Measurement_interval(ms):,1000,0,0,0,0,0,1,135469977028
Measurement_interval(ms):,1000,0,0,0,0,0,1,135469977029
Measurement_interval(ms):,1000,0,0,0,0,0,1,135469977032
Measurement_interval(ms):,1000,0,0,0,0,0,1,135469977033
Measurement_interval(ms):,1000,0,0,0,0,0,1,135469977035
Measurement_interval(ms):,1000,0,0,0,0,0,1,135469977035
Measurement_interval(ms):,1000,0,0,0,0,0,1,135469977082
Measurement_interval(ms):,1000,0,0,0,0,0,1,135469977083
Measurement_interval(ms):,1000,0,0,0,0,0,1,135469977085
Measurement_interval(ms):,1000,0,0,0,0,0,1,135469977086
Measurement_interval(ms):,1000,20,0,0,0,0,1,135470111755
Measurement_interval(ms):,1000,156,0,0,0,0,1,135471111760
Measurement_interval(ms):,1000,160,0,0,0,0,1,135472111781
Measurement_interval(ms):,1000,160,25473,50340,0,0,1,135473111782
Measurement_interval(ms):,1000,156,25473,50340,0,0,1,135474111774
Measurement_interval(ms):,1000,160,25473,50340,0,0,1,135475111794
Measurement_interval(ms):,1000,156,25473,50340,0,0,1,135476111772
Measurement_interval(ms):,1000,160,25473,50340,0,0,1,135477111800
Measurement_interval(ms):,1000,160,25473,50340,0,0,1,135478111774
Measurement_interval(ms):,1000,156,25473,50340,0,0,1,135479111757
Measurement_interval(ms):,1000,160,25473,50340,0,0,1,135480111800
Measurement_interval(ms):,1000,160,25473,50340,0,0,1,135481111783
Measurement_interval(ms):,1000,156,25473,50340,0,0,1,135482111758
Measurement_interval(ms):,1000,160,25473,50340,0,0,1,135483111777
Measurement_interval(ms):,1000,156,25473,50340,0,0,1,135484111798
Measurement_interval(ms):,1000,160,25473,50340,0,0,1,135485111799
Measurement_interval(ms):,1000,160,25473,50340,0,0,1,135486111789
Measurement_interval(ms):,1000,156,25473,50340,0,0,1,135487111768
Measurement_interval(ms):,1000,160,25473,50340,0,0,1,135488111768
Measurement_interval(ms):,1000,160,25473,50340,0,0,1,135489111787
Measurement_interval(ms):,1000,156,25473,50340,0,0,1,135490111758
Measurement_interval(ms):,1000,160,25473,50340,0,0,1,135491111790
Measurement_interval(ms):,1000,160,25473,50340,0,0,1,135492112376
Measurement_interval(ms):,1000,156,25473,50340,0,0,1,135493111776
Measurement_interval(ms):,1000,160,25473,50340,0,0,1,135494111764
Measurement_interval(ms):,1000,156,25473,50340,0,0,1,135495111795
Measurement_interval(ms):,1000,160,25473,50340,0,0,1,135496111795
Measurement_interval(ms):,1000,160,25473,50340,0,0,1,135497111788
Measurement_interval(ms):,1000,156,25473,50340,0,0,1,135498111801
Measurement_interval(ms):,1000,160,25473,50340,0,0,1,135499111773
Measurement_interval(ms):,1000,160,25473,50340,0,0,1,135500111780
Measurement_interval(ms):,1000,156,25473,50340,0,0,1,135501111774
