Measurement_interval(ms):,1000,0,0,0,0,0,1,499555954606
Measurement_interval(ms):,1000,0,0,0,0,0,1,499560447725
Measurement_interval(ms):,1000,0,0,0,0,0,1,499560447726
Measurement_interval(ms):,1000,0,0,0,0,0,1,499560447729
Measurement_interval(ms):,1000,0,0,0,0,0,1,499560447730
Measurement_interval(ms):,1000,0,0,0,0,0,1,499562013991
Measurement_interval(ms):,1000,0,0,0,0,0,1,499562013994
Measurement_interval(ms):,1000,878,1911,13936,0,0,1,499562886942
Measurement_interval(ms):,1000,1078,1861,9436,0,0,1,499563887314
Measurement_interval(ms):,1000,1076,1861,5086,0,0,1,499564886956
Measurement_interval(ms):,1000,1078,1861,3436,0,0,1,499565886963
Measurement_interval(ms):,1000,1078,1861,3286,0,0,1,499566886918
Measurement_interval(ms):,1000,1076,1861,3286,0,0,1,499567886928
Measurement_interval(ms):,1000,1078,1861,3286,0,0,1,499568886955
Measurement_interval(ms):,1000,1078,1861,3286,0,0,1,499569887405
Measurement_interval(ms):,1000,1076,1861,3286,0,0,1,499570886932
Measurement_interval(ms):,1000,1078,1861,3286,0,0,1,499571886929
Measurement_interval(ms):,1000,1078,1861,3286,0,0,1,499572886949
Measurement_interval(ms):,1000,1078,1861,3286,0,0,1,499573887373
Measurement_interval(ms):,1000,1076,1861,3286,0,0,1,499574886953
Measurement_interval(ms):,1000,1078,1861,3286,0,0,1,499575886940
Measurement_interval(ms):,1000,1078,1861,3286,0,0,1,499576886915
Measurement_interval(ms):,1000,1078,1861,3286,0,0,1,499577887348
Measurement_interval(ms):,1000,1076,1861,3286,0,0,1,499578886945
Measurement_interval(ms):,1000,1078,1861,3286,0,0,1,499579886946
Measurement_interval(ms):,1000,1078,1861,3286,0,0,1,499580886914
Measurement_interval(ms):,1000,1078,1861,3286,0,0,1,499581887160
Measurement_interval(ms):,1000,1076,1861,3286,0,0,1,499582886944
Measurement_interval(ms):,1000,1078,1861,3286,0,0,1,499583886924
Measurement_interval(ms):,1000,1078,1861,3286,0,0,1,499584886946
Measurement_interval(ms):,1000,1078,1861,3286,0,0,1,499585887238
Measurement_interval(ms):,1000,1076,1861,3286,0,0,1,499586886952
Measurement_interval(ms):,1000,1078,1861,3286,0,0,1,499587886913
Measurement_interval(ms):,1000,1078,1861,3286,0,0,1,499588887039
Measurement_interval(ms):,1000,1076,1861,3286,0,0,1,499589886947
Measurement_interval(ms):,1000,1078,1861,3286,0,0,1,499590886945
Measurement_interval(ms):,1000,1078,1861,3286,0,0,1,499591886959
Measurement_interval(ms):,1000,1078,1861,3286,0,0,1,499592887363
Measurement_interval(ms):,1000,1076,1861,3286,0,0,1,499593886927
Measurement_interval(ms):,1000,1078,1861,3286,0,0,1,499594886947
Measurement_interval(ms):,1000,1078,1861,3286,0,0,1,499595887201
Measurement_interval(ms):,1000,1058,1861,3286,0,0,1,499596886917
