Measurement_interval(ms):,1000,0,0,0,0,0,1,566012051636
Measurement_interval(ms):,1000,0,0,0,0,0,1,566017835456
Measurement_interval(ms):,1000,0,0,0,0,0,1,566017835458
Measurement_interval(ms):,1000,0,0,0,0,0,1,566017835460
Measurement_interval(ms):,1000,0,0,0,0,0,1,566017835461
Measurement_interval(ms):,1000,0,0,0,0,0,1,566017835463
Measurement_interval(ms):,1000,0,0,0,0,0,1,566017835464
Measurement_interval(ms):,1000,0,0,0,0,0,1,566019424275
Measurement_interval(ms):,1000,352,0,0,0,0,1,566019706990
Measurement_interval(ms):,1000,2592,0,0,0,0,1,566020707007
Measurement_interval(ms):,1000,2592,11494,23224,0,0,1,566021707018
Measurement_interval(ms):,1000,2560,11494,23224,0,0,1,566022707028
Measurement_interval(ms):,1000,2592,11494,23224,0,0,1,566023707022
Measurement_interval(ms):,1000,2592,11494,23224,0,0,1,566024706993
Measurement_interval(ms):,1000,2560,11494,23224,0,0,1,566025706990
Measurement_interval(ms):,1000,2592,11494,23224,0,0,1,566026707028
Measurement_interval(ms):,1000,2592,11494,23224,0,0,1,566027707023
Measurement_interval(ms):,1000,2592,11494,23224,0,0,1,566028707103
Measurement_interval(ms):,1000,2560,11494,23224,0,0,1,566029707035
Measurement_interval(ms):,1000,2592,11494,23224,0,0,1,566030706998
Measurement_interval(ms):,1000,2592,11494,23224,0,0,1,566031707006
Measurement_interval(ms):,1000,2560,11494,23224,0,0,1,566032707011
Measurement_interval(ms):,1000,2592,11494,23224,0,0,1,566033707034
Measurement_interval(ms):,1000,2592,11494,23224,0,0,1,566034707036
Measurement_interval(ms):,1000,2560,11494,23224,0,0,1,566035706989
Measurement_interval(ms):,1000,2592,11494,23224,0,0,1,566036706999
Measurement_interval(ms):,1000,2592,11494,23224,0,0,1,566037707005
Measurement_interval(ms):,1000,2592,11494,23224,0,0,1,566038707328
Measurement_interval(ms):,1000,2560,11494,23224,0,0,1,566039707012
Measurement_interval(ms):,1000,2592,11494,23224,0,0,1,566040707018
Measurement_interval(ms):,1000,2592,11494,23224,0,0,1,566041707365
Measurement_interval(ms):,1000,2560,11494,23224,0,0,1,566042707006
Measurement_interval(ms):,1000,2592,11494,23224,0,0,1,566043706999
Measurement_interval(ms):,1000,2592,11494,23224,0,0,1,566044707007
Measurement_interval(ms):,1000,2560,11494,23224,0,0,1,566045706989
Measurement_interval(ms):,1000,2592,11494,23224,0,0,1,566046706988
Measurement_interval(ms):,1000,2592,11494,23224,0,0,1,566047707036
Measurement_interval(ms):,1000,2592,11494,23224,0,0,1,566048706988
Measurement_interval(ms):,1000,2560,11494,23224,0,0,1,566049707000
