Measurement_interval(ms):,1000,0,0,0,0,0,1,500357706520
Measurement_interval(ms):,1000,0,0,0,0,0,1,500362941302
Measurement_interval(ms):,1000,0,0,0,0,0,1,500362941304
Measurement_interval(ms):,1000,0,0,0,0,0,1,500362941306
Measurement_interval(ms):,1000,0,0,0,0,0,1,500362941307
Measurement_interval(ms):,1000,0,0,0,0,0,1,500362941308
Measurement_interval(ms):,1000,0,0,0,0,0,1,500362941309
Measurement_interval(ms):,1000,0,0,0,0,0,1,500364505484
Measurement_interval(ms):,1000,112,0,0,0,0,1,500364640947
Measurement_interval(ms):,1000,1544,2610,9062,0,0,1,500365640918
Measurement_interval(ms):,1000,1524,2610,7956,0,0,1,500366640903
Measurement_interval(ms):,1000,1524,2610,7166,0,0,1,500367640931
Measurement_interval(ms):,1000,1524,2610,6692,0,0,1,500368640913
Measurement_interval(ms):,1000,1524,2596,6297,0,0,1,500369640926
Measurement_interval(ms):,1000,1524,2596,5744,0,0,1,500370640918
Measurement_interval(ms):,1000,1524,2596,5665,0,0,1,500371640955
Measurement_interval(ms):,1000,1524,2596,5507,0,0,1,500372640937
Measurement_interval(ms):,1000,1524,2596,4796,0,0,1,500373640925
Measurement_interval(ms):,1000,1524,2596,4717,0,0,1,500374640971
Measurement_interval(ms):,1000,1524,2582,4717,0,0,1,500375640961
Measurement_interval(ms):,1000,1508,2596,4717,0,0,1,500376640933
Measurement_interval(ms):,1000,1540,2610,7403,0,0,1,500377640967
Measurement_interval(ms):,1000,1528,2610,7324,0,0,1,500378640982
Measurement_interval(ms):,1000,1524,2610,7245,0,0,1,500379640982
Measurement_interval(ms):,1000,1524,2610,6850,0,0,1,500380640953
Measurement_interval(ms):,1000,1524,2610,6771,0,0,1,500381640980
Measurement_interval(ms):,1000,1524,2610,6692,0,0,1,500382640979
Measurement_interval(ms):,1000,1524,2596,6297,0,0,1,500383640951
Measurement_interval(ms):,1000,1524,2596,6218,0,0,1,500384640965
Measurement_interval(ms):,1000,1524,2596,6139,0,0,1,500385640987
Measurement_interval(ms):,1000,1524,2596,5823,0,0,1,500386640971
Measurement_interval(ms):,1000,1524,2596,5744,0,0,1,500387640989
Measurement_interval(ms):,1000,1524,2596,5744,0,0,1,500388640965
Measurement_interval(ms):,1000,1524,2596,5665,0,0,1,500389641004
Measurement_interval(ms):,1000,1524,2596,5507,0,0,1,500390640966
Measurement_interval(ms):,1000,1528,2596,5507,0,0,1,500391641085
Measurement_interval(ms):,1000,1524,2596,5270,0,0,1,500392640995
Measurement_interval(ms):,1000,1524,2582,4796,0,0,1,500393640989
Measurement_interval(ms):,1000,1524,2582,4796,0,0,1,500394640982
Measurement_interval(ms):,1000,1524,2582,4717,0,0,1,500395640992
Measurement_interval(ms):,1000,1524,2582,4717,0,0,1,500396641021
Measurement_interval(ms):,1000,1524,2582,4717,0,0,1,500397640992
Measurement_interval(ms):,1000,1524,2582,4717,0,0,1,500398640982
Measurement_interval(ms):,1000,1524,2582,4717,0,0,1,500399641029
Measurement_interval(ms):,1000,1524,2582,4717,0,0,1,500400641198
