Measurement_interval(ms):,1000,0,0,0,0,0,1,564377865177
Measurement_interval(ms):,1000,0,0,0,0,0,1,564388946123
Measurement_interval(ms):,1000,0,0,0,0,0,1,564388946125
Measurement_interval(ms):,1000,0,0,0,0,0,1,564388946128
Measurement_interval(ms):,1000,0,0,0,0,0,1,564388946129
Measurement_interval(ms):,1000,0,0,0,0,0,1,564388946131
Measurement_interval(ms):,1000,0,0,0,0,0,1,564388946132
Measurement_interval(ms):,1000,0,0,0,0,0,1,564388946133
Measurement_interval(ms):,1000,0,0,0,0,0,1,564388946134
Measurement_interval(ms):,1000,0,0,0,0,0,1,564388946178
Measurement_interval(ms):,1000,0,0,0,0,0,1,564388946179
Measurement_interval(ms):,1000,0,0,0,0,0,1,564388946181
Measurement_interval(ms):,1000,0,0,0,0,0,1,564388946182
Measurement_interval(ms):,1000,0,0,0,0,0,1,564388946183
Measurement_interval(ms):,1000,0,0,0,0,0,1,564390527634
Measurement_interval(ms):,1000,576,0,0,0,0,1,564390895494
Measurement_interval(ms):,1000,1960,4011,7475,0,0,1,564391895508
Measurement_interval(ms):,1000,1952,4011,7513,0,0,1,564392895503
Measurement_interval(ms):,1000,1960,4011,7513,0,0,1,564393895513
Measurement_interval(ms):,1000,1960,4011,7513,0,0,1,564394895608
Measurement_interval(ms):,1000,1952,4011,7513,0,0,1,564395895470
Measurement_interval(ms):,1000,1960,4011,7513,0,0,1,564396895515
Measurement_interval(ms):,1000,1960,4011,7513,0,0,1,564397895471
Measurement_interval(ms):,1000,1960,4011,7513,0,0,1,564398895493
Measurement_interval(ms):,1000,1960,4011,7513,0,0,1,564399895484
Measurement_interval(ms):,1000,1952,4011,7513,0,0,1,564400895481
Measurement_interval(ms):,1000,1960,4011,7513,0,0,1,564401895486
Measurement_interval(ms):,1000,1960,4011,7513,0,0,1,564402895513
Measurement_interval(ms):,1000,1952,4011,7513,0,0,1,564403895491
Measurement_interval(ms):,1000,1960,4011,7513,0,0,1,564404895519
Measurement_interval(ms):,1000,1960,4011,7513,0,0,1,564405895480
Measurement_interval(ms):,1000,1952,4011,7513,0,0,1,564406895491
Measurement_interval(ms):,1000,1960,4011,7513,0,0,1,564407895492
Measurement_interval(ms):,1000,1960,4011,7513,0,0,1,564408895489
Measurement_interval(ms):,1000,1960,4011,7513,0,0,1,564409895520
Measurement_interval(ms):,1000,1960,4011,7513,0,0,1,564410895476
Measurement_interval(ms):,1000,1960,4011,7513,0,0,1,564411896151
Measurement_interval(ms):,1000,1952,4011,7513,0,0,1,564412895519
Measurement_interval(ms):,1000,1960,4011,7513,0,0,1,564413895507
Measurement_interval(ms):,1000,1960,4011,7513,0,0,1,564414895517
Measurement_interval(ms):,1000,1960,4011,7513,0,0,1,564415895740
Measurement_interval(ms):,1000,1952,4011,7513,0,0,1,564416895489
Measurement_interval(ms):,1000,1960,4011,7513,0,0,1,564417895507
Measurement_interval(ms):,1000,1960,4011,7513,0,0,1,564418895481
Measurement_interval(ms):,1000,1960,4011,7513,0,0,1,564419895658
Measurement_interval(ms):,1000,1952,4011,7513,0,0,1,564420895488
