Measurement_interval(ms):,1000,0,0,0,0,0,1,498466926232
Measurement_interval(ms):,1000,0,0,0,0,0,1,498475329434
Measurement_interval(ms):,1000,0,0,0,0,0,1,498475329436
Measurement_interval(ms):,1000,0,0,0,0,0,1,498475329439
Measurement_interval(ms):,1000,0,0,0,0,0,1,498475329440
Measurement_interval(ms):,1000,0,0,0,0,0,1,498475329441
Measurement_interval(ms):,1000,0,0,0,0,0,1,498475329442
Measurement_interval(ms):,1000,0,0,0,0,0,1,498475329487
Measurement_interval(ms):,1000,0,0,0,0,0,1,498475329488
Measurement_interval(ms):,1000,0,0,0,0,0,1,498476897267
Measurement_interval(ms):,1000,0,0,0,0,0,1,498476897270
Measurement_interval(ms):,1000,623,1637,17393,0,0,1,498477880357
Measurement_interval(ms):,1000,680,1583,7503,0,0,1,498478880205
Measurement_interval(ms):,1000,681,1583,2773,0,0,1,498479880281
Measurement_interval(ms):,1000,681,1583,2773,0,0,1,498480880581
Measurement_interval(ms):,1000,680,1574,2773,0,0,1,498481880219
Measurement_interval(ms):,1000,681,1565,2773,0,0,1,498482880180
Measurement_interval(ms):,1000,682,1529,2773,0,0,1,498483880446
Measurement_interval(ms):,1000,684,1529,2773,0,0,1,498484880192
Measurement_interval(ms):,1000,689,1484,2558,0,0,1,498485880276
Measurement_interval(ms):,1000,689,1484,2558,0,0,1,498486880340
Measurement_interval(ms):,1000,690,1484,2558,0,0,1,498487880527
Measurement_interval(ms):,1000,685,1484,2558,0,0,1,498488880389
Measurement_interval(ms):,1000,682,1484,2558,0,0,1,498489880323
Measurement_interval(ms):,1000,682,1484,2558,0,0,1,498490880547
Measurement_interval(ms):,1000,682,1484,2558,0,0,1,498491880366
Measurement_interval(ms):,1000,682,1484,2558,0,0,1,498492880195
Measurement_interval(ms):,1000,682,1484,2558,0,0,1,498493880232
Measurement_interval(ms):,1000,686,1484,2558,0,0,1,498494880214
Measurement_interval(ms):,1000,689,1484,2558,0,0,1,498495880245
Measurement_interval(ms):,1000,683,1484,2558,0,0,1,498496880252
Measurement_interval(ms):,1000,682,1484,2558,0,0,1,498497880228
Measurement_interval(ms):,1000,683,1484,2558,0,0,1,498498880324
Measurement_interval(ms):,1000,682,1484,2558,0,0,1,498499880229
Measurement_interval(ms):,1000,682,1484,2558,0,0,1,498500880228
Measurement_interval(ms):,1000,682,1484,2558,0,0,1,498501880227
Measurement_interval(ms):,1000,682,1484,2558,0,0,1,498502880212
Measurement_interval(ms):,1000,683,1484,2558,0,0,1,498503880231
Measurement_interval(ms):,1000,683,1484,2558,0,0,1,498504880625
Measurement_interval(ms):,1000,682,1484,2558,0,0,1,498505880401
Measurement_interval(ms):,1000,682,1484,2558,0,0,1,498506880267
Measurement_interval(ms):,1000,682,1484,2558,0,0,1,498507880248
Measurement_interval(ms):,1000,682,1484,2558,0,0,1,498508880234
