Measurement_interval(ms):,1000,0,0,0,0,0,1,565050892337
Measurement_interval(ms):,1000,0,0,0,0,0,1,565057399338
Measurement_interval(ms):,1000,0,0,0,0,0,1,565057399342
Measurement_interval(ms):,1000,0,0,0,0,0,1,565057399345
Measurement_interval(ms):,1000,0,0,0,0,0,1,565057399346
Measurement_interval(ms):,1000,0,0,0,0,0,1,565057399348
Measurement_interval(ms):,1000,0,0,0,0,0,1,565057399348
Measurement_interval(ms):,1000,0,0,0,0,0,1,565057399390
Measurement_interval(ms):,1000,0,0,0,0,0,1,565057399391
Measurement_interval(ms):,1000,0,0,0,0,0,1,565058988419
Measurement_interval(ms):,1000,0,0,0,0,0,1,565058988423
Measurement_interval(ms):,1000,1088,0,0,0,0,1,565059522424
Measurement_interval(ms):,1000,2448,6290,12157,0,0,1,565060522432
Measurement_interval(ms):,1000,2464,6290,12157,0,0,1,565061522463
Measurement_interval(ms):,1000,2464,6290,12157,0,0,1,565062522450
Measurement_interval(ms):,1000,2448,6290,12157,0,0,1,565063522431
Measurement_interval(ms):,1000,2464,6290,12157,0,0,1,565064522446
Measurement_interval(ms):,1000,2464,6290,12157,0,0,1,565065522443
Measurement_interval(ms):,1000,2464,6290,12157,0,0,1,565066522457
Measurement_interval(ms):,1000,2464,6290,12157,0,0,1,565067522417
Measurement_interval(ms):,1000,2448,6290,12157,0,0,1,565068522447
Measurement_interval(ms):,1000,2464,6290,12157,0,0,1,565069522427
Measurement_interval(ms):,1000,2464,6290,12157,0,0,1,565070522416
Measurement_interval(ms):,1000,2464,6290,12157,0,0,1,565071522462
Measurement_interval(ms):,1000,2448,6290,12157,0,0,1,565072522422
Measurement_interval(ms):,1000,2464,6290,12157,0,0,1,565073522427
Measurement_interval(ms):,1000,2464,6290,12157,0,0,1,565074522456
Measurement_interval(ms):,1000,2464,6290,12157,0,0,1,565075522414
Measurement_interval(ms):,1000,2464,6290,12157,0,0,1,565076523351
Measurement_interval(ms):,1000,2448,6290,12157,0,0,1,565077522414
Measurement_interval(ms):,1000,2464,6290,12157,0,0,1,565078522411
Measurement_interval(ms):,1000,2464,6290,12157,0,0,1,565079522422
Measurement_interval(ms):,1000,2464,6290,12157,0,0,1,565080522963
Measurement_interval(ms):,1000,2448,6290,12157,0,0,1,565081522436
Measurement_interval(ms):,1000,2464,6290,12157,0,0,1,565082522409
Measurement_interval(ms):,1000,2464,6290,12157,0,0,1,565083522455
Measurement_interval(ms):,1000,2464,6290,12157,0,0,1,565084522684
Measurement_interval(ms):,1000,2448,6290,12157,0,0,1,565085522429
Measurement_interval(ms):,1000,2464,6290,12157,0,0,1,565086522432
Measurement_interval(ms):,1000,2464,6290,12157,0,0,1,565087522445
Measurement_interval(ms):,1000,2464,6290,12157,0,0,1,565088523267
Measurement_interval(ms):,1000,2448,6290,12157,0,0,1,565089522448
Measurement_interval(ms):,1000,2464,6290,12157,0,0,1,565090522428
