Measurement_interval(ms):,1000,0,0,0,0,0,1,157914770155
Measurement_interval(ms):,1000,0,0,0,0,0,1,157917954428
Measurement_interval(ms):,1000,0,0,0,0,0,1,157917954429
Measurement_interval(ms):,1000,0,0,0,0,0,1,157917954432
Measurement_interval(ms):,1000,0,0,0,0,0,1,157917954432
Measurement_interval(ms):,1000,0,0,0,0,0,1,157917954434
Measurement_interval(ms):,1000,0,0,0,0,0,1,157917954435
Measurement_interval(ms):,1000,0,0,0,0,0,1,157917954437
Measurement_interval(ms):,1000,0,0,0,0,0,1,157917954437
Measurement_interval(ms):,1000,0,0,0,0,0,1,157917954438
Measurement_interval(ms):,1000,0,0,0,0,0,1,157917954439
Measurement_interval(ms):,1000,0,0,0,0,0,1,157917954483
Measurement_interval(ms):,1000,92,0,0,0,0,1,157918771597
Measurement_interval(ms):,1000,120,0,0,0,0,1,157919771589
Measurement_interval(ms):,1000,120,0,0,0,0,1,157920771558
Measurement_interval(ms):,1000,120,34049,67476,0,0,1,157921771584
Measurement_interval(ms):,1000,116,34049,67476,0,0,1,157922771560
Measurement_interval(ms):,1000,120,34049,67476,0,0,1,157923771572
Measurement_interval(ms):,1000,120,34049,67476,0,0,1,157924771598
Measurement_interval(ms):,1000,120,34049,67476,0,0,1,157925771569
Measurement_interval(ms):,1000,116,34049,67476,0,0,1,157926771602
Measurement_interval(ms):,1000,120,34049,67476,0,0,1,157927771609
Measurement_interval(ms):,1000,120,34049,67476,0,0,1,157928771595
Measurement_interval(ms):,1000,120,34049,67476,0,0,1,157929771578
Measurement_interval(ms):,1000,120,34049,67476,0,0,1,157930771583
Measurement_interval(ms):,1000,120,34049,67476,0,0,1,157931771607
Measurement_interval(ms):,1000,116,34049,67476,0,0,1,157932771600
Measurement_interval(ms):,1000,120,34049,67476,0,0,1,157933771597
Measurement_interval(ms):,1000,120,34049,67476,0,0,1,157934771591
Measurement_interval(ms):,1000,120,34049,67476,0,0,1,157935771620
Measurement_interval(ms):,1000,120,34049,67476,0,0,1,157936771611
Measurement_interval(ms):,1000,120,34049,67476,0,0,1,157937771972
Measurement_interval(ms):,1000,116,34049,67476,0,0,1,157938771577
Measurement_interval(ms):,1000,120,34049,67476,0,0,1,157939771614
Measurement_interval(ms):,1000,120,34049,67476,0,0,1,157940771598
Measurement_interval(ms):,1000,120,34049,67476,0,0,1,157941771610
Measurement_interval(ms):,1000,116,34049,67476,0,0,1,157942771582
Measurement_interval(ms):,1000,120,34049,67476,0,0,1,157943771612
Measurement_interval(ms):,1000,120,34049,67476,0,0,1,157944771597
Measurement_interval(ms):,1000,120,34049,67476,0,0,1,157945771599
Measurement_interval(ms):,1000,120,34049,67476,0,0,1,157946771592
Measurement_interval(ms):,1000,120,34049,67476,0,0,1,157947771627
Measurement_interval(ms):,1000,120,34049,67476,0,0,1,157948771604
Measurement_interval(ms):,1000,116,34049,67476,0,0,1,157949771599
Measurement_interval(ms):,1000,120,34049,67476,0,0,1,157950771609
Measurement_interval(ms):,1000,120,34049,67476,0,0,1,157951771628
Measurement_interval(ms):,1000,120,34049,67476,0,0,1,157952771601
Measurement_interval(ms):,1000,120,34049,67476,0,0,1,157953771629
Measurement_interval(ms):,1000,120,34049,67476,0,0,1,157954771614
