Measurement_interval(ms):,1000,0,0,0,0,0,1,158467074233
Measurement_interval(ms):,1000,0,0,0,0,0,1,158475047393
Measurement_interval(ms):,1000,0,0,0,0,0,1,158475047395
Measurement_interval(ms):,1000,0,0,0,0,0,1,158475047398
Measurement_interval(ms):,1000,0,0,0,0,0,1,158475047399
Measurement_interval(ms):,1000,0,0,0,0,0,1,158475047400
Measurement_interval(ms):,1000,0,0,0,0,0,1,158475047401
Measurement_interval(ms):,1000,0,0,0,0,0,1,158475047447
Measurement_interval(ms):,1000,0,0,0,0,0,1,158475047448
Measurement_interval(ms):,1000,0,0,0,0,0,1,158475047450
Measurement_interval(ms):,1000,0,0,0,0,0,1,158475047451
Measurement_interval(ms):,1000,0,0,0,0,0,1,158475047453
Measurement_interval(ms):,1000,0,0,0,0,0,1,158475047454
Measurement_interval(ms):,1000,0,0,0,0,0,1,158475047455
Measurement_interval(ms):,1000,0,0,0,0,0,1,158475047455
Measurement_interval(ms):,1000,0,0,0,0,0,1,158475047457
Measurement_interval(ms):,1000,0,0,0,0,0,1,158475062301
Measurement_interval(ms):,1000,352,0,0,0,0,1,158476062338
Measurement_interval(ms):,1000,384,0,0,0,0,1,158477062335
Measurement_interval(ms):,1000,384,0,0,0,0,1,158478062338
Measurement_interval(ms):,1000,352,0,0,0,0,1,158479062294
Measurement_interval(ms):,1000,384,0,0,0,0,1,158480062317
Measurement_interval(ms):,1000,384,0,0,0,0,1,158481062324
Measurement_interval(ms):,1000,384,0,0,0,0,1,158482062318
Measurement_interval(ms):,1000,384,0,0,0,0,1,158483062313
Measurement_interval(ms):,1000,352,0,0,0,0,1,158484062291
Measurement_interval(ms):,1000,384,83976,168508,0,0,1,158485062294
Measurement_interval(ms):,1000,384,83976,168508,0,0,1,158486062323
Measurement_interval(ms):,1000,384,83976,168508,0,0,1,158487062308
Measurement_interval(ms):,1000,384,83976,168508,0,0,1,158488062327
Measurement_interval(ms):,1000,352,83976,168508,0,0,1,158489062321
Measurement_interval(ms):,1000,384,83976,168508,0,0,1,158490062294
Measurement_interval(ms):,1000,384,83976,168508,0,0,1,158491062288
Measurement_interval(ms):,1000,384,83976,168508,0,0,1,158492062313
Measurement_interval(ms):,1000,384,83976,168508,0,0,1,158493062328
Measurement_interval(ms):,1000,384,83976,168508,0,0,1,158494062316
Measurement_interval(ms):,1000,352,83976,168508,0,0,1,158495062317
Measurement_interval(ms):,1000,384,83976,168508,0,0,1,158496062331
Measurement_interval(ms):,1000,384,83976,168508,0,0,1,158497062333
Measurement_interval(ms):,1000,384,83976,168508,0,0,1,158498062286
Measurement_interval(ms):,1000,384,83976,168508,0,0,1,158499062294
Measurement_interval(ms):,1000,352,83976,168508,0,0,1,158500062306
Measurement_interval(ms):,1000,384,83976,168508,0,0,1,158501062330
Measurement_interval(ms):,1000,384,83976,168508,0,0,1,158502062298
Measurement_interval(ms):,1000,384,83976,168508,0,0,1,158503062316
Measurement_interval(ms):,1000,384,83976,168508,0,0,1,158504062977
Measurement_interval(ms):,1000,352,83976,168508,0,0,1,158505062320
Measurement_interval(ms):,1000,384,83976,168508,0,0,1,158506062295
Measurement_interval(ms):,1000,384,83976,168508,0,0,1,158507062323
Measurement_interval(ms):,1000,384,83976,168508,0,0,1,158508062286
Measurement_interval(ms):,1000,384,83976,168508,0,0,1,158509062295
Measurement_interval(ms):,1000,352,83976,168508,0,0,1,158510062294
Measurement_interval(ms):,1000,384,83976,168508,0,0,1,158511062293
Measurement_interval(ms):,1000,384,83976,168508,0,0,1,158512062313
Measurement_interval(ms):,1000,384,83976,168508,0,0,1,158513062281
Measurement_interval(ms):,1000,384,83976,168508,0,0,1,158514062307
Measurement_interval(ms):,1000,352,83976,168508,0,0,1,158515062323
Measurement_interval(ms):,1000,384,83976,168508,0,0,1,158516062298
