Measurement_interval(ms):,1000,0,0,0,0,0,1,157609321460
Measurement_interval(ms):,1000,0,0,0,0,0,1,157613207879
Measurement_interval(ms):,1000,0,0,0,0,0,1,157613207880
Measurement_interval(ms):,1000,0,0,0,0,0,1,157613207883
Measurement_interval(ms):,1000,0,0,0,0,0,1,157613207884
Measurement_interval(ms):,1000,0,0,0,0,0,1,157613207885
Measurement_interval(ms):,1000,0,0,0,0,0,1,157613207886
Measurement_interval(ms):,1000,0,0,0,0,0,1,157613207888
Measurement_interval(ms):,1000,0,0,0,0,0,1,157613207888
Measurement_interval(ms):,1000,0,0,0,0,0,1,157613207889
Measurement_interval(ms):,1000,0,0,0,0,0,1,157613207890
Measurement_interval(ms):,1000,0,0,0,0,0,1,157613207933
Measurement_interval(ms):,1000,6,0,0,0,0,1,157613311275
Measurement_interval(ms):,1000,67,0,0,0,0,1,157614311237
Measurement_interval(ms):,1000,67,15137,29630,0,0,1,157615311277
Measurement_interval(ms):,1000,67,15137,29630,0,0,1,157616311259
Measurement_interval(ms):,1000,67,15137,29630,0,0,1,157617311264
Measurement_interval(ms):,1000,67,15137,29630,0,0,1,157618311252
Measurement_interval(ms):,1000,67,15137,29630,0,0,1,157619311240
Measurement_interval(ms):,1000,67,15137,29630,0,0,1,157620311233
Measurement_interval(ms):,1000,67,15137,29481,0,0,1,157621311235
Measurement_interval(ms):,1000,67,15137,29481,0,0,1,157622311235
Measurement_interval(ms):,1000,68,15137,29481,0,0,1,157623311232
Measurement_interval(ms):,1000,67,15137,29481,0,0,1,157624311270
Measurement_interval(ms):,1000,67,15137,29481,0,0,1,157625311280
Measurement_interval(ms):,1000,67,15137,29481,0,0,1,157626311265
Measurement_interval(ms):,1000,68,15061,29481,0,0,1,157627311237
Measurement_interval(ms):,1000,67,15061,29481,0,0,1,157628311230
Measurement_interval(ms):,1000,67,15061,29481,0,0,1,157629311242
Measurement_interval(ms):,1000,67,15061,29481,0,0,1,157630311281
Measurement_interval(ms):,1000,68,15061,29481,0,0,1,157631311386
Measurement_interval(ms):,1000,67,15061,29481,0,0,1,157632311236
Measurement_interval(ms):,1000,67,15061,29481,0,0,1,157633311263
Measurement_interval(ms):,1000,67,15061,29481,0,0,1,157634311277
Measurement_interval(ms):,1000,68,15061,29481,0,0,1,157635311231
Measurement_interval(ms):,1000,67,15061,29481,0,0,1,157636311235
Measurement_interval(ms):,1000,67,15061,29481,0,0,1,157637311266
Measurement_interval(ms):,1000,67,15061,29481,0,0,1,157638311255
Measurement_interval(ms):,1000,68,15061,29481,0,0,1,157639311268
Measurement_interval(ms):,1000,67,15061,29481,0,0,1,157640311235
Measurement_interval(ms):,1000,67,15061,29481,0,0,1,157641311254
Measurement_interval(ms):,1000,68,15061,29481,0,0,1,157642311231
Measurement_interval(ms):,1000,67,15061,29481,0,0,1,157643311233
Measurement_interval(ms):,1000,67,15061,29481,0,0,1,157644311266
Measurement_interval(ms):,1000,67,15061,29481,0,0,1,157645311240
Measurement_interval(ms):,1000,68,15061,29481,0,0,1,157646311263
Measurement_interval(ms):,1000,67,15061,29481,0,0,1,157647311238
Measurement_interval(ms):,1000,67,15061,29481,0,0,1,157648311227
Measurement_interval(ms):,1000,68,15061,29481,0,0,1,157649311314
Measurement_interval(ms):,1000,67,15061,29481,0,0,1,157650311276
