Measurement_interval(ms):,1000,0,0,0,0,0,1,157981927761
Measurement_interval(ms):,1000,0,0,0,0,0,1,157985132757
Measurement_interval(ms):,1000,0,0,0,0,0,1,157985132759
Measurement_interval(ms):,1000,0,0,0,0,0,1,157985132762
Measurement_interval(ms):,1000,0,0,0,0,0,1,157985132762
Measurement_interval(ms):,1000,0,0,0,0,0,1,157985132764
Measurement_interval(ms):,1000,0,0,0,0,0,1,157985132764
Measurement_interval(ms):,1000,0,0,0,0,0,1,157985132809
Measurement_interval(ms):,1000,0,0,0,0,0,1,157985132810
Measurement_interval(ms):,1000,0,0,0,0,0,1,157985132812
Measurement_interval(ms):,1000,0,0,0,0,0,1,157985132813
Measurement_interval(ms):,1000,0,0,0,0,0,1,157985132815
Measurement_interval(ms):,1000,144,0,0,0,0,1,157985881756
Measurement_interval(ms):,1000,192,0,0,0,0,1,157986881722
Measurement_interval(ms):,1000,200,0,0,0,0,1,157987881746
Measurement_interval(ms):,1000,192,0,0,0,0,1,157988881760
Measurement_interval(ms):,1000,200,41300,82021,0,0,1,157989881714
Measurement_interval(ms):,1000,192,41300,82021,0,0,1,157990881723
Measurement_interval(ms):,1000,200,41300,82021,0,0,1,157991881732
Measurement_interval(ms):,1000,192,41300,82021,0,0,1,157992881729
Measurement_interval(ms):,1000,200,41300,82021,0,0,1,157993881733
Measurement_interval(ms):,1000,192,41300,82021,0,0,1,157994881722
Measurement_interval(ms):,1000,200,41300,82021,0,0,1,157995881714
Measurement_interval(ms):,1000,192,41300,82021,0,0,1,157996881702
Measurement_interval(ms):,1000,200,41300,82021,0,0,1,157997881701
Measurement_interval(ms):,1000,192,41300,82021,0,0,1,157998881699
Measurement_interval(ms):,1000,200,41300,82021,0,0,1,157999881717
Measurement_interval(ms):,1000,200,41300,82021,0,0,1,158000881729
Measurement_interval(ms):,1000,192,41300,82021,0,0,1,158001881747
Measurement_interval(ms):,1000,200,41300,82021,0,0,1,158002881735
Measurement_interval(ms):,1000,192,41300,82021,0,0,1,158003881702
Measurement_interval(ms):,1000,200,41300,82021,0,0,1,158004881703
Measurement_interval(ms):,1000,192,41300,82021,0,0,1,158005881711
Measurement_interval(ms):,1000,200,41300,81609,0,0,1,158006881715
Measurement_interval(ms):,1000,192,41300,81609,0,0,1,158007881710
Measurement_interval(ms):,1000,200,41300,81609,0,0,1,158008881705
Measurement_interval(ms):,1000,192,41300,81609,0,0,1,158009881720
Measurement_interval(ms):,1000,200,41300,82021,0,0,1,158010881695
Measurement_interval(ms):,1000,192,41300,82021,0,0,1,158011881697
Measurement_interval(ms):,1000,200,41300,82021,0,0,1,158012881688
Measurement_interval(ms):,1000,192,41300,82021,0,0,1,158013881709
Measurement_interval(ms):,1000,200,41300,82021,0,0,1,158014881680
Measurement_interval(ms):,1000,192,41300,82021,0,0,1,158015881698
Measurement_interval(ms):,1000,200,41300,82021,0,0,1,158016881707
Measurement_interval(ms):,1000,192,41300,82021,0,0,1,158017881681
Measurement_interval(ms):,1000,192,41300,81609,0,0,1,158018881705
Measurement_interval(ms):,1000,200,41300,81609,0,0,1,158019881676
Measurement_interval(ms):,1000,192,41300,81609,0,0,1,158020881673
