Measurement_interval(ms):,1000,0,0,0,0,0,1,139311984392
Measurement_interval(ms):,1000,0,0,0,0,0,1,139315018611
Measurement_interval(ms):,1000,0,0,0,0,0,1,139315018612
Measurement_interval(ms):,1000,0,0,0,0,0,1,139315018615
Measurement_interval(ms):,1000,0,0,0,0,0,1,139315018616
Measurement_interval(ms):,1000,0,0,0,0,0,1,139315018617
Measurement_interval(ms):,1000,0,0,0,0,0,1,139315018618
Measurement_interval(ms):,1000,0,0,0,0,0,1,139315018619
Measurement_interval(ms):,1000,0,0,0,0,0,1,139315018620
Measurement_interval(ms):,1000,0,0,0,0,0,1,139315018621
Measurement_interval(ms):,1000,0,0,0,0,0,1,139315018622
Measurement_interval(ms):,1000,0,0,0,0,0,1,139315018666
Measurement_interval(ms):,1000,329,0,0,0,0,1,139315969107
Measurement_interval(ms):,1000,392,0,0,0,0,1,139316969094
Measurement_interval(ms):,1000,360,0,0,0,0,1,139317969129
Measurement_interval(ms):,1000,388,0,0,0,0,1,139318969134
Measurement_interval(ms):,1000,360,0,0,0,0,1,139319969127
Measurement_interval(ms):,1000,392,0,0,0,0,1,139320969092
Measurement_interval(ms):,1000,388,0,0,0,0,1,139321969093
Measurement_interval(ms):,1000,360,0,0,0,0,1,139322969130
Measurement_interval(ms):,1000,392,83813,159714,0,0,1,139323969107
Measurement_interval(ms):,1000,360,83813,159714,0,0,1,139324969095
Measurement_interval(ms):,1000,388,83813,159714,0,0,1,139325969082
Measurement_interval(ms):,1000,360,83813,159714,0,0,1,139326969110
Measurement_interval(ms):,1000,392,83813,159714,0,0,1,139327969078
Measurement_interval(ms):,1000,360,83813,159714,0,0,1,139328969107
Measurement_interval(ms):,1000,388,83813,159714,0,0,1,139329969116
Measurement_interval(ms):,1000,360,83813,159714,0,0,1,139330969081
Measurement_interval(ms):,1000,392,83357,159714,0,0,1,139331969121
Measurement_interval(ms):,1000,360,83357,159714,0,0,1,139332969107
Measurement_interval(ms):,1000,388,83357,159714,0,0,1,139333969085
Measurement_interval(ms):,1000,392,83357,159714,0,0,1,139334969073
Measurement_interval(ms):,1000,360,83357,159714,0,0,1,139335969071
Measurement_interval(ms):,1000,388,83357,159714,0,0,1,139336969084
Measurement_interval(ms):,1000,360,83357,159714,0,0,1,139337969082
Measurement_interval(ms):,1000,392,83357,159714,0,0,1,139338969108
Measurement_interval(ms):,1000,360,83357,159714,0,0,1,139339969090
Measurement_interval(ms):,1000,388,83357,159714,0,0,1,139340969071
Measurement_interval(ms):,1000,360,83357,159714,0,0,1,139341969088
Measurement_interval(ms):,1000,392,83357,159714,0,0,1,139342969079
Measurement_interval(ms):,1000,388,83357,159714,0,0,1,139343969088
Measurement_interval(ms):,1000,360,83357,159714,0,0,1,139344969084
Measurement_interval(ms):,1000,392,83357,159714,0,0,1,139345969069
Measurement_interval(ms):,1000,360,83357,159714,0,0,1,139346969057
Measurement_interval(ms):,1000,388,83357,159714,0,0,1,139347969074
Measurement_interval(ms):,1000,360,83357,159714,0,0,1,139348969086
Measurement_interval(ms):,1000,392,83357,159714,0,0,1,139349969075
