Measurement_interval(ms):,1000,0,0,0,0,0,1,158063601885
Measurement_interval(ms):,1000,0,0,0,0,0,1,158066924020
Measurement_interval(ms):,1000,0,0,0,0,0,1,158066924022
Measurement_interval(ms):,1000,0,0,0,0,0,1,158066924024
Measurement_interval(ms):,1000,0,0,0,0,0,1,158066924025
Measurement_interval(ms):,1000,0,0,0,0,0,1,158066924027
Measurement_interval(ms):,1000,0,0,0,0,0,1,158066924028
Measurement_interval(ms):,1000,0,0,0,0,0,1,158066924076
Measurement_interval(ms):,1000,0,0,0,0,0,1,158066924077
Measurement_interval(ms):,1000,0,0,0,0,0,1,158066924079
Measurement_interval(ms):,1000,0,0,0,0,0,1,158066924080
Measurement_interval(ms):,1000,0,0,0,0,0,1,158066924082
Measurement_interval(ms):,1000,192,0,0,0,0,1,158067592581
Measurement_interval(ms):,1000,288,0,0,0,0,1,158068592574
Measurement_interval(ms):,1000,288,0,0,0,0,1,158069592575
Measurement_interval(ms):,1000,288,0,0,0,0,1,158070592539
Measurement_interval(ms):,1000,304,0,0,0,0,1,158071592996
Measurement_interval(ms):,1000,288,0,0,0,0,1,158072592585
Measurement_interval(ms):,1000,288,55299,110204,0,0,1,158073592557
Measurement_interval(ms):,1000,288,55299,110204,0,0,1,158074592583
Measurement_interval(ms):,1000,288,55299,110204,0,0,1,158075592586
Measurement_interval(ms):,1000,304,55299,110204,0,0,1,158076592541
Measurement_interval(ms):,1000,288,55299,110204,0,0,1,158077592552
Measurement_interval(ms):,1000,288,55020,110204,0,0,1,158078592583
Measurement_interval(ms):,1000,288,55020,110204,0,0,1,158079592568
Measurement_interval(ms):,1000,288,55020,110204,0,0,1,158080592552
Measurement_interval(ms):,1000,304,55020,110204,0,0,1,158081592562
Measurement_interval(ms):,1000,288,55020,110204,0,0,1,158082592590
Measurement_interval(ms):,1000,288,55020,110204,0,0,1,158083592540
Measurement_interval(ms):,1000,288,55020,109651,0,0,1,158084592586
Measurement_interval(ms):,1000,288,55020,109651,0,0,1,158085592571
Measurement_interval(ms):,1000,304,55020,109651,0,0,1,158086592571
Measurement_interval(ms):,1000,288,55020,109651,0,0,1,158087592565
Measurement_interval(ms):,1000,288,55020,109651,0,0,1,158088592587
Measurement_interval(ms):,1000,288,55020,109651,0,0,1,158089592543
Measurement_interval(ms):,1000,304,55020,109651,0,0,1,158090592575
Measurement_interval(ms):,1000,288,55020,109651,0,0,1,158091592540
Measurement_interval(ms):,1000,288,55020,109651,0,0,1,158092592541
Measurement_interval(ms):,1000,288,55020,109651,0,0,1,158093592579
Measurement_interval(ms):,1000,288,55020,109651,0,0,1,158094592576
Measurement_interval(ms):,1000,304,55020,109651,0,0,1,158095592551
Measurement_interval(ms):,1000,288,55020,109651,0,0,1,158096592582
Measurement_interval(ms):,1000,288,55020,109651,0,0,1,158097592542
Measurement_interval(ms):,1000,288,55020,109651,0,0,1,158098592586
Measurement_interval(ms):,1000,304,55020,109651,0,0,1,158099592586
Measurement_interval(ms):,1000,288,55020,109651,0,0,1,158100592569
Measurement_interval(ms):,1000,288,55020,109651,0,0,1,158101592543
Measurement_interval(ms):,1000,288,55020,109651,0,0,1,158102592585
