Measurement_interval(ms):,1000,0,0,0,0,0,1,137079081665
Measurement_interval(ms):,1000,0,0,0,0,0,1,137080391831
Measurement_interval(ms):,1000,0,0,0,0,0,1,137080391832
Measurement_interval(ms):,1000,0,0,0,0,0,1,137080391835
Measurement_interval(ms):,1000,0,0,0,0,0,1,137080391835
Measurement_interval(ms):,1000,0,0,0,0,0,1,137080391886
Measurement_interval(ms):,1000,0,0,0,0,0,1,137080391887
Measurement_interval(ms):,1000,0,0,0,0,0,1,137080391889
Measurement_interval(ms):,1000,0,0,0,0,0,1,137080391890
Measurement_interval(ms):,1000,0,0,0,0,0,1,137080391892
Measurement_interval(ms):,1000,267,0,0,0,0,1,137081051725
Measurement_interval(ms):,1000,420,0,0,0,0,1,137082051753
Measurement_interval(ms):,1000,420,0,0,0,0,1,137083051732
Measurement_interval(ms):,1000,454,0,0,0,0,1,137084051751
Measurement_interval(ms):,1000,420,0,0,0,0,1,137085051737
Measurement_interval(ms):,1000,446,0,0,0,0,1,137086051710
Measurement_interval(ms):,1000,420,0,0,0,0,1,137087051719
Measurement_interval(ms):,1000,420,79815,139725,0,0,1,137088051727
Measurement_interval(ms):,1000,420,79815,139725,0,0,1,137089051757
Measurement_interval(ms):,1000,454,79815,139725,0,0,1,137090051710
Measurement_interval(ms):,1000,420,79815,139725,0,0,1,137091051745
Measurement_interval(ms):,1000,446,79815,139725,0,0,1,137092051739
Measurement_interval(ms):,1000,420,79815,139725,0,0,1,137093051727
Measurement_interval(ms):,1000,420,79815,139725,0,0,1,137094051737
Measurement_interval(ms):,1000,420,79815,139028,0,0,1,137095051710
Measurement_interval(ms):,1000,454,79815,139028,0,0,1,137096051760
Measurement_interval(ms):,1000,420,79815,139028,0,0,1,137097051740
Measurement_interval(ms):,1000,446,79815,139028,0,0,1,137098051709
Measurement_interval(ms):,1000,420,79815,139028,0,0,1,137099051732
Measurement_interval(ms):,1000,420,79815,139028,0,0,1,137100051746
Measurement_interval(ms):,1000,420,79815,139028,0,0,1,137101051728
Measurement_interval(ms):,1000,454,79815,139028,0,0,1,137102051724
Measurement_interval(ms):,1000,420,79815,139028,0,0,1,137103051710
Measurement_interval(ms):,1000,446,79815,139028,0,0,1,137104051729
Measurement_interval(ms):,1000,420,79815,139028,0,0,1,137105051719
Measurement_interval(ms):,1000,420,79815,139028,0,0,1,137106051708
Measurement_interval(ms):,1000,420,79815,139028,0,0,1,137107051707
Measurement_interval(ms):,1000,454,79815,139028,0,0,1,137108051722
Measurement_interval(ms):,1000,420,79815,139028,0,0,1,137109051708
Measurement_interval(ms):,1000,446,79815,139028,0,0,1,137110051718
Measurement_interval(ms):,1000,420,79815,139028,0,0,1,137111051737
Measurement_interval(ms):,1000,420,79815,139028,0,0,1,137112051721
Measurement_interval(ms):,1000,454,79815,139028,0,0,1,137113051707
Measurement_interval(ms):,1000,420,79815,139028,0,0,1,137114051750
