Measurement_interval(ms):,1000,0,0,0,0,0,1,136752354461
Measurement_interval(ms):,1000,0,0,0,0,0,1,136757668653
Measurement_interval(ms):,1000,0,0,0,0,0,1,136757668654
Measurement_interval(ms):,1000,0,0,0,0,0,1,136757668657
Measurement_interval(ms):,1000,0,0,0,0,0,1,136757668658
Measurement_interval(ms):,1000,0,0,0,0,0,1,136757668660
Measurement_interval(ms):,1000,0,0,0,0,0,1,136757668661
Measurement_interval(ms):,1000,0,0,0,0,0,1,136757668662
Measurement_interval(ms):,1000,0,0,0,0,0,1,136757668663
Measurement_interval(ms):,1000,0,0,0,0,0,1,136757668664
Measurement_interval(ms):,1000,0,0,0,0,0,1,136757668665
Measurement_interval(ms):,1000,0,0,0,0,0,1,136757668666
Measurement_interval(ms):,1000,0,0,0,0,0,1,136757668667
Measurement_interval(ms):,1000,0,0,0,0,0,1,136757668708
Measurement_interval(ms):,1000,92,0,0,0,0,1,136758338799
Measurement_interval(ms):,1000,148,0,0,0,0,1,136759338790
Measurement_interval(ms):,1000,144,0,0,0,0,1,136760338820
Measurement_interval(ms):,1000,148,27760,54648,0,0,1,136761338798
Measurement_interval(ms):,1000,144,27760,54648,0,0,1,136762338781
Measurement_interval(ms):,1000,148,27760,54648,0,0,1,136763338813
Measurement_interval(ms):,1000,144,27621,54648,0,0,1,136764338792
Measurement_interval(ms):,1000,148,27621,54648,0,0,1,136765338786
Measurement_interval(ms):,1000,148,27621,54648,0,0,1,136766339331
Measurement_interval(ms):,1000,144,27621,54648,0,0,1,136767338788
Measurement_interval(ms):,1000,148,27621,54648,0,0,1,136768338807
Measurement_interval(ms):,1000,144,27621,54648,0,0,1,136769338803
Measurement_interval(ms):,1000,148,27621,54648,0,0,1,136770338794
Measurement_interval(ms):,1000,144,27621,54648,0,0,1,136771338779
Measurement_interval(ms):,1000,148,27621,54648,0,0,1,136772338790
Measurement_interval(ms):,1000,144,27621,54648,0,0,1,136773338820
Measurement_interval(ms):,1000,148,27621,54648,0,0,1,136774338780
Measurement_interval(ms):,1000,148,27621,54648,0,0,1,136775338799
Measurement_interval(ms):,1000,144,27621,54648,0,0,1,136776338795
Measurement_interval(ms):,1000,148,27621,54648,0,0,1,136777338821
Measurement_interval(ms):,1000,144,27621,54648,0,0,1,136778338823
Measurement_interval(ms):,1000,148,27621,54648,0,0,1,136779338786
Measurement_interval(ms):,1000,144,27621,54648,0,0,1,136780338796
Measurement_interval(ms):,1000,148,27621,54648,0,0,1,136781338789
Measurement_interval(ms):,1000,148,27621,54648,0,0,1,136782339128
Measurement_interval(ms):,1000,144,27621,54648,0,0,1,136783338777
Measurement_interval(ms):,1000,148,27621,54648,0,0,1,136784338797
Measurement_interval(ms):,1000,144,27621,54648,0,0,1,136785338787
Measurement_interval(ms):,1000,148,27621,54648,0,0,1,136786338814
Measurement_interval(ms):,1000,144,27621,54648,0,0,1,136787338816
Measurement_interval(ms):,1000,148,27621,54648,0,0,1,136788338813
Measurement_interval(ms):,1000,148,27621,54648,0,0,1,136789338819
Measurement_interval(ms):,1000,144,27621,54648,0,0,1,136790338793
Measurement_interval(ms):,1000,148,27621,54648,0,0,1,136791338789
