Measurement_interval(ms):,1000,0,0,0,0,0,1,136947448283
Measurement_interval(ms):,1000,0,0,0,0,0,1,136950646165
Measurement_interval(ms):,1000,0,0,0,0,0,1,136950646167
Measurement_interval(ms):,1000,0,0,0,0,0,1,136950646170
Measurement_interval(ms):,1000,0,0,0,0,0,1,136950646171
Measurement_interval(ms):,1000,0,0,0,0,0,1,136950646172
Measurement_interval(ms):,1000,0,0,0,0,0,1,136950646173
Measurement_interval(ms):,1000,0,0,0,0,0,1,136950646220
Measurement_interval(ms):,1000,0,0,0,0,0,1,136950646221
Measurement_interval(ms):,1000,0,0,0,0,0,1,136950646223
Measurement_interval(ms):,1000,0,0,0,0,0,1,136950646224
Measurement_interval(ms):,1000,0,0,0,0,0,1,136950646226
Measurement_interval(ms):,1000,272,0,0,0,0,1,136951436535
Measurement_interval(ms):,1000,352,0,0,0,0,1,136952436545
Measurement_interval(ms):,1000,352,0,0,0,0,1,136953436534
Measurement_interval(ms):,1000,352,0,0,0,0,1,136954436535
Measurement_interval(ms):,1000,368,0,0,0,0,1,136955436531
Measurement_interval(ms):,1000,352,45081,89743,0,0,1,136956436556
Measurement_interval(ms):,1000,352,45081,89743,0,0,1,136957436539
Measurement_interval(ms):,1000,368,45081,89743,0,0,1,136958437372
Measurement_interval(ms):,1000,352,45081,89743,0,0,1,136959436572
Measurement_interval(ms):,1000,352,44855,89296,0,0,1,136960436550
Measurement_interval(ms):,1000,352,44855,89296,0,0,1,136961436530
Measurement_interval(ms):,1000,368,44855,89296,0,0,1,136962436532
Measurement_interval(ms):,1000,352,44855,89296,0,0,1,136963436547
Measurement_interval(ms):,1000,352,44855,89296,0,0,1,136964436564
Measurement_interval(ms):,1000,352,45081,89743,0,0,1,136965436525
Measurement_interval(ms):,1000,368,45081,89743,0,0,1,136966436564
Measurement_interval(ms):,1000,352,45081,89743,0,0,1,136967436541
Measurement_interval(ms):,1000,352,45081,89743,0,0,1,136968436558
Measurement_interval(ms):,1000,368,45081,89296,0,0,1,136969436563
Measurement_interval(ms):,1000,352,45081,89296,0,0,1,136970436560
Measurement_interval(ms):,1000,352,45081,89296,0,0,1,136971436551
Measurement_interval(ms):,1000,352,45081,89296,0,0,1,136972436522
Measurement_interval(ms):,1000,368,45081,89296,0,0,1,136973436519
Measurement_interval(ms):,1000,352,44855,89296,0,0,1,136974436557
Measurement_interval(ms):,1000,352,44855,89296,0,0,1,136975436564
Measurement_interval(ms):,1000,368,44855,89296,0,0,1,136976436525
Measurement_interval(ms):,1000,352,44855,89296,0,0,1,136977436516
Measurement_interval(ms):,1000,352,44855,89296,0,0,1,136978436544
Measurement_interval(ms):,1000,352,44855,89296,0,0,1,136979436544
Measurement_interval(ms):,1000,368,44855,89296,0,0,1,136980436552
Measurement_interval(ms):,1000,352,44855,89296,0,0,1,136981436533
Measurement_interval(ms):,1000,352,44855,89296,0,0,1,136982436556
Measurement_interval(ms):,1000,368,44855,89296,0,0,1,136983436526
