Measurement_interval(ms):,1000,0,0,0,0,0,1,136690820046
Measurement_interval(ms):,1000,0,0,0,0,0,1,136693406235
Measurement_interval(ms):,1000,0,0,0,0,0,1,136693406236
Measurement_interval(ms):,1000,0,0,0,0,0,1,136693406239
Measurement_interval(ms):,1000,0,0,0,0,0,1,136693406240
Measurement_interval(ms):,1000,0,0,0,0,0,1,136693406242
Measurement_interval(ms):,1000,0,0,0,0,0,1,136693406243
Measurement_interval(ms):,1000,0,0,0,0,0,1,136693406244
Measurement_interval(ms):,1000,0,0,0,0,0,1,136693406245
Measurement_interval(ms):,1000,0,0,0,0,0,1,136693406289
Measurement_interval(ms):,1000,0,0,0,0,0,1,136693406290
Measurement_interval(ms):,1000,26,0,0,0,0,1,136693751126
Measurement_interval(ms):,1000,82,0,0,0,0,1,136694751145
Measurement_interval(ms):,1000,82,0,0,0,0,1,136695751113
Measurement_interval(ms):,1000,84,24546,48759,0,0,1,136696751662
Measurement_interval(ms):,1000,82,24546,48759,0,0,1,136697751157
Measurement_interval(ms):,1000,82,24546,48514,0,0,1,136698751158
Measurement_interval(ms):,1000,82,24546,48514,0,0,1,136699751139
Measurement_interval(ms):,1000,82,24546,48514,0,0,1,136700751125
Measurement_interval(ms):,1000,82,24546,48514,0,0,1,136701751131
Measurement_interval(ms):,1000,82,24546,48514,0,0,1,136702751155
Measurement_interval(ms):,1000,82,24546,48514,0,0,1,136703751127
Measurement_interval(ms):,1000,82,24546,48514,0,0,1,136704751153
Measurement_interval(ms):,1000,84,24546,48514,0,0,1,136705751129
Measurement_interval(ms):,1000,82,24546,48514,0,0,1,136706751117
Measurement_interval(ms):,1000,82,24546,48514,0,0,1,136707751157
Measurement_interval(ms):,1000,82,24546,48514,0,0,1,136708751137
Measurement_interval(ms):,1000,82,24546,48514,0,0,1,136709751148
Measurement_interval(ms):,1000,82,24546,48514,0,0,1,136710751159
Measurement_interval(ms):,1000,82,24546,48514,0,0,1,136711751164
Measurement_interval(ms):,1000,84,24546,48514,0,0,1,136712751618
Measurement_interval(ms):,1000,82,24546,48514,0,0,1,136713751153
Measurement_interval(ms):,1000,82,24546,48514,0,0,1,136714751135
Measurement_interval(ms):,1000,82,24546,48514,0,0,1,136715751152
Measurement_interval(ms):,1000,82,24546,48514,0,0,1,136716751150
Measurement_interval(ms):,1000,82,24546,48514,0,0,1,136717751155
Measurement_interval(ms):,1000,82,24546,48514,0,0,1,136718751126
Measurement_interval(ms):,1000,82,24546,48514,0,0,1,136719751162
Measurement_interval(ms):,1000,84,24546,48514,0,0,1,136720751127
Measurement_interval(ms):,1000,82,24546,48514,0,0,1,136721751133
Measurement_interval(ms):,1000,82,24546,48514,0,0,1,136722751142
Measurement_interval(ms):,1000,82,24546,48514,0,0,1,136723751166
Measurement_interval(ms):,1000,82,24546,48514,0,0,1,136724751168
Measurement_interval(ms):,1000,82,24546,48514,0,0,1,136725751178
