Measurement_interval(ms):,1000,0,0,0,0,0,1,136593851606
Measurement_interval(ms):,1000,0,0,0,0,0,1,136597578886
Measurement_interval(ms):,1000,0,0,0,0,0,1,136597578888
Measurement_interval(ms):,1000,0,0,0,0,0,1,136597578891
Measurement_interval(ms):,1000,0,0,0,0,0,1,136597578891
Measurement_interval(ms):,1000,0,0,0,0,0,1,136597578893
Measurement_interval(ms):,1000,0,0,0,0,0,1,136597578893
Measurement_interval(ms):,1000,0,0,0,0,0,1,136597578940
Measurement_interval(ms):,1000,0,0,0,0,0,1,136597578941
Measurement_interval(ms):,1000,0,0,0,0,0,1,136597578943
Measurement_interval(ms):,1000,0,0,0,0,0,1,136597578944
Measurement_interval(ms):,1000,0,0,0,0,0,1,136597578945
Measurement_interval(ms):,1000,18,0,0,0,0,1,136597837576
Measurement_interval(ms):,1000,72,0,0,0,0,1,136598837555
Measurement_interval(ms):,1000,72,14418,28087,0,0,1,136599837556
Measurement_interval(ms):,1000,72,14048,27797,0,0,1,136600837601
Measurement_interval(ms):,1000,73,14048,27797,0,0,1,136601837558
Measurement_interval(ms):,1000,72,13900,27362,0,0,1,136602837596
Measurement_interval(ms):,1000,72,13900,27217,0,0,1,136603837602
Measurement_interval(ms):,1000,72,13900,27217,0,0,1,136604837554
Measurement_interval(ms):,1000,73,13900,27217,0,0,1,136605837554
Measurement_interval(ms):,1000,72,13900,27217,0,0,1,136606837560
Measurement_interval(ms):,1000,72,13900,27217,0,0,1,136607837552
Measurement_interval(ms):,1000,73,13900,27217,0,0,1,136608837576
Measurement_interval(ms):,1000,72,13900,27217,0,0,1,136609837587
Measurement_interval(ms):,1000,72,13900,27217,0,0,1,136610837555
Measurement_interval(ms):,1000,72,13900,27217,0,0,1,136611837589
Measurement_interval(ms):,1000,73,13900,27217,0,0,1,136612837552
Measurement_interval(ms):,1000,72,13900,27217,0,0,1,136613837568
Measurement_interval(ms):,1000,72,13900,27217,0,0,1,136614837594
Measurement_interval(ms):,1000,72,13900,27217,0,0,1,136615837581
Measurement_interval(ms):,1000,73,13900,27217,0,0,1,136616837561
Measurement_interval(ms):,1000,72,13900,27217,0,0,1,136617837593
Measurement_interval(ms):,1000,72,13900,27217,0,0,1,136618837566
Measurement_interval(ms):,1000,73,13900,27217,0,0,1,136619837934
Measurement_interval(ms):,1000,72,13900,27217,0,0,1,136620837558
Measurement_interval(ms):,1000,72,13900,27217,0,0,1,136621837572
Measurement_interval(ms):,1000,72,13900,27217,0,0,1,136622837590
Measurement_interval(ms):,1000,73,13900,27217,0,0,1,136623837559
Measurement_interval(ms):,1000,72,13900,27217,0,0,1,136624837578
Measurement_interval(ms):,1000,72,13900,27217,0,0,1,136625837581
Measurement_interval(ms):,1000,72,13900,27217,0,0,1,136626837554
Measurement_interval(ms):,1000,73,13900,27217,0,0,1,136627837572
Measurement_interval(ms):,1000,72,13900,27217,0,0,1,136628837577
Measurement_interval(ms):,1000,72,13900,27217,0,0,1,136629837575
Measurement_interval(ms):,1000,73,13900,27217,0,0,1,136630837593
Measurement_interval(ms):,1000,72,13900,27217,0,0,1,136631837589
Measurement_interval(ms):,1000,72,13900,27217,0,0,1,136632837561
Measurement_interval(ms):,1000,72,13900,27217,0,0,1,136633837586
Measurement_interval(ms):,1000,73,13900,27217,0,0,1,136634837551
