Measurement_interval(ms):,1000,0,0,0,0,0,1,136820415919
Measurement_interval(ms):,1000,0,0,0,0,0,1,136824035294
Measurement_interval(ms):,1000,0,0,0,0,0,1,136824035295
Measurement_interval(ms):,1000,0,0,0,0,0,1,136824035298
Measurement_interval(ms):,1000,0,0,0,0,0,1,136824035299
Measurement_interval(ms):,1000,0,0,0,0,0,1,136824035301
Measurement_interval(ms):,1000,0,0,0,0,0,1,136824035302
Measurement_interval(ms):,1000,0,0,0,0,0,1,136824035303
Measurement_interval(ms):,1000,0,0,0,0,0,1,136824035304
Measurement_interval(ms):,1000,0,0,0,0,0,1,136824035305
Measurement_interval(ms):,1000,0,0,0,0,0,1,136824035306
Measurement_interval(ms):,1000,0,0,0,0,0,1,136824035307
Measurement_interval(ms):,1000,0,0,0,0,0,1,136824035308
Measurement_interval(ms):,1000,224,0,0,0,0,1,136824997878
Measurement_interval(ms):,1000,240,0,0,0,0,1,136825997849
Measurement_interval(ms):,1000,240,0,0,0,0,1,136826997881
Measurement_interval(ms):,1000,240,33570,66556,0,0,1,136827997878
Measurement_interval(ms):,1000,240,33570,66556,0,0,1,136828997887
Measurement_interval(ms):,1000,240,33570,66556,0,0,1,136829997850
Measurement_interval(ms):,1000,240,33570,66556,0,0,1,136830997881
Measurement_interval(ms):,1000,240,33570,66556,0,0,1,136831997878
Measurement_interval(ms):,1000,240,33570,66556,0,0,1,136832997876
Measurement_interval(ms):,1000,240,33570,66556,0,0,1,136833997876
Measurement_interval(ms):,1000,240,33570,66556,0,0,1,136834997875
Measurement_interval(ms):,1000,240,33570,66556,0,0,1,136835997869
Measurement_interval(ms):,1000,240,33570,66556,0,0,1,136836997833
Measurement_interval(ms):,1000,240,33570,66556,0,0,1,136837997855
Measurement_interval(ms):,1000,240,33570,66556,0,0,1,136838997868
Measurement_interval(ms):,1000,240,33570,66556,0,0,1,136839997835
Measurement_interval(ms):,1000,240,33570,66556,0,0,1,136840997835
Measurement_interval(ms):,1000,240,33570,66556,0,0,1,136841997848
Measurement_interval(ms):,1000,240,33570,66556,0,0,1,136842997848
Measurement_interval(ms):,1000,240,33570,66556,0,0,1,136843997859
Measurement_interval(ms):,1000,240,33570,66556,0,0,1,136844997867
Measurement_interval(ms):,1000,240,33570,66556,0,0,1,136845997831
Measurement_interval(ms):,1000,240,33570,66556,0,0,1,136846997862
Measurement_interval(ms):,1000,240,33570,66556,0,0,1,136847997854
Measurement_interval(ms):,1000,240,33570,66556,0,0,1,136848997864
Measurement_interval(ms):,1000,240,33570,66556,0,0,1,136849997861
Measurement_interval(ms):,1000,240,33570,66556,0,0,1,136850997828
Measurement_interval(ms):,1000,240,33570,66556,0,0,1,136851997876
Measurement_interval(ms):,1000,240,33570,66556,0,0,1,136852997852
Measurement_interval(ms):,1000,240,33570,66556,0,0,1,136853997825
Measurement_interval(ms):,1000,240,33570,66556,0,0,1,136854997825
Measurement_interval(ms):,1000,240,33570,66556,0,0,1,136855997837
Measurement_interval(ms):,1000,240,33570,66556,0,0,1,136856997824
Measurement_interval(ms):,1000,240,33570,66556,0,0,1,136857997847
Measurement_interval(ms):,1000,240,33570,66556,0,0,1,136861390817
