Measurement_interval(ms):,250,512,7809,156595,0,0,1,27859138177,552,0
Measurement_interval(ms):,250,528,7809,156595,0,0,1,27859388190,684,0
Measurement_interval(ms):,250,512,7809,156595,0,0,1,27859638208,812,0
Measurement_interval(ms):,250,512,7809,161047,0,0,1,27859888199,940,0
Measurement_interval(ms):,250,528,7809,161047,0,0,1,27860138170,1072,0
Measurement_interval(ms):,250,512,7809,161047,0,0,1,27860388178,1200,0
Measurement_interval(ms):,250,512,7809,161047,0,0,1,27860638170,1328,0
Measurement_interval(ms):,250,512,7809,161047,0,0,1,27860888191,1456,0
Measurement_interval(ms):,250,512,7809,161047,0,0,1,27861138180,1584,0
Measurement_interval(ms):,250,512,7809,161047,0,0,1,27861388195,1712,0
Measurement_interval(ms):,250,512,7809,161047,0,0,1,27861638187,1840,0
Measurement_interval(ms):,250,528,7809,161047,0,0,1,27861888309,1972,0
Measurement_interval(ms):,250,512,7809,161047,0,0,1,27862138212,2100,0
Measurement_interval(ms):,250,512,7809,161047,0,0,1,27862388169,2228,0
Measurement_interval(ms):,250,512,7809,161047,0,0,1,27862638182,2356,0
Measurement_interval(ms):,250,512,7809,161047,0,0,1,27862888174,2484,0
Measurement_interval(ms):,250,528,7809,161047,0,0,1,27863138207,2616,0
Measurement_interval(ms):,250,512,7809,161047,0,0,1,27863388178,2744,0
Measurement_interval(ms):,250,512,7809,161047,0,0,1,27863638200,2872,0
Measurement_interval(ms):,250,512,7809,161047,0,0,1,27863888178,3000,0
Measurement_interval(ms):,250,512,7809,161047,0,0,1,27864138169,3128,0
Measurement_interval(ms):,250,512,7809,161047,0,0,1,27864388202,3256,0
Measurement_interval(ms):,250,512,7809,161047,0,0,1,27864638216,3384,0
Measurement_interval(ms):,250,528,7809,161047,0,0,1,27864889161,3516,0
Measurement_interval(ms):,250,512,7809,161047,0,0,1,27865138168,3644,0
Measurement_interval(ms):,250,512,7809,161047,0,0,1,27865388194,3772,0
Measurement_interval(ms):,250,512,7809,161047,0,0,1,27865638167,3900,0
Measurement_interval(ms):,250,512,7809,161047,0,0,1,27865888186,4028,0
Measurement_interval(ms):,250,512,7809,156595,0,0,1,27866138172,4156,0
Measurement_interval(ms):,250,512,7809,156595,0,0,1,27866388212,4284,0
Measurement_interval(ms):,250,528,7809,156595,0,0,1,27866638192,4416,0
Measurement_interval(ms):,250,512,7809,156595,0,0,1,27866888168,4544,0
Measurement_interval(ms):,250,512,7809,156595,0,0,1,27867138173,4672,0
Measurement_interval(ms):,250,512,7809,156595,0,0,1,27867388192,4800,0
Measurement_interval(ms):,250,512,7809,150659,0,0,1,27867638172,4928,0
Measurement_interval(ms):,250,528,7809,150659,0,0,1,27867889044,5060,0
Measurement_interval(ms):,250,512,7809,150659,0,0,1,27868138167,5188,0
Measurement_interval(ms):,250,512,7809,119495,0,0,1,27868388183,5316,0
Measurement_interval(ms):,250,512,7809,119495,0,0,1,27868638188,5444,0
Measurement_interval(ms):,250,512,7809,119495,0,0,1,27868888166,5572,0
Measurement_interval(ms):,250,512,7809,92783,0,0,1,27869138173,5700,0
Measurement_interval(ms):,250,512,7809,92783,0,0,1,27869388198,5828,0
Measurement_interval(ms):,250,512,7809,92783,0,0,1,27869638167,5956,0
Measurement_interval(ms):,250,528,7809,89815,0,0,1,27869888932,6088,0
Measurement_interval(ms):,250,512,7809,89815,0,0,1,27870138208,6216,0
Measurement_interval(ms):,250,512,7809,89815,0,0,1,27870388184,6344,0
Measurement_interval(ms):,250,512,7809,63103,0,0,1,27870638167,6472,0
Measurement_interval(ms):,250,512,7809,63103,0,0,1,27870888166,6600,0
Measurement_interval(ms):,250,512,7809,63103,0,0,1,27871138192,6728,0
Measurement_interval(ms):,250,528,7809,119495,0,0,1,27871388212,6860,0
Measurement_interval(ms):,250,512,7809,119495,0,0,1,27871638190,6988,0
Measurement_interval(ms):,250,512,7809,119495,0,0,1,27871888196,7116,0
Measurement_interval(ms):,250,512,7809,97235,0,0,1,27872138165,7244,0
Measurement_interval(ms):,250,512,7809,97235,0,0,1,27872388211,7372,0
Measurement_interval(ms):,250,512,7809,97235,0,0,1,27872638209,7500,0
Measurement_interval(ms):,250,512,7809,97235,0,0,1,27872888194,7628,0
Measurement_interval(ms):,250,528,7809,92783,0,0,1,27873138319,7760,0
Measurement_interval(ms):,250,512,7809,92783,0,0,1,27873388193,7888,0
Measurement_interval(ms):,250,512,7809,92783,0,0,1,27873638175,8016,0
Measurement_interval(ms):,250,512,7809,97235,0,0,1,27873888193,8144,0
Measurement_interval(ms):,250,512,7809,97235,0,0,1,27874138167,8272,0
Measurement_interval(ms):,250,512,7809,97235,0,0,1,27874388179,8400,0
Measurement_interval(ms):,250,528,7809,92783,0,0,1,27874639155,8532,0
Measurement_interval(ms):,250,512,7809,92783,0,0,1,27874888178,8660,0
Measurement_interval(ms):,250,512,7809,92783,0,0,1,27875138175,8788,0
Measurement_interval(ms):,250,512,7809,119495,0,0,1,27875388190,8916,0
Measurement_interval(ms):,250,512,7809,119495,0,0,1,27875638178,9044,0
Measurement_interval(ms):,250,528,7809,119495,0,0,1,27875888944,9176,0
Measurement_interval(ms):,250,512,7809,119495,0,0,1,27876138181,9304,0
Measurement_interval(ms):,250,512,7809,119495,0,0,1,27876388192,9432,0
Measurement_interval(ms):,250,512,7809,119495,0,0,1,27876638178,9560,0
Measurement_interval(ms):,250,512,7809,97235,0,0,1,27876888165,9688,0
Measurement_interval(ms):,250,528,7809,97235,0,0,1,27877138280,9820,0
Measurement_interval(ms):,250,512,7809,97235,0,0,1,27877388201,9948,0
Measurement_interval(ms):,250,512,7809,152143,0,0,1,27877638185,10076,0
Measurement_interval(ms):,250,512,7809,152143,0,0,1,27877888193,10204,0
Measurement_interval(ms):,250,512,7809,152143,0,0,1,27878138173,10332,0
Measurement_interval(ms):,250,512,7809,159563,0,0,1,27878388164,10460,0
Measurement_interval(ms):,250,512,7809,159563,0,0,1,27878638173,10588,0
Measurement_interval(ms):,250,528,7809,159563,0,0,1,27878888248,10720,0
Measurement_interval(ms):,250,512,7809,159563,0,0,1,27879138164,10848,0
Measurement_interval(ms):,250,512,7809,159563,0,0,1,27879388173,10976,0
Measurement_interval(ms):,250,512,7809,159563,0,0,1,27879638167,11104,0
Measurement_interval(ms):,250,512,7809,159563,0,0,1,27879888184,11232,0
Measurement_interval(ms):,250,512,7809,156595,0,0,1,27880138182,11360,0
Measurement_interval(ms):,250,512,7809,156595,0,0,1,27880388208,11488,0
Measurement_interval(ms):,250,528,7809,156595,0,0,1,27880638197,11620,0
Measurement_interval(ms):,250,512,7809,152143,0,0,1,27880888206,11748,0
Measurement_interval(ms):,250,512,7809,152143,0,0,1,27881138164,11876,0
Measurement_interval(ms):,250,512,7809,152143,0,0,1,27881388173,12004,0
Measurement_interval(ms):,250,512,7809,152143,0,0,1,27881638204,12132,0
Measurement_interval(ms):,250,528,7809,152143,0,0,1,27881888530,12264,0
Measurement_interval(ms):,250,512,7809,152143,0,0,1,27882138208,12392,0
Measurement_interval(ms):,250,512,7809,150659,0,0,1,27882388173,12520,0
Measurement_interval(ms):,250,512,7809,150659,0,0,1,27882638189,12648,0
Measurement_interval(ms):,250,512,7809,150659,0,0,1,27882888180,12776,0
Measurement_interval(ms):,250,528,7809,150659,0,0,1,27883138933,12908,0
Measurement_interval(ms):,250,512,7809,150659,0,0,1,27883388162,13036,0
Measurement_interval(ms):,250,512,7809,150659,0,0,1,27883638191,13164,0
Measurement_interval(ms):,250,512,7809,150659,0,0,1,27883888192,13292,0
Measurement_interval(ms):,250,512,7809,150659,0,0,1,27884138163,13420,0
Measurement_interval(ms):,250,512,7809,150659,0,0,1,27884388161,13548,0
Measurement_interval(ms):,250,512,7809,122463,0,0,1,27884638196,13676,0
Measurement_interval(ms):,250,512,7809,122463,0,0,1,27884888209,13804,0
Measurement_interval(ms):,250,528,7809,122463,0,0,1,27885138162,13936,0
Measurement_interval(ms):,250,512,7809,122463,0,0,1,27885388187,14064,0
Measurement_interval(ms):,250,512,7809,122463,0,0,1,27885638184,14192,0
Measurement_interval(ms):,250,512,7809,122463,0,0,1,27885888161,14320,0
Measurement_interval(ms):,250,528,7809,122463,0,0,1,27886138758,14452,0
Measurement_interval(ms):,250,512,7809,122463,0,0,1,27886388168,14580,0
Measurement_interval(ms):,250,512,7809,122463,0,0,1,27886638167,14708,0
Measurement_interval(ms):,250,512,7809,122463,0,0,1,27886888176,14836,0
Measurement_interval(ms):,250,512,7809,119495,0,0,1,27887138164,14964,0
Measurement_interval(ms):,250,528,7809,119495,0,0,1,27887388664,15096,0
Measurement_interval(ms):,250,512,7809,119495,0,0,1,27887638204,15224,0
Measurement_interval(ms):,250,512,7809,123947,0,0,1,27887888160,15352,0
Measurement_interval(ms):,250,512,7809,123947,0,0,1,27888138162,15480,0
Measurement_interval(ms):,250,512,7809,123947,0,0,1,27888388199,15608,0
Measurement_interval(ms):,250,512,7809,122463,0,0,1,27888638181,15736,0
Measurement_interval(ms):,250,512,7809,122463,0,0,1,27888888199,15864,0
Measurement_interval(ms):,250,528,7809,122463,0,0,1,27889138609,15996,0
Measurement_interval(ms):,250,512,7809,119495,0,0,1,27889388189,16124,0
Measurement_interval(ms):,250,512,7809,119495,0,0,1,27889638206,16252,0
Measurement_interval(ms):,250,512,7809,119495,0,0,1,27889888200,16380,0
Measurement_interval(ms):,250,512,7809,119495,0,0,1,27890138184,16508,0
Measurement_interval(ms):,250,512,7809,119495,0,0,1,27890388160,16636,0
Measurement_interval(ms):,250,512,7809,119495,0,0,1,27890638171,16764,0
Measurement_interval(ms):,250,512,7809,119495,0,0,1,27890888173,16892,0
Measurement_interval(ms):,250,528,7809,119495,0,0,1,27891138187,17024,0
Measurement_interval(ms):,250,512,7809,119495,0,0,1,27891388173,17152,0
Measurement_interval(ms):,250,512,7809,119495,0,0,1,27891638195,17280,0
Measurement_interval(ms):,250,512,7809,119495,0,0,1,27891888164,17408,0
Measurement_interval(ms):,250,528,7809,119495,0,0,1,27892138752,17540,0
Measurement_interval(ms):,250,512,7809,119495,0,0,1,27892388163,17668,0
Measurement_interval(ms):,250,512,7809,119495,0,0,1,27892638168,17796,0
