Measurement_interval(ms):,250,1248,27269,44745,0,0,1,27593789407,2312,0
Measurement_interval(ms):,250,1148,27269,44745,0,0,1,27594043357,2599,0
Measurement_interval(ms):,250,1124,27269,44745,0,0,1,27594292569,2880,0
Measurement_interval(ms):,250,1120,27269,44745,0,0,1,27594539372,3160,0
Measurement_interval(ms):,250,1204,27269,44745,0,0,1,27594790083,3461,0
Measurement_interval(ms):,250,1112,27269,44745,0,0,1,27595039377,3739,0
Measurement_interval(ms):,250,1172,27269,44745,0,0,1,27595289398,4032,0
Measurement_interval(ms):,250,1112,27269,44745,0,0,1,27595539406,4310,0
Measurement_interval(ms):,250,1204,27920,47153,0,0,1,27595789374,4611,0
Measurement_interval(ms):,250,1120,27920,47153,0,0,1,27596039367,4891,0
Measurement_interval(ms):,250,1112,27920,47153,0,0,1,27596289387,5169,0
Measurement_interval(ms):,250,1252,27920,47153,0,0,1,27596540488,5482,0
Measurement_interval(ms):,250,1132,27920,47153,0,0,1,27596789383,5765,0
Measurement_interval(ms):,250,1156,27920,47153,0,0,1,27597039388,6054,0
Measurement_interval(ms):,250,1152,27920,47153,0,0,1,27597289383,6342,0
Measurement_interval(ms):,250,1232,27920,47153,0,0,1,27597539408,6650,0
Measurement_interval(ms):,250,1068,27920,47153,0,0,1,27597789414,6917,0
Measurement_interval(ms):,250,1240,28137,48529,0,0,1,27598039367,7227,0
Measurement_interval(ms):,250,1108,28137,48529,0,0,1,27598289367,7504,0
Measurement_interval(ms):,250,1176,28137,48529,0,0,1,27598541024,7798,0
Measurement_interval(ms):,250,1072,28137,48529,0,0,1,27598789375,8066,0
Measurement_interval(ms):,250,1172,28137,48529,0,0,1,27599039366,8359,0
Measurement_interval(ms):,250,1056,28137,48529,0,0,1,27599289366,8623,0
Measurement_interval(ms):,250,1176,28137,48529,0,0,1,27599539379,8917,0
Measurement_interval(ms):,250,1056,28137,48529,0,0,1,27599789366,9181,0
Measurement_interval(ms):,250,1200,28137,48529,0,0,1,27600039409,9481,0
Measurement_interval(ms):,250,1076,28137,48529,0,0,1,27600289395,9750,0
Measurement_interval(ms):,250,1200,28137,48873,0,0,1,27600539366,10050,0
Measurement_interval(ms):,250,1084,28137,48873,0,0,1,27600789371,10321,0
Measurement_interval(ms):,250,1200,28137,48873,0,0,1,27601043648,10621,0
Measurement_interval(ms):,250,1076,28137,48873,0,0,1,27601289394,10890,0
Measurement_interval(ms):,250,1084,28137,48873,0,0,1,27601539383,11161,0
Measurement_interval(ms):,250,1200,28137,48873,0,0,1,27601789375,11461,0
Measurement_interval(ms):,250,1076,28137,48873,0,0,1,27602039380,11730,0
Measurement_interval(ms):,250,1200,28137,48873,0,0,1,27602290337,12030,0
Measurement_interval(ms):,250,1084,28137,48873,0,0,1,27602539368,12301,0
Measurement_interval(ms):,250,1076,28137,48873,0,0,1,27602789384,12570,0
Measurement_interval(ms):,250,1200,28137,48873,0,0,1,27603039366,12870,0
Measurement_interval(ms):,250,1084,27920,48873,0,0,1,27603289412,13141,0
Measurement_interval(ms):,250,1200,27920,48873,0,0,1,27603539404,13441,0
Measurement_interval(ms):,250,1076,27920,48873,0,0,1,27603789374,13710,0
Measurement_interval(ms):,250,1200,27920,48873,0,0,1,27604041546,14010,0
Measurement_interval(ms):,250,1084,27920,48873,0,0,1,27604289404,14281,0
Measurement_interval(ms):,250,1076,27920,48873,0,0,1,27604539377,14550,0
Measurement_interval(ms):,250,1200,27920,48873,0,0,1,27604789375,14850,0
Measurement_interval(ms):,250,1084,27920,48873,0,0,1,27605039401,15121,0
Measurement_interval(ms):,250,1200,27920,48873,0,0,1,27605290432,15421,0
Measurement_interval(ms):,250,1076,27920,48873,0,0,1,27605539389,15690,0
Measurement_interval(ms):,250,1084,27920,48873,0,0,1,27605789364,15961,0
Measurement_interval(ms):,250,1200,27486,48873,0,0,1,27606039400,16261,0
Measurement_interval(ms):,250,1076,27486,48873,0,0,1,27606289392,16530,0
Measurement_interval(ms):,250,1200,27486,48873,0,0,1,27606539364,16830,0
Measurement_interval(ms):,250,1084,27486,48873,0,0,1,27606789370,17101,0
Measurement_interval(ms):,250,1200,27486,48873,0,0,1,27607041623,17401,0
Measurement_interval(ms):,250,1076,27486,48873,0,0,1,27607289368,17670,0
Measurement_interval(ms):,250,1084,27486,48873,0,0,1,27607539373,17941,0
Measurement_interval(ms):,250,1200,27486,48873,0,0,1,27607789364,18241,0
Measurement_interval(ms):,250,1076,27486,48873,0,0,1,27608039408,18510,0
Measurement_interval(ms):,250,1200,27486,48873,0,0,1,27608289397,18810,0
Measurement_interval(ms):,250,1084,27269,48873,0,0,1,27608539363,19081,0
Measurement_interval(ms):,250,1200,27269,48873,0,0,1,27608793602,19381,0
Measurement_interval(ms):,250,1076,27269,48873,0,0,1,27609039367,19650,0
Measurement_interval(ms):,250,1084,27269,48873,0,0,1,27609289397,19921,0
Measurement_interval(ms):,250,1200,27269,48873,0,0,1,27609539407,20221,0
Measurement_interval(ms):,250,1076,27269,48873,0,0,1,27609789389,20490,0
Measurement_interval(ms):,250,1200,27269,48873,0,0,1,27610040123,20790,0
Measurement_interval(ms):,250,1080,27269,48873,0,0,1,27610289405,21060,0
Measurement_interval(ms):,250,1188,27269,48873,0,0,1,27610540687,21357,0
Measurement_interval(ms):,250,1056,27269,48873,0,0,1,27610789362,21621,0
Measurement_interval(ms):,250,1172,27269,48873,0,0,1,27611039389,21914,0
Measurement_interval(ms):,250,1064,27269,48873,0,0,1,27611289398,22180,0
Measurement_interval(ms):,250,1172,27269,48873,0,0,1,27611539372,22473,0
Measurement_interval(ms):,250,1060,27269,48873,0,0,1,27611789400,22738,0
Measurement_interval(ms):,250,1168,27269,48873,0,0,1,27612039409,23030,0
Measurement_interval(ms):,250,1168,27269,48873,0,0,1,27612290272,23322,0
Measurement_interval(ms):,250,1052,27269,48873,0,0,1,27612539376,23585,0
Measurement_interval(ms):,250,1176,27269,48873,0,0,1,27612789362,23879,0
Measurement_interval(ms):,250,1052,27269,48873,0,0,1,27613039362,24142,0
Measurement_interval(ms):,250,1176,27269,48873,0,0,1,27613289390,24436,0
Measurement_interval(ms):,250,1172,27269,48873,0,0,1,27613542134,24729,0
Measurement_interval(ms):,250,1060,27269,48873,0,0,1,27613789391,24994,0
Measurement_interval(ms):,250,1168,27269,48873,0,0,1,27614039367,25286,0
Measurement_interval(ms):,250,1052,27269,48873,0,0,1,27614289363,25549,0
Measurement_interval(ms):,250,1172,27269,48873,0,0,1,27614539370,25842,0
Measurement_interval(ms):,250,1156,27269,48873,0,0,1,27614791695,26131,0
Measurement_interval(ms):,250,1100,27269,48873,0,0,1,27615039392,26406,0
Measurement_interval(ms):,250,1208,27269,48873,0,0,1,27615290085,26708,0
Measurement_interval(ms):,250,1088,27269,48873,0,0,1,27615539398,26980,0
Measurement_interval(ms):,250,1172,27269,48873,0,0,1,27615789400,27273,0
Measurement_interval(ms):,250,1084,27269,48873,0,0,1,27616039402,27544,0
Measurement_interval(ms):,250,1204,27269,48873,0,0,1,27616289362,27845,0
Measurement_interval(ms):,250,1156,27269,48873,0,0,1,27616539395,28134,0
Measurement_interval(ms):,250,1100,27269,48873,0,0,1,27616789364,28409,0
Measurement_interval(ms):,250,1128,27269,48873,0,0,1,27617039371,28691,0
Measurement_interval(ms):,250,1192,27269,48873,0,0,1,27617289384,28989,0
Measurement_interval(ms):,250,1124,27269,48873,0,0,1,27617539370,29270,0
Measurement_interval(ms):,250,1152,27269,48873,0,0,1,27617791855,29558,0
Measurement_interval(ms):,250,1028,28137,48873,0,0,1,27618039383,29815,0
Measurement_interval(ms):,250,1252,28137,48873,0,0,1,27618290397,30128,0
Measurement_interval(ms):,250,1088,28137,48873,0,0,1,27618539403,30400,0
Measurement_interval(ms):,250,1152,28137,48873,0,0,1,27618789372,30688,0
Measurement_interval(ms):,250,1104,28137,48873,0,0,1,27619039398,30964,0
Measurement_interval(ms):,250,1228,28137,48873,0,0,1,27619291840,31271,0
Measurement_interval(ms):,250,1116,28137,48873,0,0,1,27619539402,31550,0
Measurement_interval(ms):,250,1196,28137,48873,0,0,1,27619791541,31849,0
Measurement_interval(ms):,250,1112,28137,48873,0,0,1,27620039362,32127,0
Measurement_interval(ms):,250,1184,28137,48873,0,0,1,27620291932,32423,0
Measurement_interval(ms):,250,1136,28137,48873,0,0,1,27620539383,32707,0
Measurement_interval(ms):,250,1160,28137,48873,0,0,1,27620789378,32997,0
Measurement_interval(ms):,250,1204,28137,48873,0,0,1,27621042462,33298,0
Measurement_interval(ms):,250,1096,28137,48873,0,0,1,27621289401,33572,0
Measurement_interval(ms):,250,1152,28137,48873,0,0,1,27621539361,33860,0
Measurement_interval(ms):,250,1216,28137,48873,0,0,1,27621789362,34164,0
Measurement_interval(ms):,250,1092,28137,48873,0,0,1,27622039375,34437,0
Measurement_interval(ms):,250,1220,28137,48873,0,0,1,27622291017,34742,0
Measurement_interval(ms):,250,1124,28137,48873,0,0,1,27622539364,35023,0
Measurement_interval(ms):,250,1204,28137,48873,0,0,1,27622789402,35324,0
Measurement_interval(ms):,250,1056,28137,48873,0,0,1,27623039375,35588,0
