Measurement_interval(ms):,250,1024,27277,57507,0,0,1,28267934912,3648,0
Measurement_interval(ms):,250,1152,27277,57507,0,0,1,28268184897,3936,0
Measurement_interval(ms):,250,1024,27277,57507,0,0,1,28268434883,4192,0
Measurement_interval(ms):,250,1152,27277,57507,0,0,1,28268684880,4480,0
Measurement_interval(ms):,250,1152,27277,57507,0,0,1,28268934914,4768,0
Measurement_interval(ms):,250,1024,27277,57507,0,0,1,28269184914,5024,0
Measurement_interval(ms):,250,1152,27277,57507,0,0,1,28269434881,5312,0
Measurement_interval(ms):,250,1024,27277,57507,0,0,1,28269684880,5568,0
Measurement_interval(ms):,250,1152,27277,57507,0,0,1,28269934879,5856,0
Measurement_interval(ms):,250,1024,27277,57507,0,0,1,28270184915,6112,0
Measurement_interval(ms):,250,1152,27277,57507,0,0,1,28270434885,6400,0
Measurement_interval(ms):,250,1024,27277,57507,0,0,1,28270684917,6656,0
Measurement_interval(ms):,250,1152,27277,57152,0,0,1,28270934878,6944,0
Measurement_interval(ms):,250,1152,27277,57152,0,0,1,28271185816,7232,0
Measurement_interval(ms):,250,1024,27277,57152,0,0,1,28271434883,7488,0
Measurement_interval(ms):,250,1152,27277,57152,0,0,1,28271684911,7776,0
Measurement_interval(ms):,250,1152,27277,57152,0,0,1,28271934909,8064,0
Measurement_interval(ms):,250,1024,27277,57152,0,0,1,28272184912,8320,0
Measurement_interval(ms):,250,1152,27277,57152,0,0,1,28272434887,8608,0
Measurement_interval(ms):,250,1152,27277,57152,0,0,1,28272684898,8896,0
Measurement_interval(ms):,250,1024,27277,57152,0,0,1,28272934882,9152,0
Measurement_interval(ms):,250,1152,27277,57152,0,0,1,28273188175,9440,0
Measurement_interval(ms):,250,1024,27277,57152,0,0,1,28273434915,9696,0
Measurement_interval(ms):,250,1152,27277,57152,0,0,1,28273684878,9984,0
Measurement_interval(ms):,250,1024,27277,57152,0,0,1,28273934885,10240,0
Measurement_interval(ms):,250,1024,27277,57152,0,0,1,28274184908,10496,0
Measurement_interval(ms):,250,1024,27277,57152,0,0,1,28274434912,10752,0
Measurement_interval(ms):,250,1152,27277,57152,0,0,1,28274684908,11040,0
Measurement_interval(ms):,250,1024,27277,57152,0,0,1,28274934895,11296,0
Measurement_interval(ms):,250,896,27277,57152,0,0,1,28275184902,11520,0
Measurement_interval(ms):,250,1024,27277,57152,0,0,1,28275434896,11776,0
Measurement_interval(ms):,250,1024,27277,57152,0,0,1,28275684919,12032,0
Measurement_interval(ms):,250,1024,27277,57152,0,0,1,28275934924,12288,0
Measurement_interval(ms):,250,1024,27277,57152,0,0,1,28276185107,12544,0
Measurement_interval(ms):,250,896,27277,57152,0,0,1,28276434889,12768,0
Measurement_interval(ms):,250,1024,27277,57152,0,0,1,28276684905,13024,0
Measurement_interval(ms):,250,1024,27414,57152,0,0,1,28276934874,13280,0
Measurement_interval(ms):,250,1024,27414,57152,0,0,1,28277184891,13536,0
Measurement_interval(ms):,250,1152,27414,57152,0,0,1,28277435121,13824,0
Measurement_interval(ms):,250,1024,27414,57152,0,0,1,28277684889,14080,0
Measurement_interval(ms):,250,1152,27414,57152,0,0,1,28277934911,14368,0
Measurement_interval(ms):,250,1024,27414,57152,0,0,1,28278184874,14624,0
Measurement_interval(ms):,250,1024,27414,57152,0,0,1,28278434880,14880,0
Measurement_interval(ms):,250,1152,27414,57152,0,0,1,28278684916,15168,0
Measurement_interval(ms):,250,1024,27414,57152,0,0,1,28278934879,15424,0
Measurement_interval(ms):,250,1152,27414,57152,0,0,1,28279186802,15712,0
Measurement_interval(ms):,250,1024,27414,57152,0,0,1,28279434911,15968,0
Measurement_interval(ms):,250,1152,27414,57152,0,0,1,28279686843,16256,0
Measurement_interval(ms):,250,1024,27414,57152,0,0,1,28279934872,16512,0
Measurement_interval(ms):,250,1152,27414,57152,0,0,1,28280185582,16800,0
Measurement_interval(ms):,250,1024,27414,57152,0,0,1,28280434875,17056,0
Measurement_interval(ms):,250,1152,27414,57152,0,0,1,28280684875,17344,0
Measurement_interval(ms):,250,1024,27414,57152,0,0,1,28280934912,17600,0
Measurement_interval(ms):,250,1152,27414,57152,0,0,1,28281184887,17888,0
Measurement_interval(ms):,250,1152,27414,57152,0,0,1,28281435093,18176,0
Measurement_interval(ms):,250,1024,27414,57152,0,0,1,28281684881,18432,0
Measurement_interval(ms):,250,1152,27414,57152,0,0,1,28281934876,18720,0
Measurement_interval(ms):,250,1024,27414,57152,0,0,1,28282184910,18976,0
Measurement_interval(ms):,250,1152,27414,57152,0,0,1,28282438935,19264,0
Measurement_interval(ms):,250,1024,27414,57152,0,0,1,28282684909,19520,0
Measurement_interval(ms):,250,1152,27414,57152,0,0,1,28282934899,19808,0
Measurement_interval(ms):,250,1024,27414,57152,0,0,1,28283184911,20064,0
Measurement_interval(ms):,250,1152,27414,57152,0,0,1,28283434911,20352,0
Measurement_interval(ms):,250,1024,27414,57152,0,0,1,28283684894,20608,0
Measurement_interval(ms):,250,1152,27414,57152,0,0,1,28283934898,20896,0
Measurement_interval(ms):,250,1024,27414,57152,0,0,1,28284184872,21152,0
Measurement_interval(ms):,250,1152,27414,57152,0,0,1,28284435271,21440,0
Measurement_interval(ms):,250,1024,27414,57152,0,0,1,28284684877,21696,0
Measurement_interval(ms):,250,1152,27414,57152,0,0,1,28284937160,21984,0
Measurement_interval(ms):,250,1024,27414,57152,0,0,1,28285184891,22240,0
Measurement_interval(ms):,250,1152,27414,57152,0,0,1,28285439113,22528,0
Measurement_interval(ms):,250,1024,27414,57152,0,0,1,28285684882,22784,0
Measurement_interval(ms):,250,1152,27414,57152,0,0,1,28285934869,23072,0
Measurement_interval(ms):,250,1024,27414,57152,0,0,1,28286184866,23328,0
Measurement_interval(ms):,250,1152,27414,57152,0,0,1,28286434894,23616,0
Measurement_interval(ms):,250,1024,27414,57152,0,0,1,28286684878,23872,0
Measurement_interval(ms):,250,1152,27414,57152,0,0,1,28286938770,24160,0
Measurement_interval(ms):,250,1024,27414,57152,0,0,1,28287184897,24416,0
Measurement_interval(ms):,250,1152,27414,57152,0,0,1,28287434865,24704,0
Measurement_interval(ms):,250,1024,27414,57152,0,0,1,28287684866,24960,0
Measurement_interval(ms):,250,1024,27414,57152,0,0,1,28287934875,25216,0
Measurement_interval(ms):,250,1152,27414,57152,0,0,1,28288184891,25504,0
Measurement_interval(ms):,250,1024,27414,57152,0,0,1,28288434874,25760,0
Measurement_interval(ms):,250,1152,27277,57152,0,0,1,28288684864,26048,0
Measurement_interval(ms):,250,1152,27277,57152,0,0,1,28288934890,26336,0
Measurement_interval(ms):,250,1024,27277,57152,0,0,1,28289184888,26592,0
Measurement_interval(ms):,250,1152,27277,57152,0,0,1,28289438445,26880,0
Measurement_interval(ms):,250,1024,27277,57152,0,0,1,28289684863,27136,0
Measurement_interval(ms):,250,1152,27277,57152,0,0,1,28289937864,27424,0
Measurement_interval(ms):,250,1024,27277,57152,0,0,1,28290184907,27680,0
Measurement_interval(ms):,250,1152,27277,57152,0,0,1,28290435005,27968,0
Measurement_interval(ms):,250,1024,27277,57152,0,0,1,28290684872,28224,0
Measurement_interval(ms):,250,1152,27277,57152,0,0,1,28290934902,28512,0
