Measurement_interval(ms):,1000,0,0,0,0,0,1,77913291378
Measurement_interval(ms):,1000,0,0,0,0,0,1,77917534064
Measurement_interval(ms):,1000,0,0,0,0,0,1,77917534065
Measurement_interval(ms):,1000,0,0,0,0,0,1,77917534068
Measurement_interval(ms):,1000,0,0,0,0,0,1,77917534069
Measurement_interval(ms):,1000,0,0,0,0,0,1,77917534070
Measurement_interval(ms):,1000,0,0,0,0,0,1,77917534071
Measurement_interval(ms):,1000,0,0,0,0,0,1,77917534118
Measurement_interval(ms):,1000,0,0,0,0,0,1,77917534119
Measurement_interval(ms):,1000,0,0,0,0,0,1,77917534121
Measurement_interval(ms):,1000,48,0,0,0,0,1,77917707683
Measurement_interval(ms):,1000,360,0,0,0,0,1,77918707681
Measurement_interval(ms):,1000,360,0,0,0,0,1,77919707680
Measurement_interval(ms):,1000,360,22414,44510,0,0,1,77920707672
Measurement_interval(ms):,1000,360,22414,44510,0,0,1,77921707684
Measurement_interval(ms):,1000,360,22414,44510,0,0,1,77922707701
Measurement_interval(ms):,1000,360,22414,44510,0,0,1,77923707660
Measurement_interval(ms):,1000,360,22414,44510,0,0,1,77924707677
Measurement_interval(ms):,1000,360,22414,44510,0,0,1,77925707702
Measurement_interval(ms):,1000,360,22414,44510,0,0,1,77926707655
Measurement_interval(ms):,1000,360,22414,44510,0,0,1,77927707665
Measurement_interval(ms):,1000,360,22414,44510,0,0,1,77928707688
Measurement_interval(ms):,1000,360,22414,44510,0,0,1,77929707655
Measurement_interval(ms):,1000,360,22414,44510,0,0,1,77930707697
Measurement_interval(ms):,1000,360,22414,44510,0,0,1,77931707682
Measurement_interval(ms):,1000,360,22414,44510,0,0,1,77932707659
Measurement_interval(ms):,1000,360,22414,44510,0,0,1,77933707703
Measurement_interval(ms):,1000,360,22414,44510,0,0,1,77934707656
Measurement_interval(ms):,1000,360,22414,44510,0,0,1,77935707681
Measurement_interval(ms):,1000,360,22414,44510,0,0,1,77936707703
Measurement_interval(ms):,1000,360,22414,44510,0,0,1,77937707655
Measurement_interval(ms):,1000,360,22414,44510,0,0,1,77938707659
Measurement_interval(ms):,1000,360,22414,44510,0,0,1,77939707695
Measurement_interval(ms):,1000,368,22414,44510,0,0,1,77940707668
Measurement_interval(ms):,1000,360,22414,44510,0,0,1,77941707674
Measurement_interval(ms):,1000,360,22414,44510,0,0,1,77942707692
Measurement_interval(ms):,1000,360,22414,44510,0,0,1,77943707657
Measurement_interval(ms):,1000,360,22301,44286,0,0,1,77944707688
Measurement_interval(ms):,1000,360,22301,44286,0,0,1,77945707671
Measurement_interval(ms):,1000,360,22301,44286,0,0,1,77946707667
Measurement_interval(ms):,1000,360,22301,44286,0,0,1,77947707664
Measurement_interval(ms):,1000,360,22301,44286,0,0,1,77948707688
Measurement_interval(ms):,1000,360,22301,44286,0,0,1,77949707667
