Measurement_interval(ms):,1000,0,0,0,0,0,1,77985207227
Measurement_interval(ms):,1000,0,0,0,0,0,1,77990734546
Measurement_interval(ms):,1000,0,0,0,0,0,1,77990734547
Measurement_interval(ms):,1000,0,0,0,0,0,1,77990734550
Measurement_interval(ms):,1000,0,0,0,0,0,1,77990734550
Measurement_interval(ms):,1000,0,0,0,0,0,1,77990734552
Measurement_interval(ms):,1000,0,0,0,0,0,1,77990734553
Measurement_interval(ms):,1000,0,0,0,0,0,1,77990734554
Measurement_interval(ms):,1000,0,0,0,0,0,1,77990734555
Measurement_interval(ms):,1000,0,0,0,0,0,1,77990734556
Measurement_interval(ms):,1000,352,0,0,0,0,1,77991390646
Measurement_interval(ms):,1000,576,0,0,0,0,1,77992390662
Measurement_interval(ms):,1000,560,0,0,0,0,1,77993390638
Measurement_interval(ms):,1000,560,28385,56311,0,0,1,77994390652
Measurement_interval(ms):,1000,560,28385,56311,0,0,1,77995390665
Measurement_interval(ms):,1000,560,28385,56311,0,0,1,77996390667
Measurement_interval(ms):,1000,576,28385,56311,0,0,1,77997390654
Measurement_interval(ms):,1000,560,28385,56311,0,0,1,77998390660
Measurement_interval(ms):,1000,560,28385,56311,0,0,1,77999390640
Measurement_interval(ms):,1000,560,28244,56311,0,0,1,78000390647
Measurement_interval(ms):,1000,576,28244,56311,0,0,1,78001390644
Measurement_interval(ms):,1000,560,28244,56311,0,0,1,78002390664
Measurement_interval(ms):,1000,560,28244,56311,0,0,1,78003390662
Measurement_interval(ms):,1000,560,28244,56311,0,0,1,78004390663
Measurement_interval(ms):,1000,576,28244,56311,0,0,1,78005390645
Measurement_interval(ms):,1000,560,28244,56311,0,0,1,78006390673
Measurement_interval(ms):,1000,560,28244,56311,0,0,1,78007390626
Measurement_interval(ms):,1000,576,28244,56311,0,0,1,78008390624
Measurement_interval(ms):,1000,560,28244,56311,0,0,1,78009390649
Measurement_interval(ms):,1000,560,28244,56311,0,0,1,78010390640
Measurement_interval(ms):,1000,576,28244,56311,0,0,1,78011390662
Measurement_interval(ms):,1000,560,28244,56311,0,0,1,78012390624
Measurement_interval(ms):,1000,560,28244,56311,0,0,1,78013390660
Measurement_interval(ms):,1000,576,28244,56311,0,0,1,78014390623
Measurement_interval(ms):,1000,560,28244,56311,0,0,1,78015390634
Measurement_interval(ms):,1000,560,28244,56311,0,0,1,78016390657
Measurement_interval(ms):,1000,576,28244,56311,0,0,1,78017390646
Measurement_interval(ms):,1000,560,28244,56311,0,0,1,78018390628
Measurement_interval(ms):,1000,576,28244,56311,0,0,1,78019390657
Measurement_interval(ms):,1000,560,28244,56311,0,0,1,78020390624
Measurement_interval(ms):,1000,560,28244,56311,0,0,1,78021390626
