Measurement_interval(ms):,1000,0,0,0,0,0,1,148442354070
Measurement_interval(ms):,1000,0,0,0,0,0,1,148449830640
Measurement_interval(ms):,1000,0,0,0,0,0,1,148449830642
Measurement_interval(ms):,1000,0,0,0,0,0,1,148449830644
Measurement_interval(ms):,1000,0,0,0,0,0,1,148449830645
Measurement_interval(ms):,1000,0,0,0,0,0,1,148449830646
Measurement_interval(ms):,1000,0,0,0,0,0,1,148449830647
Measurement_interval(ms):,1000,0,0,0,0,0,1,148449830648
Measurement_interval(ms):,1000,0,0,0,0,0,1,148449830649
Measurement_interval(ms):,1000,0,0,0,0,0,1,148449830695
Measurement_interval(ms):,1000,0,0,0,0,0,1,148449830696
Measurement_interval(ms):,1000,0,0,0,0,0,1,148449830698
Measurement_interval(ms):,1000,430,0,0,0,0,1,148450614825
Measurement_interval(ms):,1000,563,0,0,0,0,1,148451614831
Measurement_interval(ms):,1000,557,0,0,0,0,1,148452614846
Measurement_interval(ms):,1000,563,30283,56606,0,0,1,148453614813
Measurement_interval(ms):,1000,557,30283,56606,0,0,1,148454614825
Measurement_interval(ms):,1000,576,30283,56606,0,0,1,148455614824
Measurement_interval(ms):,1000,563,30283,56606,0,0,1,148456614806
Measurement_interval(ms):,1000,557,30283,56606,0,0,1,148457614814
Measurement_interval(ms):,1000,563,30283,56606,0,0,1,148458614825
Measurement_interval(ms):,1000,557,30283,56606,0,0,1,148459614801
Measurement_interval(ms):,1000,576,30283,56606,0,0,1,148460614820
Measurement_interval(ms):,1000,563,30283,56606,0,0,1,148461614796
Measurement_interval(ms):,1000,557,30283,56606,0,0,1,148462614838
Measurement_interval(ms):,1000,563,30283,56606,0,0,1,148463614823
Measurement_interval(ms):,1000,557,30283,56606,0,0,1,148464614793
Measurement_interval(ms):,1000,576,30283,56606,0,0,1,148465614823
Measurement_interval(ms):,1000,563,30283,56606,0,0,1,148466614801
Measurement_interval(ms):,1000,557,30283,56606,0,0,1,148467614825
Measurement_interval(ms):,1000,563,30283,56606,0,0,1,148468614815
Measurement_interval(ms):,1000,557,30283,56606,0,0,1,148469614824
Measurement_interval(ms):,1000,576,30283,56606,0,0,1,148470614829
Measurement_interval(ms):,1000,563,30283,56606,0,0,1,148471614782
Measurement_interval(ms):,1000,557,30283,56606,0,0,1,148472614816
Measurement_interval(ms):,1000,563,30283,56606,0,0,1,148473614805
Measurement_interval(ms):,1000,557,30283,56606,0,0,1,148474614818
Measurement_interval(ms):,1000,576,30283,56606,0,0,1,148475614777
Measurement_interval(ms):,1000,563,30283,56606,0,0,1,148476614811
Measurement_interval(ms):,1000,557,30283,56606,0,0,1,148477614779
Measurement_interval(ms):,1000,563,30283,56606,0,0,1,148478614798
Measurement_interval(ms):,1000,576,30283,56606,0,0,1,148479614770
Measurement_interval(ms):,1000,557,30283,56606,0,0,1,148480614777
Measurement_interval(ms):,1000,563,30283,56606,0,0,1,148481614787
Measurement_interval(ms):,1000,557,30283,56606,0,0,1,148482614765
Measurement_interval(ms):,1000,563,30283,56606,0,0,1,148483614797
Measurement_interval(ms):,1000,576,30283,56606,0,0,1,148484614801
