Measurement_interval(ms):,1000,0,0,0,0,0,1,77784993362
Measurement_interval(ms):,1000,0,0,0,0,0,1,77789992080
Measurement_interval(ms):,1000,0,0,0,0,0,1,77789992082
Measurement_interval(ms):,1000,0,0,0,0,0,1,77789992085
Measurement_interval(ms):,1000,0,0,0,0,0,1,77789992085
Measurement_interval(ms):,1000,0,0,0,0,0,1,77789992087
Measurement_interval(ms):,1000,0,0,0,0,0,1,77789992088
Measurement_interval(ms):,1000,0,0,0,0,0,1,77789992134
Measurement_interval(ms):,1000,0,0,0,0,0,1,77789992135
Measurement_interval(ms):,1000,28,0,0,0,0,1,77790251927
Measurement_interval(ms):,1000,118,0,0,0,0,1,77791251948
Measurement_interval(ms):,1000,120,17197,33772,0,0,1,77792251939
Measurement_interval(ms):,1000,118,17197,33772,0,0,1,77793251959
Measurement_interval(ms):,1000,118,17197,33772,0,0,1,77794251912
Measurement_interval(ms):,1000,118,17111,33772,0,0,1,77795251942
Measurement_interval(ms):,1000,120,17111,33772,0,0,1,77796251928
Measurement_interval(ms):,1000,118,17111,33772,0,0,1,77797251940
Measurement_interval(ms):,1000,118,17111,33772,0,0,1,77798251944
Measurement_interval(ms):,1000,120,17111,33772,0,0,1,77799251953
Measurement_interval(ms):,1000,118,17111,33772,0,0,1,77800251936
Measurement_interval(ms):,1000,118,17111,33772,0,0,1,77801251943
Measurement_interval(ms):,1000,120,17111,33772,0,0,1,77802251952
Measurement_interval(ms):,1000,118,17111,33772,0,0,1,77803251947
Measurement_interval(ms):,1000,120,17111,33772,0,0,1,77804251921
Measurement_interval(ms):,1000,118,17111,33772,0,0,1,77805251954
Measurement_interval(ms):,1000,120,17111,33772,0,0,1,77806251955
Measurement_interval(ms):,1000,118,17025,33602,0,0,1,77807251914
Measurement_interval(ms):,1000,118,17025,33602,0,0,1,77808251962
Measurement_interval(ms):,1000,120,17025,33602,0,0,1,77809251925
Measurement_interval(ms):,1000,118,17025,33602,0,0,1,77810251913
Measurement_interval(ms):,1000,120,17025,33602,0,0,1,77811251963
Measurement_interval(ms):,1000,118,17025,33602,0,0,1,77812251924
Measurement_interval(ms):,1000,120,17025,33602,0,0,1,77813251940
Measurement_interval(ms):,1000,118,17025,33602,0,0,1,77814251945
Measurement_interval(ms):,1000,120,17025,33602,0,0,1,77815251925
Measurement_interval(ms):,1000,118,17025,33602,0,0,1,77816251935
Measurement_interval(ms):,1000,120,17025,33602,0,0,1,77817251922
