Measurement_interval(ms):,1000,0,0,0,0,0,1,77859833685
Measurement_interval(ms):,1000,0,0,0,0,0,1,77863885918
Measurement_interval(ms):,1000,0,0,0,0,0,1,77863885919
Measurement_interval(ms):,1000,0,0,0,0,0,1,77863885922
Measurement_interval(ms):,1000,0,0,0,0,0,1,77863885923
Measurement_interval(ms):,1000,0,0,0,0,0,1,77863885924
Measurement_interval(ms):,1000,0,0,0,0,0,1,77863885925
Measurement_interval(ms):,1000,0,0,0,0,0,1,77863886025
Measurement_interval(ms):,1000,0,0,0,0,0,1,77863886026
Measurement_interval(ms):,1000,44,0,0,0,0,1,77864109437
Measurement_interval(ms):,1000,216,0,0,0,0,1,77865109402
Measurement_interval(ms):,1000,220,18579,36774,0,0,1,77866109438
Measurement_interval(ms):,1000,220,18579,36774,0,0,1,77867109391
Measurement_interval(ms):,1000,220,18579,36774,0,0,1,77868109414
Measurement_interval(ms):,1000,220,18579,36774,0,0,1,77869109404
Measurement_interval(ms):,1000,220,18579,36589,0,0,1,77870109391
Measurement_interval(ms):,1000,216,18579,36589,0,0,1,77871109431
Measurement_interval(ms):,1000,220,18485,36589,0,0,1,77872109419
Measurement_interval(ms):,1000,220,18485,36589,0,0,1,77873109420
Measurement_interval(ms):,1000,220,18485,36589,0,0,1,77874109419
Measurement_interval(ms):,1000,220,18485,36589,0,0,1,77875109411
Measurement_interval(ms):,1000,216,18485,36589,0,0,1,77876109387
Measurement_interval(ms):,1000,220,18485,36589,0,0,1,77877109395
Measurement_interval(ms):,1000,220,18485,36589,0,0,1,77878109395
Measurement_interval(ms):,1000,220,18485,36589,0,0,1,77879109385
Measurement_interval(ms):,1000,220,18485,36589,0,0,1,77880109412
Measurement_interval(ms):,1000,220,18485,36589,0,0,1,77881109422
Measurement_interval(ms):,1000,216,18485,36589,0,0,1,77882109397
Measurement_interval(ms):,1000,220,18485,36404,0,0,1,77883109389
Measurement_interval(ms):,1000,220,18485,36404,0,0,1,77884109416
Measurement_interval(ms):,1000,220,18391,36404,0,0,1,77885109389
Measurement_interval(ms):,1000,220,18391,36404,0,0,1,77886109398
Measurement_interval(ms):,1000,220,18391,36404,0,0,1,77887109401
Measurement_interval(ms):,1000,216,18391,36404,0,0,1,77888109399
Measurement_interval(ms):,1000,220,18391,36404,0,0,1,77889109425
Measurement_interval(ms):,1000,220,18391,36404,0,0,1,77890109413
Measurement_interval(ms):,1000,220,18391,36404,0,0,1,77891109428
Measurement_interval(ms):,1000,220,18391,36404,0,0,1,77892109381
Measurement_interval(ms):,1000,220,18391,36404,0,0,1,77893109426
