Measurement_interval(ms):,1000,0,0,0,0,0,1,490588671252
Measurement_interval(ms):,1000,0,0,0,0,0,1,490588671254
Measurement_interval(ms):,1000,0,0,0,0,0,1,490588671257
Measurement_interval(ms):,1000,0,0,0,0,0,1,490588671258
Measurement_interval(ms):,1000,0,0,0,0,0,1,490588671260
Measurement_interval(ms):,1000,0,0,0,0,0,1,490588671261
Measurement_interval(ms):,1000,0,0,0,0,0,1,490588671262
Measurement_interval(ms):,1000,0,0,0,0,0,1,490588671263
Measurement_interval(ms):,1000,0,0,0,0,0,1,490588671304
Measurement_interval(ms):,1000,0,0,0,0,0,1,490588671305
Measurement_interval(ms):,1000,0,0,0,0,0,1,490588671307
Measurement_interval(ms):,1000,0,0,0,0,0,1,490588671308
Measurement_interval(ms):,1000,0,0,0,0,0,1,490588671310
Measurement_interval(ms):,1000,0,0,0,0,0,1,490590339871
Measurement_interval(ms):,1000,0,0,0,0,0,1,490590339882
Measurement_interval(ms):,1000,32,0,0,0,0,1,490591495943
Measurement_interval(ms):,1000,160,0,0,0,0,1,490591692320
Measurement_interval(ms):,1000,800,0,0,0,0,1,490592692337
Measurement_interval(ms):,1000,800,0,0,0,0,1,490593692330
Measurement_interval(ms):,1000,832,0,0,0,0,1,490594693906
Measurement_interval(ms):,1000,800,0,0,0,0,1,490595692338
Measurement_interval(ms):,1000,800,37938,75625,0,0,1,490596692347
Measurement_interval(ms):,1000,800,37938,75625,0,0,1,490597692329
Measurement_interval(ms):,1000,800,37938,75625,0,0,1,490598692348
Measurement_interval(ms):,1000,800,37938,75625,0,0,1,490599692361
Measurement_interval(ms):,1000,832,37938,75625,0,0,1,490600692888
Measurement_interval(ms):,1000,800,37938,75625,0,0,1,490601692337
Measurement_interval(ms):,1000,800,37938,75625,0,0,1,490602692352
Measurement_interval(ms):,1000,800,37938,75625,0,0,1,490603692328
Measurement_interval(ms):,1000,800,37938,75625,0,0,1,490604692345
Measurement_interval(ms):,1000,800,37938,75625,0,0,1,490605692362
Measurement_interval(ms):,1000,800,37938,75625,0,0,1,490606692331
Measurement_interval(ms):,1000,832,37938,75625,0,0,1,490607692343
Measurement_interval(ms):,1000,800,37938,75625,0,0,1,490608692326
Measurement_interval(ms):,1000,800,37938,75625,0,0,1,490609692329
Measurement_interval(ms):,1000,800,37938,75625,0,0,1,490610692354
Measurement_interval(ms):,1000,800,37938,75625,0,0,1,490611692332
Measurement_interval(ms):,1000,800,37938,75625,0,0,1,490612692319
Measurement_interval(ms):,1000,800,37938,75625,0,0,1,490613692338
Measurement_interval(ms):,1000,832,37938,75625,0,0,1,490614694606
Measurement_interval(ms):,1000,800,37938,75625,0,0,1,490615692351
Measurement_interval(ms):,1000,800,37938,75625,0,0,1,490616692325
Measurement_interval(ms):,1000,800,37938,75625,0,0,1,490617692360
Measurement_interval(ms):,1000,800,37938,75625,0,0,1,490618692341
Measurement_interval(ms):,1000,800,37938,75625,0,0,1,490619692333
Measurement_interval(ms):,1000,800,37938,75625,0,0,1,490620692309
Measurement_interval(ms):,1000,832,37938,75625,0,0,1,490621692765
Measurement_interval(ms):,1000,800,37938,75625,0,0,1,490622692323
Measurement_interval(ms):,1000,800,37938,75625,0,0,1,490623692313
