Measurement_interval(ms):,1000,0,0,0,0,0,1,486518636557
Measurement_interval(ms):,1000,0,0,0,0,0,1,486518636560
Measurement_interval(ms):,1000,0,0,0,0,0,1,486518636564
Measurement_interval(ms):,1000,0,0,0,0,0,1,486518636565
Measurement_interval(ms):,1000,0,0,0,0,0,1,486518636567
Measurement_interval(ms):,1000,0,0,0,0,0,1,486518636568
Measurement_interval(ms):,1000,0,0,0,0,0,1,486518636569
Measurement_interval(ms):,1000,0,0,0,0,0,1,486518636570
Measurement_interval(ms):,1000,0,0,0,0,0,1,486518636609
Measurement_interval(ms):,1000,0,0,0,0,0,1,486518636610
Measurement_interval(ms):,1000,0,0,0,0,0,1,486520255124
Measurement_interval(ms):,1000,2,0,0,0,0,1,486521196552
Measurement_interval(ms):,1000,28,0,0,0,0,1,486521287688
Measurement_interval(ms):,1000,322,6775,11347,0,0,1,486522287703
Measurement_interval(ms):,1000,324,6343,10798,0,0,1,486523287656
Measurement_interval(ms):,1000,324,6343,10554,0,0,1,486524287672
Measurement_interval(ms):,1000,324,6271,10554,0,0,1,486525287660
Measurement_interval(ms):,1000,324,6271,10493,0,0,1,486526287686
Measurement_interval(ms):,1000,326,6271,10493,0,0,1,486527288464
Measurement_interval(ms):,1000,322,6271,10493,0,0,1,486528287693
Measurement_interval(ms):,1000,324,6271,10493,0,0,1,486529287707
Measurement_interval(ms):,1000,324,6271,10493,0,0,1,486530288813
Measurement_interval(ms):,1000,324,6271,10493,0,0,1,486531287699
Measurement_interval(ms):,1000,324,6271,10493,0,0,1,486532287659
Measurement_interval(ms):,1000,324,6271,10493,0,0,1,486533287673
Measurement_interval(ms):,1000,324,6271,10493,0,0,1,486534287696
Measurement_interval(ms):,1000,326,6235,10493,0,0,1,486535288295
Measurement_interval(ms):,1000,324,6235,10493,0,0,1,486536287676
Measurement_interval(ms):,1000,324,6235,10493,0,0,1,486537287677
Measurement_interval(ms):,1000,326,6235,10493,0,0,1,486538288893
Measurement_interval(ms):,1000,324,6235,10493,0,0,1,486539288029
Measurement_interval(ms):,1000,324,6235,10493,0,0,1,486540287668
Measurement_interval(ms):,1000,324,6235,10493,0,0,1,486541287692
Measurement_interval(ms):,1000,326,6235,10493,0,0,1,486542288155
Measurement_interval(ms):,1000,324,6235,10493,0,0,1,486543287667
Measurement_interval(ms):,1000,324,6235,10493,0,0,1,486544287699
Measurement_interval(ms):,1000,326,6235,10493,0,0,1,486545288625
Measurement_interval(ms):,1000,324,6235,10493,0,0,1,486546287671
Measurement_interval(ms):,1000,324,6235,10493,0,0,1,486547287662
Measurement_interval(ms):,1000,326,6235,10493,0,0,1,486548288953
Measurement_interval(ms):,1000,324,6235,10493,0,0,1,486549288594
Measurement_interval(ms):,1000,324,6235,10493,0,0,1,486550287679
Measurement_interval(ms):,1000,324,6235,10493,0,0,1,486551287686
Measurement_interval(ms):,1000,326,6235,10493,0,0,1,486552289176
