Measurement_interval(ms):,1000,0,0,0,0,0,1,489198053806
Measurement_interval(ms):,1000,0,0,0,0,0,1,489202830966
Measurement_interval(ms):,1000,0,0,0,0,0,1,489202830967
Measurement_interval(ms):,1000,0,0,0,0,0,1,489202830970
Measurement_interval(ms):,1000,0,0,0,0,0,1,489202830971
Measurement_interval(ms):,1000,0,0,0,0,0,1,489202830972
Measurement_interval(ms):,1000,0,0,0,0,0,1,489204461630
Measurement_interval(ms):,1000,0,0,0,0,0,1,489204461644
Measurement_interval(ms):,1000,8,0,0,0,0,1,489205441543
Measurement_interval(ms):,1000,568,0,0,0,0,1,489206326362
Measurement_interval(ms):,1000,640,12448,22932,0,0,1,489207326373
Measurement_interval(ms):,1000,648,12448,22932,0,0,1,489208326384
Measurement_interval(ms):,1000,640,12448,22932,0,0,1,489209326384
Measurement_interval(ms):,1000,640,12448,22932,0,0,1,489210326391
Measurement_interval(ms):,1000,648,12448,22932,0,0,1,489211326404
Measurement_interval(ms):,1000,640,12448,22932,0,0,1,489212326389
Measurement_interval(ms):,1000,640,12448,22932,0,0,1,489213326399
Measurement_interval(ms):,1000,648,12448,22932,0,0,1,489214326395
Measurement_interval(ms):,1000,640,12448,22932,0,0,1,489215326388
Measurement_interval(ms):,1000,640,12448,22932,0,0,1,489216326366
Measurement_interval(ms):,1000,648,12448,22932,0,0,1,489217326702
Measurement_interval(ms):,1000,640,12510,23047,0,0,1,489218326397
Measurement_interval(ms):,1000,640,12510,23047,0,0,1,489219326381
Measurement_interval(ms):,1000,640,12510,23047,0,0,1,489220326348
Measurement_interval(ms):,1000,648,12510,23047,0,0,1,489221326382
Measurement_interval(ms):,1000,640,12510,23047,0,0,1,489222326381
Measurement_interval(ms):,1000,640,12510,22932,0,0,1,489223326363
Measurement_interval(ms):,1000,648,12510,22932,0,0,1,489224326375
Measurement_interval(ms):,1000,640,12510,22932,0,0,1,489225326382
Measurement_interval(ms):,1000,640,12510,22932,0,0,1,489226326372
Measurement_interval(ms):,1000,648,12510,23047,0,0,1,489227326372
Measurement_interval(ms):,1000,640,12510,23047,0,0,1,489228326390
Measurement_interval(ms):,1000,640,12510,23047,0,0,1,489229326347
Measurement_interval(ms):,1000,648,12510,23047,0,0,1,489230326382
Measurement_interval(ms):,1000,640,12510,23047,0,0,1,489231326373
Measurement_interval(ms):,1000,640,12510,23047,0,0,1,489232326353
Measurement_interval(ms):,1000,648,12510,23047,0,0,1,489233326346
Measurement_interval(ms):,1000,640,12510,23047,0,0,1,489234326342
Measurement_interval(ms):,1000,648,12510,23047,0,0,1,489235328126
Measurement_interval(ms):,1000,640,12510,22932,0,0,1,489236326346
Measurement_interval(ms):,1000,640,12510,22932,0,0,1,489237326335
Measurement_interval(ms):,1000,648,12510,22932,0,0,1,489238327266
Measurement_interval(ms):,1000,640,12448,22932,0,0,1,489239326381
Measurement_interval(ms):,1000,640,12448,22932,0,0,1,489240326347
Measurement_interval(ms):,1000,648,12448,22932,0,0,1,489241326367
Measurement_interval(ms):,1000,640,12448,22932,0,0,1,489242326340
