Measurement_interval(ms):,1000,0,0,0,0,0,1,489572930333
Measurement_interval(ms):,1000,0,0,0,0,0,1,489572930336
Measurement_interval(ms):,1000,0,0,0,0,0,1,489572930339
Measurement_interval(ms):,1000,0,0,0,0,0,1,489572930339
Measurement_interval(ms):,1000,0,0,0,0,0,1,489572930341
Measurement_interval(ms):,1000,0,0,0,0,0,1,489572930342
Measurement_interval(ms):,1000,0,0,0,0,0,1,489572930344
Measurement_interval(ms):,1000,0,0,0,0,0,1,489574567911
Measurement_interval(ms):,1000,16,0,0,0,0,1,489575347463
Measurement_interval(ms):,1000,352,0,0,0,0,1,489575792861
Measurement_interval(ms):,1000,784,0,0,0,0,1,489576792547
Measurement_interval(ms):,1000,784,20834,39365,0,0,1,489577792538
Measurement_interval(ms):,1000,784,20834,39365,0,0,1,489578792547
Measurement_interval(ms):,1000,800,20727,39365,0,0,1,489579793063
Measurement_interval(ms):,1000,784,20727,39365,0,0,1,489580792570
Measurement_interval(ms):,1000,784,20727,39365,0,0,1,489581792538
Measurement_interval(ms):,1000,784,20727,39365,0,0,1,489582792580
Measurement_interval(ms):,1000,784,20727,39365,0,0,1,489583792540
Measurement_interval(ms):,1000,800,20727,39365,0,0,1,489584792541
Measurement_interval(ms):,1000,784,20727,39365,0,0,1,489585792552
Measurement_interval(ms):,1000,784,20727,39365,0,0,1,489586792563
Measurement_interval(ms):,1000,784,20727,39365,0,0,1,489587792543
Measurement_interval(ms):,1000,800,20727,39365,0,0,1,489588792597
Measurement_interval(ms):,1000,784,20727,39365,0,0,1,489589792557
Measurement_interval(ms):,1000,784,20727,39365,0,0,1,489590792595
Measurement_interval(ms):,1000,784,20299,38959,0,0,1,489591792575
Measurement_interval(ms):,1000,800,20299,38959,0,0,1,489592793795
Measurement_interval(ms):,1000,784,20299,38959,0,0,1,489593792575
Measurement_interval(ms):,1000,784,20299,38756,0,0,1,489594792582
Measurement_interval(ms):,1000,784,20299,38756,0,0,1,489595792589
Measurement_interval(ms):,1000,800,20299,38756,0,0,1,489596794597
Measurement_interval(ms):,1000,784,20299,38756,0,0,1,489597792549
Measurement_interval(ms):,1000,784,20299,38756,0,0,1,489598792571
Measurement_interval(ms):,1000,784,20299,38756,0,0,1,489599792586
Measurement_interval(ms):,1000,800,20299,38553,0,0,1,489600794693
Measurement_interval(ms):,1000,784,20299,38553,0,0,1,489601792596
Measurement_interval(ms):,1000,784,20299,38553,0,0,1,489602792600
Measurement_interval(ms):,1000,784,20299,38553,0,0,1,489603792581
Measurement_interval(ms):,1000,784,20299,38553,0,0,1,489604792588
Measurement_interval(ms):,1000,800,20299,38553,0,0,1,489605792566
Measurement_interval(ms):,1000,784,20192,38553,0,0,1,489606792566
