Measurement_interval(ms):,1000,0,0,0,0,0,1,488255697454
Measurement_interval(ms):,1000,0,0,0,0,0,1,488261201425
Measurement_interval(ms):,1000,0,0,0,0,0,1,488261201427
Measurement_interval(ms):,1000,0,0,0,0,0,1,488261201430
Measurement_interval(ms):,1000,0,0,0,0,0,1,488261201431
Measurement_interval(ms):,1000,0,0,0,0,0,1,488261201432
Measurement_interval(ms):,1000,0,0,0,0,0,1,488261201433
Measurement_interval(ms):,1000,0,0,0,0,0,1,488261201479
Measurement_interval(ms):,1000,0,0,0,0,0,1,488262804741
Measurement_interval(ms):,1000,4,0,0,0,0,1,488263748991
Measurement_interval(ms):,1000,184,0,0,0,0,1,488264116364
Measurement_interval(ms):,1000,508,7968,14169,0,0,1,488265116947
Measurement_interval(ms):,1000,504,7968,13953,0,0,1,488266116343
Measurement_interval(ms):,1000,504,7968,13953,0,0,1,488267116325
Measurement_interval(ms):,1000,508,7968,13953,0,0,1,488268117095
Measurement_interval(ms):,1000,504,7968,14025,0,0,1,488269116371
Measurement_interval(ms):,1000,504,7968,14025,0,0,1,488270116360
Measurement_interval(ms):,1000,504,7968,14025,0,0,1,488271116355
Measurement_interval(ms):,1000,508,7968,14025,0,0,1,488272116780
Measurement_interval(ms):,1000,504,7968,14025,0,0,1,488273116357
Measurement_interval(ms):,1000,504,7968,14025,0,0,1,488274116329
Measurement_interval(ms):,1000,504,7968,14025,0,0,1,488275116355
Measurement_interval(ms):,1000,508,7968,14025,0,0,1,488276116568
Measurement_interval(ms):,1000,504,7968,14025,0,0,1,488277116342
Measurement_interval(ms):,1000,504,7968,14025,0,0,1,488278116364
Measurement_interval(ms):,1000,508,7968,14025,0,0,1,488279117709
Measurement_interval(ms):,1000,504,7968,14025,0,0,1,488280116364
Measurement_interval(ms):,1000,504,7968,14025,0,0,1,488281116321
Measurement_interval(ms):,1000,504,7968,14025,0,0,1,488282116338
Measurement_interval(ms):,1000,504,7968,14025,0,0,1,488283116329
Measurement_interval(ms):,1000,504,7968,14025,0,0,1,488284116354
Measurement_interval(ms):,1000,508,7968,14025,0,0,1,488285116442
Measurement_interval(ms):,1000,504,7968,14025,0,0,1,488286116320
Measurement_interval(ms):,1000,504,7968,14025,0,0,1,488287116320
Measurement_interval(ms):,1000,504,7968,14025,0,0,1,488288116366
Measurement_interval(ms):,1000,504,7968,14025,0,0,1,488289116330
Measurement_interval(ms):,1000,504,7968,14025,0,0,1,488290116330
Measurement_interval(ms):,1000,508,7968,14025,0,0,1,488291117767
Measurement_interval(ms):,1000,504,7968,14025,0,0,1,488292116322
Measurement_interval(ms):,1000,504,7968,14025,0,0,1,488293116361
Measurement_interval(ms):,1000,504,7968,14025,0,0,1,488294116354
Measurement_interval(ms):,1000,504,7968,14025,0,0,1,488295116318
