Measurement_interval(ms):,1000,0,0,0,0,0,1,481206718108
Measurement_interval(ms):,1000,0,0,0,0,0,1,481206718110
Measurement_interval(ms):,1000,0,0,0,0,0,1,481206718113
Measurement_interval(ms):,1000,0,0,0,0,0,1,481206718113
Measurement_interval(ms):,1000,0,0,0,0,0,1,481206718115
Measurement_interval(ms):,1000,0,0,0,0,0,1,481206718116
Measurement_interval(ms):,1000,0,0,0,0,0,1,481206718117
Measurement_interval(ms):,1000,0,0,0,0,0,1,481208336058
Measurement_interval(ms):,1000,1,0,0,0,0,1,481209272581
Measurement_interval(ms):,1000,49,0,0,0,0,1,481209544331
Measurement_interval(ms):,1000,182,5964,9799,0,0,1,481210542821
Measurement_interval(ms):,1000,183,5580,9383,0,0,1,481211542813
Measurement_interval(ms):,1000,184,5580,9123,0,0,1,481212543947
Measurement_interval(ms):,1000,183,5580,9123,0,0,1,481213542812
Measurement_interval(ms):,1000,184,5580,9123,0,0,1,481214543266
Measurement_interval(ms):,1000,182,5580,9123,0,0,1,481215542813
Measurement_interval(ms):,1000,183,5580,9123,0,0,1,481216542833
Measurement_interval(ms):,1000,183,5516,9123,0,0,1,481217542811
Measurement_interval(ms):,1000,184,5516,9123,0,0,1,481218542811
Measurement_interval(ms):,1000,183,5516,9123,0,0,1,481219542810
Measurement_interval(ms):,1000,184,5516,9123,0,0,1,481220542838
Measurement_interval(ms):,1000,183,5516,9123,0,0,1,481221542851
Measurement_interval(ms):,1000,184,5516,9123,0,0,1,481222542854
Measurement_interval(ms):,1000,184,5516,9123,0,0,1,481223543835
Measurement_interval(ms):,1000,183,5516,9123,0,0,1,481224542848
Measurement_interval(ms):,1000,184,5516,9123,0,0,1,481225543005
Measurement_interval(ms):,1000,183,5516,9123,0,0,1,481226542845
Measurement_interval(ms):,1000,184,5516,9123,0,0,1,481227542848
Measurement_interval(ms):,1000,184,5516,9123,0,0,1,481228544176
Measurement_interval(ms):,1000,183,5516,9123,0,0,1,481229542856
Measurement_interval(ms):,1000,184,5516,9123,0,0,1,481230543212
Measurement_interval(ms):,1000,183,5516,9123,0,0,1,481231542856
Measurement_interval(ms):,1000,184,5516,9071,0,0,1,481232542841
Measurement_interval(ms):,1000,184,5516,9071,0,0,1,481233544345
Measurement_interval(ms):,1000,183,5516,9071,0,0,1,481234542810
Measurement_interval(ms):,1000,184,5516,9071,0,0,1,481235544076
Measurement_interval(ms):,1000,181,5516,9071,0,0,1,481236542810
Measurement_interval(ms):,1000,183,5516,9071,0,0,1,481237542836
Measurement_interval(ms):,1000,184,5516,9071,0,0,1,481238542814
Measurement_interval(ms):,1000,184,5516,9071,0,0,1,481239544179
Measurement_interval(ms):,1000,183,5516,9071,0,0,1,481240542839
Measurement_interval(ms):,1000,184,5516,9071,0,0,1,481241543158
Measurement_interval(ms):,1000,183,5516,9071,0,0,1,481242542838
Measurement_interval(ms):,1000,184,5516,9071,0,0,1,481243542815
