Measurement_interval(ms):,1000,0,0,0,0,0,1,574446592616
Measurement_interval(ms):,1000,0,0,0,0,0,1,574447116388
Measurement_interval(ms):,1000,0,0,0,0,0,1,574447116389
Measurement_interval(ms):,1000,0,0,0,0,0,1,574447116392
Measurement_interval(ms):,1000,0,0,0,0,0,1,574448721594
Measurement_interval(ms):,1000,0,0,0,0,0,1,574448721597
Measurement_interval(ms):,1000,1,0,0,0,0,1,574449638624
Measurement_interval(ms):,1000,32,0,0,0,0,1,574450118357
Measurement_interval(ms):,1000,65,0,0,0,0,1,574451118340
Measurement_interval(ms):,1000,65,15380,30037,0,0,1,574452118351
Measurement_interval(ms):,1000,66,15380,30037,0,0,1,574453118990
Measurement_interval(ms):,1000,65,15380,30037,0,0,1,574454118327
Measurement_interval(ms):,1000,65,15380,30187,0,0,1,574455118361
Measurement_interval(ms):,1000,65,15380,30187,0,0,1,574456118325
Measurement_interval(ms):,1000,66,15380,30187,0,0,1,574457118324
Measurement_interval(ms):,1000,65,15380,30187,0,0,1,574458118324
Measurement_interval(ms):,1000,65,15380,30187,0,0,1,574459118373
Measurement_interval(ms):,1000,66,15380,30187,0,0,1,574460118344
Measurement_interval(ms):,1000,65,15380,30187,0,0,1,574461118374
Measurement_interval(ms):,1000,65,15380,30187,0,0,1,574462118358
Measurement_interval(ms):,1000,65,15380,30187,0,0,1,574463118349
Measurement_interval(ms):,1000,66,15380,30187,0,0,1,574464118372
Measurement_interval(ms):,1000,65,15380,30187,0,0,1,574465118334
Measurement_interval(ms):,1000,65,15380,30187,0,0,1,574466118351
Measurement_interval(ms):,1000,66,15380,30187,0,0,1,574467118513
Measurement_interval(ms):,1000,65,15380,30187,0,0,1,574468118346
Measurement_interval(ms):,1000,65,15380,30187,0,0,1,574469118360
Measurement_interval(ms):,1000,65,15380,30187,0,0,1,574470118329
Measurement_interval(ms):,1000,66,15380,30187,0,0,1,574471118324
Measurement_interval(ms):,1000,65,15380,30187,0,0,1,574472118355
Measurement_interval(ms):,1000,65,15380,30187,0,0,1,574473118365
Measurement_interval(ms):,1000,66,15380,30187,0,0,1,574474118332
Measurement_interval(ms):,1000,65,15380,30187,0,0,1,574475118333
Measurement_interval(ms):,1000,65,15380,30187,0,0,1,574476118321
Measurement_interval(ms):,1000,65,15380,30187,0,0,1,574477118357
Measurement_interval(ms):,1000,66,15380,30187,0,0,1,574478118331
Measurement_interval(ms):,1000,65,15380,30187,0,0,1,574479118356
Measurement_interval(ms):,1000,65,15380,30187,0,0,1,574480118347
Measurement_interval(ms):,1000,66,15380,30187,0,0,1,574481118353
Measurement_interval(ms):,1000,65,15380,30187,0,0,1,574482118318
Measurement_interval(ms):,1000,65,15380,30187,0,0,1,574483118327
Measurement_interval(ms):,1000,66,15380,30187,0,0,1,574484118571
