Measurement_interval(ms):,1000,0,0,0,0,0,1,575167281223
Measurement_interval(ms):,1000,0,0,0,0,0,1,575169791251
Measurement_interval(ms):,1000,0,0,0,0,0,1,575169791252
Measurement_interval(ms):,1000,0,0,0,0,0,1,575169791255
Measurement_interval(ms):,1000,0,0,0,0,0,1,575169791256
Measurement_interval(ms):,1000,0,0,0,0,0,1,575169791258
Measurement_interval(ms):,1000,0,0,0,0,0,1,575171421256
Measurement_interval(ms):,1000,0,0,0,0,0,1,575171421260
Measurement_interval(ms):,1000,2,0,0,0,0,1,575172430815
Measurement_interval(ms):,1000,38,0,0,0,0,1,575172983597
Measurement_interval(ms):,1000,66,0,0,0,0,1,575173983630
Measurement_interval(ms):,1000,66,0,0,0,0,1,575174983644
Measurement_interval(ms):,1000,68,30160,59565,0,0,1,575175983649
Measurement_interval(ms):,1000,66,30160,59565,0,0,1,575176983643
Measurement_interval(ms):,1000,66,30160,59565,0,0,1,575177983645
Measurement_interval(ms):,1000,68,30160,59565,0,0,1,575178983609
Measurement_interval(ms):,1000,66,30160,59565,0,0,1,575179983609
Measurement_interval(ms):,1000,66,30160,59565,0,0,1,575180983618
Measurement_interval(ms):,1000,68,30160,59565,0,0,1,575181983647
Measurement_interval(ms):,1000,66,30160,59565,0,0,1,575182983644
Measurement_interval(ms):,1000,66,30160,59565,0,0,1,575183983637
Measurement_interval(ms):,1000,68,30160,59565,0,0,1,575184983607
Measurement_interval(ms):,1000,66,30160,59565,0,0,1,575185983641
Measurement_interval(ms):,1000,66,30160,59565,0,0,1,575186983648
Measurement_interval(ms):,1000,68,30160,59565,0,0,1,575187983617
Measurement_interval(ms):,1000,66,30160,59565,0,0,1,575188983638
Measurement_interval(ms):,1000,66,30160,59565,0,0,1,575189983624
Measurement_interval(ms):,1000,68,30160,59565,0,0,1,575190983631
Measurement_interval(ms):,1000,66,30160,59565,0,0,1,575191983625
Measurement_interval(ms):,1000,66,30160,59565,0,0,1,575192983627
Measurement_interval(ms):,1000,68,30160,59565,0,0,1,575193983631
Measurement_interval(ms):,1000,66,30160,59565,0,0,1,575194983625
Measurement_interval(ms):,1000,66,30160,59565,0,0,1,575195983637
Measurement_interval(ms):,1000,68,30160,59565,0,0,1,575196983631
Measurement_interval(ms):,1000,66,30160,59565,0,0,1,575197983662
Measurement_interval(ms):,1000,66,30160,59565,0,0,1,575198983661
Measurement_interval(ms):,1000,68,30160,59565,0,0,1,575199983665
Measurement_interval(ms):,1000,66,30160,59565,0,0,1,575200983626
Measurement_interval(ms):,1000,68,30160,59565,0,0,1,575201983987
Measurement_interval(ms):,1000,66,30160,59565,0,0,1,575202983633
