Measurement_interval(ms):,1000,0,0,0,0,0,1,576318954667
Measurement_interval(ms):,1000,0,0,0,0,0,1,576321440798
Measurement_interval(ms):,1000,0,0,0,0,0,1,576321440800
Measurement_interval(ms):,1000,0,0,0,0,0,1,576321440803
Measurement_interval(ms):,1000,0,0,0,0,0,1,576321440804
Measurement_interval(ms):,1000,0,0,0,0,0,1,576321440805
Measurement_interval(ms):,1000,0,0,0,0,0,1,576321440805
Measurement_interval(ms):,1000,0,0,0,0,0,1,576321440853
Measurement_interval(ms):,1000,0,0,0,0,0,1,576321440854
Measurement_interval(ms):,1000,0,0,0,0,0,1,576321440856
Measurement_interval(ms):,1000,0,0,0,0,0,1,576321440857
Measurement_interval(ms):,1000,0,0,0,0,0,1,576323093852
Measurement_interval(ms):,1000,0,0,0,0,0,1,576323093856
Measurement_interval(ms):,1000,4,0,0,0,0,1,576324292120
Measurement_interval(ms):,1000,16,0,0,0,0,1,576324498600
Measurement_interval(ms):,1000,72,0,0,0,0,1,576325498637
Measurement_interval(ms):,1000,72,0,0,0,0,1,576326498611
Measurement_interval(ms):,1000,68,0,0,0,0,1,576327498634
Measurement_interval(ms):,1000,72,0,0,0,0,1,576328498598
Measurement_interval(ms):,1000,72,0,0,0,0,1,576329498594
Measurement_interval(ms):,1000,72,56462,112282,0,0,1,576330498617
Measurement_interval(ms):,1000,72,56462,112282,0,0,1,576331498600
Measurement_interval(ms):,1000,68,56462,112282,0,0,1,576332498611
Measurement_interval(ms):,1000,72,56462,112282,0,0,1,576333498621
Measurement_interval(ms):,1000,72,56462,112282,0,0,1,576334498635
Measurement_interval(ms):,1000,72,56462,112282,0,0,1,576335498619
Measurement_interval(ms):,1000,72,56462,112282,0,0,1,576336498632
Measurement_interval(ms):,1000,68,56462,112282,0,0,1,576337498634
Measurement_interval(ms):,1000,72,56462,112282,0,0,1,576338498633
Measurement_interval(ms):,1000,72,56462,112282,0,0,1,576339498636
Measurement_interval(ms):,1000,72,56462,112282,0,0,1,576340498631
Measurement_interval(ms):,1000,68,56462,112282,0,0,1,576341498614
Measurement_interval(ms):,1000,72,56462,112282,0,0,1,576342498619
Measurement_interval(ms):,1000,72,56462,112282,0,0,1,576343498630
Measurement_interval(ms):,1000,72,56462,112282,0,0,1,576344498620
Measurement_interval(ms):,1000,72,56462,112282,0,0,1,576345498600
Measurement_interval(ms):,1000,68,56462,112282,0,0,1,576346498592
Measurement_interval(ms):,1000,72,56462,112282,0,0,1,576347498593
Measurement_interval(ms):,1000,72,56462,112282,0,0,1,576348498589
Measurement_interval(ms):,1000,72,56462,112282,0,0,1,576349498632
Measurement_interval(ms):,1000,72,56462,112282,0,0,1,576350498616
Measurement_interval(ms):,1000,68,56462,112282,0,0,1,576351498617
Measurement_interval(ms):,1000,72,56462,112282,0,0,1,576352498591
Measurement_interval(ms):,1000,72,56462,112282,0,0,1,576353498588
Measurement_interval(ms):,1000,72,56462,112282,0,0,1,576354498626
Measurement_interval(ms):,1000,72,56462,112282,0,0,1,576355498596
Measurement_interval(ms):,1000,68,56462,112282,0,0,1,576356498593
