Measurement_interval(ms):,1000,0,0,0,0,0,1,79492755468
Measurement_interval(ms):,1000,0,0,0,0,0,1,79498484640
Measurement_interval(ms):,1000,0,0,0,0,0,1,79498484641
Measurement_interval(ms):,1000,0,0,0,0,0,1,79498484644
Measurement_interval(ms):,1000,0,0,0,0,0,1,79498484645
Measurement_interval(ms):,1000,0,0,0,0,0,1,79498484647
Measurement_interval(ms):,1000,0,0,0,0,0,1,79498484648
Measurement_interval(ms):,1000,0,0,0,0,0,1,79498484649
Measurement_interval(ms):,1000,0,0,0,0,0,1,79498484650
Measurement_interval(ms):,1000,0,0,0,0,0,1,79498484651
Measurement_interval(ms):,1000,600,0,0,0,0,1,79498969242
Measurement_interval(ms):,1000,1256,6334,14815,0,0,1,79499969196
Measurement_interval(ms):,1000,1256,6334,12412,0,0,1,79500969219
Measurement_interval(ms):,1000,1248,6334,12412,0,0,1,79501969214
Measurement_interval(ms):,1000,1256,6334,12412,0,0,1,79502969225
Measurement_interval(ms):,1000,1256,6334,12412,0,0,1,79503969242
Measurement_interval(ms):,1000,1256,6334,12323,0,0,1,79504969218
Measurement_interval(ms):,1000,1256,6334,12323,0,0,1,79505969210
Measurement_interval(ms):,1000,1256,6334,12323,0,0,1,79506969218
Measurement_interval(ms):,1000,1256,6334,12323,0,0,1,79507969196
Measurement_interval(ms):,1000,1256,6334,12323,0,0,1,79508969227
Measurement_interval(ms):,1000,1256,6334,12323,0,0,1,79509969223
Measurement_interval(ms):,1000,1256,6334,12323,0,0,1,79510969220
Measurement_interval(ms):,1000,1256,6334,12323,0,0,1,79511969213
Measurement_interval(ms):,1000,1256,6334,12323,0,0,1,79512969196
Measurement_interval(ms):,1000,1256,6334,12323,0,0,1,79513969212
Measurement_interval(ms):,1000,1256,6334,12323,0,0,1,79514969205
Measurement_interval(ms):,1000,1256,6334,12323,0,0,1,79515969221
Measurement_interval(ms):,1000,1256,6334,12323,0,0,1,79516969192
Measurement_interval(ms):,1000,1256,6334,12323,0,0,1,79517969228
Measurement_interval(ms):,1000,1256,6334,12323,0,0,1,79518969218
Measurement_interval(ms):,1000,1256,6334,12323,0,0,1,79519969237
Measurement_interval(ms):,1000,1256,6334,12323,0,0,1,79520969192
Measurement_interval(ms):,1000,1256,6334,12323,0,0,1,79521969210
Measurement_interval(ms):,1000,1256,6334,12323,0,0,1,79522969201
Measurement_interval(ms):,1000,1264,6334,12323,0,0,1,79523969337
Measurement_interval(ms):,1000,1256,6334,12323,0,0,1,79524969204
Measurement_interval(ms):,1000,1256,6334,12323,0,0,1,79525969218
Measurement_interval(ms):,1000,1256,6334,12323,0,0,1,79526969214
Measurement_interval(ms):,1000,1256,6334,12323,0,0,1,79527969225
Measurement_interval(ms):,1000,1256,6334,12323,0,0,1,79528969201
Measurement_interval(ms):,1000,1256,6334,12323,0,0,1,79529969199
Measurement_interval(ms):,1000,1256,6334,12323,0,0,1,79530969232
Measurement_interval(ms):,1000,1256,6334,12323,0,0,1,79531969209
