Measurement_interval(ms):,1000,0,0,0,0,0,1,79381246875
Measurement_interval(ms):,1000,0,0,0,0,0,1,79383062277
Measurement_interval(ms):,1000,0,0,0,0,0,1,79383062279
Measurement_interval(ms):,1000,0,0,0,0,0,1,79383062282
Measurement_interval(ms):,1000,0,0,0,0,0,1,79383062283
Measurement_interval(ms):,1000,0,0,0,0,0,1,79383062284
Measurement_interval(ms):,1000,0,0,0,0,0,1,79383062285
Measurement_interval(ms):,1000,0,0,0,0,0,1,79383062331
Measurement_interval(ms):,1000,0,0,0,0,0,1,79383062332
Measurement_interval(ms):,1000,380,0,0,0,0,1,79383568504
Measurement_interval(ms):,1000,760,5317,10292,0,0,1,79384568497
Measurement_interval(ms):,1000,756,5317,10292,0,0,1,79385568514
Measurement_interval(ms):,1000,760,5317,10292,0,0,1,79386568517
Measurement_interval(ms):,1000,760,5317,10292,0,0,1,79387568519
Measurement_interval(ms):,1000,760,5317,10292,0,0,1,79388568825
Measurement_interval(ms):,1000,756,5317,10292,0,0,1,79389568476
Measurement_interval(ms):,1000,760,5317,10292,0,0,1,79390568511
Measurement_interval(ms):,1000,760,5317,10292,0,0,1,79391568476
Measurement_interval(ms):,1000,756,5317,10292,0,0,1,79392568513
Measurement_interval(ms):,1000,760,5317,10292,0,0,1,79393568481
Measurement_interval(ms):,1000,760,5317,10292,0,0,1,79394568524
Measurement_interval(ms):,1000,760,5317,10292,0,0,1,79395568512
Measurement_interval(ms):,1000,756,5317,10292,0,0,1,79396568477
Measurement_interval(ms):,1000,760,5317,10292,0,0,1,79397568477
Measurement_interval(ms):,1000,760,5317,10292,0,0,1,79398568521
Measurement_interval(ms):,1000,760,5317,10292,0,0,1,79399568477
Measurement_interval(ms):,1000,756,5317,10292,0,0,1,79400568502
Measurement_interval(ms):,1000,760,5317,10292,0,0,1,79401568478
Measurement_interval(ms):,1000,760,5317,10292,0,0,1,79402568479
Measurement_interval(ms):,1000,760,5317,10292,0,0,1,79403568515
Measurement_interval(ms):,1000,756,5317,10292,0,0,1,79404568513
Measurement_interval(ms):,1000,760,5317,10292,0,0,1,79405568503
Measurement_interval(ms):,1000,760,5317,10292,0,0,1,79406568510
Measurement_interval(ms):,1000,756,5317,10292,0,0,1,79407568525
Measurement_interval(ms):,1000,760,5317,10292,0,0,1,79408568479
Measurement_interval(ms):,1000,760,5317,10292,0,0,1,79409568513
Measurement_interval(ms):,1000,760,5317,10292,0,0,1,79410568491
Measurement_interval(ms):,1000,756,5317,10292,0,0,1,79411568502
Measurement_interval(ms):,1000,760,5317,10292,0,0,1,79412568513
Measurement_interval(ms):,1000,760,5317,10292,0,0,1,79413568514
Measurement_interval(ms):,1000,760,5317,10292,0,0,1,79414568479
Measurement_interval(ms):,1000,756,5317,10292,0,0,1,79415568480
Measurement_interval(ms):,1000,760,5317,10292,0,0,1,79416568483
