Measurement_interval(ms):,1000,0,0,0,0,0,1,79736849778
Measurement_interval(ms):,1000,0,0,0,0,0,1,79737959001
Measurement_interval(ms):,1000,0,0,0,0,0,1,79737959002
Measurement_interval(ms):,1000,0,0,0,0,0,1,79737959005
Measurement_interval(ms):,1000,0,0,0,0,0,1,79737959006
Measurement_interval(ms):,1000,0,0,0,0,0,1,79737959007
Measurement_interval(ms):,1000,0,0,0,0,0,1,79737959008
Measurement_interval(ms):,1000,64,0,0,0,0,1,79738018555
Measurement_interval(ms):,1000,1952,0,0,0,0,1,79739019130
Measurement_interval(ms):,1000,1920,11326,27871,0,0,1,79740018525
Measurement_interval(ms):,1000,2464,11326,27871,0,0,1,79741018556
Measurement_interval(ms):,1000,2624,11326,27730,0,0,1,79742018522
Measurement_interval(ms):,1000,2624,11326,27730,0,0,1,79743018535
Measurement_interval(ms):,1000,2624,11326,27448,0,0,1,79744018541
Measurement_interval(ms):,1000,2624,11326,27448,0,0,1,79745018520
Measurement_interval(ms):,1000,2624,11326,27448,0,0,1,79746018517
Measurement_interval(ms):,1000,2624,11326,27448,0,0,1,79747018534
Measurement_interval(ms):,1000,2624,11326,27448,0,0,1,79748018525
Measurement_interval(ms):,1000,2624,11326,27448,0,0,1,79749018560
Measurement_interval(ms):,1000,2624,11326,27448,0,0,1,79750018516
Measurement_interval(ms):,1000,2624,11326,27448,0,0,1,79751018529
Measurement_interval(ms):,1000,2624,11326,27448,0,0,1,79752018529
Measurement_interval(ms):,1000,2624,11326,27448,0,0,1,79753018543
Measurement_interval(ms):,1000,2624,11326,27448,0,0,1,79754018509
Measurement_interval(ms):,1000,2624,11326,27448,0,0,1,79755018535
Measurement_interval(ms):,1000,2624,11326,27448,0,0,1,79756018522
Measurement_interval(ms):,1000,2624,11326,27448,0,0,1,79757018510
Measurement_interval(ms):,1000,2624,11326,27448,0,0,1,79758018549
Measurement_interval(ms):,1000,2624,11326,27448,0,0,1,79759018543
Measurement_interval(ms):,1000,2624,11326,27448,0,0,1,79760018509
Measurement_interval(ms):,1000,2624,11270,27448,0,0,1,79761018539
Measurement_interval(ms):,1000,2624,11270,27448,0,0,1,79762018500
Measurement_interval(ms):,1000,2656,11270,27448,0,0,1,79763018855
Measurement_interval(ms):,1000,2624,11270,27448,0,0,1,79764018509
Measurement_interval(ms):,1000,2624,11270,27448,0,0,1,79765018511
Measurement_interval(ms):,1000,2624,11270,27448,0,0,1,79766018502
Measurement_interval(ms):,1000,2656,11270,27448,0,0,1,79767018539
Measurement_interval(ms):,1000,2624,11270,27448,0,0,1,79768018508
Measurement_interval(ms):,1000,2624,11270,27448,0,0,1,79769018526
Measurement_interval(ms):,1000,2656,11270,27448,0,0,1,79770018521
Measurement_interval(ms):,1000,2624,11270,27448,0,0,1,79771018491
Measurement_interval(ms):,1000,2624,11270,27448,0,0,1,79772018490
