Measurement_interval(ms):,1000,0,0,0,0,0,1,148264783278
Measurement_interval(ms):,1000,0,0,0,0,0,1,148264783284
Measurement_interval(ms):,1000,0,0,0,0,0,1,148269539807
Measurement_interval(ms):,1000,0,0,0,0,0,1,148269539811
Measurement_interval(ms):,1000,0,0,0,0,0,1,148269539812
Measurement_interval(ms):,1000,0,0,0,0,0,1,148269539813
Measurement_interval(ms):,1000,0,0,0,0,0,1,148269539814
Measurement_interval(ms):,1000,0,0,0,0,0,1,148269539862
Measurement_interval(ms):,1000,0,0,0,0,0,1,148269539863
Measurement_interval(ms):,1000,938,0,0,0,0,1,148270043097
Measurement_interval(ms):,1000,1936,8263,16239,0,0,1,148271043131
Measurement_interval(ms):,1000,1936,8220,16239,0,0,1,148272043150
Measurement_interval(ms):,1000,1920,8177,16156,0,0,1,148273043098
Measurement_interval(ms):,1000,1936,8177,16156,0,0,1,148274043096
Measurement_interval(ms):,1000,1936,8177,16156,0,0,1,148275043107
Measurement_interval(ms):,1000,1936,8134,16073,0,0,1,148276043132
Measurement_interval(ms):,1000,1920,8134,15990,0,0,1,148277043123
Measurement_interval(ms):,1000,1936,8134,15990,0,0,1,148278043118
Measurement_interval(ms):,1000,1936,8134,15990,0,0,1,148279043116
Measurement_interval(ms):,1000,1936,8091,15990,0,0,1,148280043107
Measurement_interval(ms):,1000,1936,8091,15990,0,0,1,148281043444
Measurement_interval(ms):,1000,1920,8091,15990,0,0,1,148282043129
Measurement_interval(ms):,1000,1936,8091,15990,0,0,1,148283043100
Measurement_interval(ms):,1000,1936,8091,15990,0,0,1,148284043137
Measurement_interval(ms):,1000,1936,8091,15990,0,0,1,148285043129
Measurement_interval(ms):,1000,1936,8091,15990,0,0,1,148286043114
Measurement_interval(ms):,1000,1936,8091,15990,0,0,1,148287043124
Measurement_interval(ms):,1000,1936,8091,15990,0,0,1,148288043704
Measurement_interval(ms):,1000,1920,8091,15990,0,0,1,148289043119
Measurement_interval(ms):,1000,1936,8091,15990,0,0,1,148290043104
Measurement_interval(ms):,1000,1936,8091,15990,0,0,1,148291043143
Measurement_interval(ms):,1000,1936,8091,15990,0,0,1,148292043104
Measurement_interval(ms):,1000,1936,8091,15990,0,0,1,148293043116
Measurement_interval(ms):,1000,1920,8091,15990,0,0,1,148294043115
Measurement_interval(ms):,1000,1936,8091,15990,0,0,1,148295043140
Measurement_interval(ms):,1000,1936,8091,15990,0,0,1,148296043112
Measurement_interval(ms):,1000,1936,8091,15990,0,0,1,148297043139
Measurement_interval(ms):,1000,1936,8091,15990,0,0,1,148298043110
Measurement_interval(ms):,1000,1936,8091,15990,0,0,1,148299043116
Measurement_interval(ms):,1000,1936,8091,15990,0,0,1,148300043117
Measurement_interval(ms):,1000,1936,8091,15990,0,0,1,148301043446
Measurement_interval(ms):,1000,1920,8091,15990,0,0,1,148302043114
Measurement_interval(ms):,1000,1936,8091,15990,0,0,1,148303043140
