Measurement_interval(ms):,1000,0,0,0,0,0,1,79676615408
Measurement_interval(ms):,1000,0,0,0,0,0,1,79680715128
Measurement_interval(ms):,1000,0,0,0,0,0,1,79680715130
Measurement_interval(ms):,1000,0,0,0,0,0,1,79680715133
Measurement_interval(ms):,1000,0,0,0,0,0,1,79680715134
Measurement_interval(ms):,1000,0,0,0,0,0,1,79680715135
Measurement_interval(ms):,1000,0,0,0,0,0,1,79680715136
Measurement_interval(ms):,1000,0,0,0,0,0,1,79680715138
Measurement_interval(ms):,1000,272,0,0,0,0,1,79680877814
Measurement_interval(ms):,1000,1936,8129,18476,0,0,1,79681877793
Measurement_interval(ms):,1000,1920,8089,16166,0,0,1,79682877793
Measurement_interval(ms):,1000,1936,8089,16061,0,0,1,79683877815
Measurement_interval(ms):,1000,1936,8089,16061,0,0,1,79684877777
Measurement_interval(ms):,1000,1920,8129,16061,0,0,1,79685877814
Measurement_interval(ms):,1000,1936,8089,15956,0,0,1,79686877780
Measurement_interval(ms):,1000,1936,8089,15956,0,0,1,79687877777
Measurement_interval(ms):,1000,1936,8089,15956,0,0,1,79688877856
Measurement_interval(ms):,1000,1920,8089,15956,0,0,1,79689877803
Measurement_interval(ms):,1000,1936,8089,15956,0,0,1,79690877778
Measurement_interval(ms):,1000,1936,8089,15956,0,0,1,79691877815
Measurement_interval(ms):,1000,1920,8089,15956,0,0,1,79692877778
Measurement_interval(ms):,1000,1936,8089,15956,0,0,1,79693877790
Measurement_interval(ms):,1000,1936,8089,15956,0,0,1,79694877812
Measurement_interval(ms):,1000,1936,8089,15956,0,0,1,79695877819
Measurement_interval(ms):,1000,1920,8089,15956,0,0,1,79696877790
Measurement_interval(ms):,1000,1936,8129,16061,0,0,1,79697877824
Measurement_interval(ms):,1000,1936,8129,16061,0,0,1,79698877775
Measurement_interval(ms):,1000,1936,8129,16061,0,0,1,79699877782
Measurement_interval(ms):,1000,1936,8129,16061,0,0,1,79700878427
Measurement_interval(ms):,1000,1920,8129,16061,0,0,1,79701877795
Measurement_interval(ms):,1000,1936,8129,15956,0,0,1,79702877794
Measurement_interval(ms):,1000,1936,8129,15956,0,0,1,79703877784
Measurement_interval(ms):,1000,1936,8089,15956,0,0,1,79704877816
Measurement_interval(ms):,1000,1936,8089,15956,0,0,1,79705877993
Measurement_interval(ms):,1000,1920,8089,15956,0,0,1,79706877799
Measurement_interval(ms):,1000,1936,8089,15956,0,0,1,79707877806
Measurement_interval(ms):,1000,1936,8089,15956,0,0,1,79708877791
Measurement_interval(ms):,1000,1936,8089,15956,0,0,1,79709877802
Measurement_interval(ms):,1000,1936,8089,15956,0,0,1,79710877785
Measurement_interval(ms):,1000,1920,8089,15956,0,0,1,79711877793
Measurement_interval(ms):,1000,1936,8089,15956,0,0,1,79712877788
Measurement_interval(ms):,1000,1936,8089,15956,0,0,1,79713877797
