Measurement_interval(ms):,1000,0,0,0,0,0,1,564490089733
Measurement_interval(ms):,1000,0,0,0,0,0,1,564500291323
Measurement_interval(ms):,1000,0,0,0,0,0,1,564500291325
Measurement_interval(ms):,1000,0,0,0,0,0,1,564500291327
Measurement_interval(ms):,1000,0,0,0,0,0,1,564500291328
Measurement_interval(ms):,1000,0,0,0,0,0,1,564500291329
Measurement_interval(ms):,1000,0,0,0,0,0,1,564500291330
Measurement_interval(ms):,1000,0,0,0,0,0,1,564500291331
Measurement_interval(ms):,1000,0,0,0,0,0,1,564500291332
Measurement_interval(ms):,1000,0,0,0,0,0,1,564500291377
Measurement_interval(ms):,1000,0,0,0,0,0,1,564500291378
Measurement_interval(ms):,1000,0,0,0,0,0,1,564501881925
Measurement_interval(ms):,1000,104,0,0,0,0,1,564502040646
Measurement_interval(ms):,1000,1696,4665,8746,0,0,1,564503040628
Measurement_interval(ms):,1000,1696,4665,8790,0,0,1,564504040666
Measurement_interval(ms):,1000,1696,4665,8790,0,0,1,564505040675
Measurement_interval(ms):,1000,1704,4665,8790,0,0,1,564506040935
Measurement_interval(ms):,1000,1696,4665,8790,0,0,1,564507040635
Measurement_interval(ms):,1000,1696,4665,8790,0,0,1,564508040655
Measurement_interval(ms):,1000,1704,4665,8790,0,0,1,564509040637
Measurement_interval(ms):,1000,1696,4665,8790,0,0,1,564510040660
Measurement_interval(ms):,1000,1704,4665,8790,0,0,1,564511040711
Measurement_interval(ms):,1000,1696,4665,8790,0,0,1,564512041136
Measurement_interval(ms):,1000,1696,4665,8790,0,0,1,564513040644
Measurement_interval(ms):,1000,1696,4665,8790,0,0,1,564514040637
Measurement_interval(ms):,1000,1696,4665,8790,0,0,1,564515040652
Measurement_interval(ms):,1000,1696,4665,8790,0,0,1,564516040668
Measurement_interval(ms):,1000,1696,4665,8834,0,0,1,564517040667
Measurement_interval(ms):,1000,1696,4665,8834,0,0,1,564518040671
Measurement_interval(ms):,1000,1696,4665,8834,0,0,1,564519040640
Measurement_interval(ms):,1000,1696,4665,8834,0,0,1,564520040649
Measurement_interval(ms):,1000,1696,4665,8834,0,0,1,564521040649
Measurement_interval(ms):,1000,1696,4665,8834,0,0,1,564522040652
Measurement_interval(ms):,1000,1696,4665,8834,0,0,1,564523040670
Measurement_interval(ms):,1000,1696,4665,8834,0,0,1,564524040684
Measurement_interval(ms):,1000,1696,4665,8834,0,0,1,564525040684
Measurement_interval(ms):,1000,1696,4665,8834,0,0,1,564526040689
Measurement_interval(ms):,1000,1696,4665,8834,0,0,1,564527040651
Measurement_interval(ms):,1000,1696,4665,8834,0,0,1,564528040688
Measurement_interval(ms):,1000,1696,4665,8834,0,0,1,564529040648
Measurement_interval(ms):,1000,1696,4665,8834,0,0,1,564530040680
Measurement_interval(ms):,1000,1696,4665,8834,0,0,1,564531040667
Measurement_interval(ms):,1000,1696,4665,8834,0,0,1,564532040666
Measurement_interval(ms):,1000,1696,4665,8834,0,0,1,564533040686
