Measurement_interval(ms):,1000,0,0,0,0,0,1,566124130658
Measurement_interval(ms):,1000,0,0,0,0,0,1,566136938908
Measurement_interval(ms):,1000,0,0,0,0,0,1,566136938910
Measurement_interval(ms):,1000,0,0,0,0,0,1,566136938913
Measurement_interval(ms):,1000,0,0,0,0,0,1,566136938914
Measurement_interval(ms):,1000,0,0,0,0,0,1,566136938915
Measurement_interval(ms):,1000,0,0,0,0,0,1,566136938916
Measurement_interval(ms):,1000,0,0,0,0,0,1,566136938962
Measurement_interval(ms):,1000,0,0,0,0,0,1,566136938963
Measurement_interval(ms):,1000,0,0,0,0,0,1,566136938965
Measurement_interval(ms):,1000,0,0,0,0,0,1,566136938966
Measurement_interval(ms):,1000,0,0,0,0,0,1,566136938968
Measurement_interval(ms):,1000,0,0,0,0,0,1,566136938968
Measurement_interval(ms):,1000,0,0,0,0,0,1,566138545666
Measurement_interval(ms):,1000,0,0,0,0,0,1,566138545669
Measurement_interval(ms):,1000,768,0,0,0,0,1,566139059798
Measurement_interval(ms):,1000,2208,0,0,0,0,1,566140059774
Measurement_interval(ms):,1000,2240,13504,27271,0,0,1,566141059813
Measurement_interval(ms):,1000,2208,13437,27271,0,0,1,566142059771
Measurement_interval(ms):,1000,2208,13437,27271,0,0,1,566143059792
Measurement_interval(ms):,1000,2240,13437,27271,0,0,1,566144059771
Measurement_interval(ms):,1000,2208,13437,27271,0,0,1,566145059790
Measurement_interval(ms):,1000,2240,13437,27271,0,0,1,566146060231
Measurement_interval(ms):,1000,2208,13437,27271,0,0,1,566147059809
Measurement_interval(ms):,1000,2208,13504,27271,0,0,1,566148059803
Measurement_interval(ms):,1000,2240,13504,27271,0,0,1,566149059771
Measurement_interval(ms):,1000,2208,13504,27271,0,0,1,566150059816
Measurement_interval(ms):,1000,2208,13504,27271,0,0,1,566151059769
Measurement_interval(ms):,1000,2240,13504,27271,0,0,1,566152059772
Measurement_interval(ms):,1000,2208,13504,27271,0,0,1,566153059804
Measurement_interval(ms):,1000,2240,13504,27271,0,0,1,566154059792
Measurement_interval(ms):,1000,2208,13504,27271,0,0,1,566155059797
Measurement_interval(ms):,1000,2208,13504,27271,0,0,1,566156059779
Measurement_interval(ms):,1000,2240,13437,27271,0,0,1,566157059795
Measurement_interval(ms):,1000,2208,13437,27271,0,0,1,566158059811
Measurement_interval(ms):,1000,2208,13437,27271,0,0,1,566159059768
Measurement_interval(ms):,1000,2240,13437,27271,0,0,1,566160059811
Measurement_interval(ms):,1000,2208,13437,27271,0,0,1,566161059800
Measurement_interval(ms):,1000,2240,13437,27271,0,0,1,566162060246
Measurement_interval(ms):,1000,2208,13437,27271,0,0,1,566163059797
Measurement_interval(ms):,1000,2208,13437,27271,0,0,1,566164059776
Measurement_interval(ms):,1000,2240,13437,27271,0,0,1,566165059784
Measurement_interval(ms):,1000,2208,13437,27271,0,0,1,566166059766
Measurement_interval(ms):,1000,2208,13437,27271,0,0,1,566167059788
Measurement_interval(ms):,1000,2240,13437,27271,0,0,1,566168059790
Measurement_interval(ms):,1000,2208,13437,27271,0,0,1,566169059780
Measurement_interval(ms):,1000,2240,13437,27271,0,0,1,566170059772
