Measurement_interval(ms):,1000,0,0,0,0,0,1,499708041640
Measurement_interval(ms):,1000,0,0,0,0,0,1,499711522511
Measurement_interval(ms):,1000,0,0,0,0,0,1,499711522512
Measurement_interval(ms):,1000,0,0,0,0,0,1,499711522515
Measurement_interval(ms):,1000,0,0,0,0,0,1,499711522516
Measurement_interval(ms):,1000,0,0,0,0,0,1,499711522518
Measurement_interval(ms):,1000,0,0,0,0,0,1,499713124584
Measurement_interval(ms):,1000,0,0,0,0,0,1,499713124587
Measurement_interval(ms):,1000,798,1965,15025,0,0,1,499713964829
Measurement_interval(ms):,1000,1042,1965,8834,0,0,1,499714964809
Measurement_interval(ms):,1000,1046,1965,5512,0,0,1,499715964840
Measurement_interval(ms):,1000,1044,1965,4304,0,0,1,499716964844
Measurement_interval(ms):,1000,1046,1965,3549,0,0,1,499717964807
Measurement_interval(ms):,1000,1046,1965,3549,0,0,1,499718964813
Measurement_interval(ms):,1000,1046,1965,3549,0,0,1,499719964825
Measurement_interval(ms):,1000,1046,1965,3549,0,0,1,499720964853
Measurement_interval(ms):,1000,1046,1965,3549,0,0,1,499721964848
Measurement_interval(ms):,1000,1046,1965,3549,0,0,1,499722964856
Measurement_interval(ms):,1000,1046,1965,3549,0,0,1,499723964854
Measurement_interval(ms):,1000,1046,1965,3549,0,0,1,499724964816
Measurement_interval(ms):,1000,1046,1965,3549,0,0,1,499725964810
Measurement_interval(ms):,1000,1046,1965,3549,0,0,1,499726965167
Measurement_interval(ms):,1000,1044,1965,3549,0,0,1,499727965256
Measurement_interval(ms):,1000,1044,1965,3549,0,0,1,499728964934
Measurement_interval(ms):,1000,1044,1965,3549,0,0,1,499729964822
Measurement_interval(ms):,1000,1046,1965,3549,0,0,1,499730964809
Measurement_interval(ms):,1000,1046,1965,3549,0,0,1,499731965312
Measurement_interval(ms):,1000,1044,1965,3549,0,0,1,499732964818
Measurement_interval(ms):,1000,1046,1965,3549,0,0,1,499733964846
Measurement_interval(ms):,1000,1046,1965,3549,0,0,1,499734965169
Measurement_interval(ms):,1000,1044,1965,3549,0,0,1,499735964811
Measurement_interval(ms):,1000,1046,1965,3549,0,0,1,499736964837
Measurement_interval(ms):,1000,1046,1965,3549,0,0,1,499737964828
Measurement_interval(ms):,1000,1046,1965,3549,0,0,1,499738964816
Measurement_interval(ms):,1000,1046,1965,3549,0,0,1,499739964849
Measurement_interval(ms):,1000,1046,1965,3549,0,0,1,499740964846
Measurement_interval(ms):,1000,1046,1965,3549,0,0,1,499741965319
Measurement_interval(ms):,1000,1042,1965,3549,0,0,1,499742965274
Measurement_interval(ms):,1000,1044,1965,3549,0,0,1,499743964860
Measurement_interval(ms):,1000,1046,1965,3549,0,0,1,499744964942
