Measurement_interval(ms):,1000,0,0,0,0,0,1,500484168937
Measurement_interval(ms):,1000,0,0,0,0,0,1,500489817607
Measurement_interval(ms):,1000,0,0,0,0,0,1,500489817608
Measurement_interval(ms):,1000,0,0,0,0,0,1,500489817611
Measurement_interval(ms):,1000,0,0,0,0,0,1,500489817612
Measurement_interval(ms):,1000,0,0,0,0,0,1,500489817614
Measurement_interval(ms):,1000,0,0,0,0,0,1,500491400549
Measurement_interval(ms):,1000,0,0,0,0,0,1,500491400552
Measurement_interval(ms):,1000,876,2950,11294,0,0,1,500492120986
Measurement_interval(ms):,1000,1356,2950,9028,0,0,1,500493120911
Measurement_interval(ms):,1000,1352,2950,7895,0,0,1,500494120550
Measurement_interval(ms):,1000,1356,2950,6968,0,0,1,500495120552
Measurement_interval(ms):,1000,1352,2950,6350,0,0,1,500496120541
Measurement_interval(ms):,1000,1352,2950,6144,0,0,1,500497120568
Measurement_interval(ms):,1000,1356,2950,5526,0,0,1,500498120541
Measurement_interval(ms):,1000,1352,2950,5526,0,0,1,500499120583
Measurement_interval(ms):,1000,1356,2950,5423,0,0,1,500500120548
Measurement_interval(ms):,1000,1356,2950,5423,0,0,1,500501120752
Measurement_interval(ms):,1000,1356,2950,5423,0,0,1,500502120578
Measurement_interval(ms):,1000,1356,2950,5423,0,0,1,500503121090
Measurement_interval(ms):,1000,1352,2950,5423,0,0,1,500504120591
Measurement_interval(ms):,1000,1356,2950,5423,0,0,1,500505120542
Measurement_interval(ms):,1000,1352,2950,5423,0,0,1,500506120547
Measurement_interval(ms):,1000,1356,2950,5423,0,0,1,500507120583
Measurement_interval(ms):,1000,1352,2950,5423,0,0,1,500508120582
Measurement_interval(ms):,1000,1356,2950,5423,0,0,1,500509120587
Measurement_interval(ms):,1000,1356,2950,5423,0,0,1,500510120797
Measurement_interval(ms):,1000,1348,2964,5423,0,0,1,500511120557
Measurement_interval(ms):,1000,1356,2964,5423,0,0,1,500512120558
Measurement_interval(ms):,1000,1356,2964,5423,0,0,1,500513120609
Measurement_interval(ms):,1000,1352,2950,5423,0,0,1,500514120564
Measurement_interval(ms):,1000,1356,2950,5423,0,0,1,500515120572
Measurement_interval(ms):,1000,1352,2950,5423,0,0,1,500516120578
Measurement_interval(ms):,1000,1356,2950,5423,0,0,1,500517120566
Measurement_interval(ms):,1000,1356,2950,5423,0,0,1,500518120837
Measurement_interval(ms):,1000,1352,2950,5423,0,0,1,500519120546
Measurement_interval(ms):,1000,1356,2950,5423,0,0,1,500520120575
Measurement_interval(ms):,1000,1352,2950,5423,0,0,1,500521120557
Measurement_interval(ms):,1000,1356,2950,5423,0,0,1,500522120590
Measurement_interval(ms):,1000,1352,2950,5423,0,0,1,500523120548
Measurement_interval(ms):,1000,1356,2950,5423,0,0,1,500524121018
Measurement_interval(ms):,1000,1352,2950,5423,0,0,1,500525120570
Measurement_interval(ms):,1000,1356,2950,5423,0,0,1,500526120842
Measurement_interval(ms):,1000,1352,2950,5423,0,0,1,500527120597
Measurement_interval(ms):,1000,1352,2950,5423,0,0,1,500528120577
Measurement_interval(ms):,1000,1356,2950,5423,0,0,1,500529120593
Measurement_interval(ms):,1000,1356,2950,5423,0,0,1,500530120939
Measurement_interval(ms):,1000,1352,2950,5423,0,0,1,500531120564
Measurement_interval(ms):,1000,1356,2950,5423,0,0,1,500532120563
Measurement_interval(ms):,1000,1356,2950,5423,0,0,1,500533120603
Measurement_interval(ms):,1000,1352,2950,5423,0,0,1,500534120556
