Measurement_interval(ms):,1000,0,0,0,0,0,1,498589933213
Measurement_interval(ms):,1000,0,0,0,0,0,1,498597140840
Measurement_interval(ms):,1000,0,0,0,0,0,1,498597140843
Measurement_interval(ms):,1000,0,0,0,0,0,1,498597140845
Measurement_interval(ms):,1000,0,0,0,0,0,1,498597140846
Measurement_interval(ms):,1000,0,0,0,0,0,1,498597140848
Measurement_interval(ms):,1000,0,0,0,0,0,1,498597140849
Measurement_interval(ms):,1000,0,0,0,0,0,1,498597140850
Measurement_interval(ms):,1000,0,0,0,0,0,1,498598718174
Measurement_interval(ms):,1000,0,0,0,0,0,1,498598718178
Measurement_interval(ms):,1000,335,1633,19762,0,0,1,498599286524
Measurement_interval(ms):,1000,678,1529,12517,0,0,1,498600286927
Measurement_interval(ms):,1000,677,1529,4237,0,0,1,498601286516
Measurement_interval(ms):,1000,678,1529,2788,0,0,1,498602286533
Measurement_interval(ms):,1000,678,1529,2788,0,0,1,498603286547
Measurement_interval(ms):,1000,678,1529,2788,0,0,1,498604286504
Measurement_interval(ms):,1000,678,1529,2788,0,0,1,498605286709
Measurement_interval(ms):,1000,678,1529,2788,0,0,1,498606286804
Measurement_interval(ms):,1000,678,1529,2788,0,0,1,498607286960
Measurement_interval(ms):,1000,678,1529,2788,0,0,1,498608286895
Measurement_interval(ms):,1000,676,1529,2788,0,0,1,498609286508
Measurement_interval(ms):,1000,677,1529,2788,0,0,1,498610286552
Measurement_interval(ms):,1000,677,1529,2788,0,0,1,498611286510
Measurement_interval(ms):,1000,678,1529,2788,0,0,1,498612286507
Measurement_interval(ms):,1000,678,1529,2788,0,0,1,498613286615
Measurement_interval(ms):,1000,677,1529,2788,0,0,1,498614286544
Measurement_interval(ms):,1000,678,1529,2788,0,0,1,498615286529
Measurement_interval(ms):,1000,678,1529,2788,0,0,1,498616286533
Measurement_interval(ms):,1000,678,1529,2788,0,0,1,498617286549
Measurement_interval(ms):,1000,679,1529,2788,0,0,1,498618286880
Measurement_interval(ms):,1000,678,1529,2788,0,0,1,498619286547
Measurement_interval(ms):,1000,678,1529,2788,0,0,1,498620286532
Measurement_interval(ms):,1000,678,1529,2788,0,0,1,498621286521
Measurement_interval(ms):,1000,679,1529,2788,0,0,1,498622286511
Measurement_interval(ms):,1000,678,1529,2788,0,0,1,498623286545
Measurement_interval(ms):,1000,679,1529,2788,0,0,1,498624286946
Measurement_interval(ms):,1000,678,1529,2788,0,0,1,498625286794
Measurement_interval(ms):,1000,678,1529,2788,0,0,1,498626286859
Measurement_interval(ms):,1000,678,1529,2788,0,0,1,498627286800
Measurement_interval(ms):,1000,678,1529,2788,0,0,1,498628286516
Measurement_interval(ms):,1000,678,1529,2788,0,0,1,498629286504
Measurement_interval(ms):,1000,678,1529,2788,0,0,1,498630286513
Measurement_interval(ms):,1000,678,1529,2788,0,0,1,498631286517
