Measurement_interval(ms):,1000,0,0,0,0,0,1,565159611928
Measurement_interval(ms):,1000,0,0,0,0,0,1,565164989042
Measurement_interval(ms):,1000,0,0,0,0,0,1,565164989045
Measurement_interval(ms):,1000,0,0,0,0,0,1,565164989048
Measurement_interval(ms):,1000,0,0,0,0,0,1,565164989048
Measurement_interval(ms):,1000,0,0,0,0,0,1,565164989050
Measurement_interval(ms):,1000,0,0,0,0,0,1,565164989050
Measurement_interval(ms):,1000,0,0,0,0,0,1,565164989096
Measurement_interval(ms):,1000,0,0,0,0,0,1,565166578017
Measurement_interval(ms):,1000,320,0,0,0,0,1,565166843142
Measurement_interval(ms):,1000,2112,7354,14191,0,0,1,565167843139
Measurement_interval(ms):,1000,2128,7317,14191,0,0,1,565168843123
Measurement_interval(ms):,1000,2128,7317,14262,0,0,1,565169843115
Measurement_interval(ms):,1000,2128,7317,14262,0,0,1,565170843442
Measurement_interval(ms):,1000,2112,7317,14262,0,0,1,565171843119
Measurement_interval(ms):,1000,2128,7317,14262,0,0,1,565172843136
Measurement_interval(ms):,1000,2128,7317,14262,0,0,1,565173843156
Measurement_interval(ms):,1000,2112,7317,14262,0,0,1,565174843123
Measurement_interval(ms):,1000,2128,7317,14262,0,0,1,565175843115
Measurement_interval(ms):,1000,2128,7317,14262,0,0,1,565176843140
Measurement_interval(ms):,1000,2096,7317,14262,0,0,1,565177843115
Measurement_interval(ms):,1000,2128,7317,14262,0,0,1,565178843125
Measurement_interval(ms):,1000,2112,7317,14262,0,0,1,565179843126
Measurement_interval(ms):,1000,2128,7317,14262,0,0,1,565180843111
Measurement_interval(ms):,1000,2128,7317,14262,0,0,1,565181843130
Measurement_interval(ms):,1000,2112,7317,14262,0,0,1,565182843121
Measurement_interval(ms):,1000,2128,7317,14262,0,0,1,565183843126
Measurement_interval(ms):,1000,2128,7317,14262,0,0,1,565184843622
Measurement_interval(ms):,1000,2112,7317,14262,0,0,1,565185843104
Measurement_interval(ms):,1000,2128,7317,14262,0,0,1,565186843135
Measurement_interval(ms):,1000,2128,7317,14262,0,0,1,565187843143
Measurement_interval(ms):,1000,2112,7317,14262,0,0,1,565188843147
Measurement_interval(ms):,1000,2128,7317,14262,0,0,1,565189843123
Measurement_interval(ms):,1000,2128,7317,14262,0,0,1,565190843106
Measurement_interval(ms):,1000,2112,7317,14262,0,0,1,565191843143
Measurement_interval(ms):,1000,2128,7317,14262,0,0,1,565192843102
Measurement_interval(ms):,1000,2128,7317,14262,0,0,1,565193843112
Measurement_interval(ms):,1000,2128,7317,14262,0,0,1,565194843129
Measurement_interval(ms):,1000,2112,7317,14262,0,0,1,565195843136
Measurement_interval(ms):,1000,2128,7317,14262,0,0,1,565196843112
Measurement_interval(ms):,1000,2112,7317,14262,0,0,1,565197843111
