Measurement_interval(ms):,1000,0,0,0,0,0,1,138742927369
Measurement_interval(ms):,1000,0,0,0,0,0,1,138747882635
Measurement_interval(ms):,1000,0,0,0,0,0,1,138747882636
Measurement_interval(ms):,1000,0,0,0,0,0,1,138747882639
Measurement_interval(ms):,1000,0,0,0,0,0,1,138747882640
Measurement_interval(ms):,1000,0,0,0,0,0,1,138747882642
Measurement_interval(ms):,1000,0,0,0,0,0,1,138747882643
Measurement_interval(ms):,1000,0,0,0,0,0,1,138747882644
Measurement_interval(ms):,1000,0,0,0,0,0,1,138747882645
Measurement_interval(ms):,1000,0,0,0,0,0,1,138747882690
Measurement_interval(ms):,1000,0,0,0,0,0,1,138747882691
Measurement_interval(ms):,1000,0,0,0,0,0,1,138747882694
Measurement_interval(ms):,1000,0,0,0,0,0,1,138747882694
Measurement_interval(ms):,1000,0,0,0,0,0,1,138747905768
Measurement_interval(ms):,1000,416,0,0,0,0,1,138748905773
Measurement_interval(ms):,1000,416,0,0,0,0,1,138749905749
Measurement_interval(ms):,1000,416,0,0,0,0,1,138750905757
Measurement_interval(ms):,1000,416,0,0,0,0,1,138751905760
Measurement_interval(ms):,1000,416,0,0,0,0,1,138752905783
Measurement_interval(ms):,1000,416,0,0,0,0,1,138753905765
Measurement_interval(ms):,1000,416,0,0,0,0,1,138754905782
Measurement_interval(ms):,1000,416,0,0,0,0,1,138755905786
Measurement_interval(ms):,1000,416,75359,152104,0,0,1,138756905775
Measurement_interval(ms):,1000,448,75359,152104,0,0,1,138757905752
Measurement_interval(ms):,1000,416,75359,152104,0,0,1,138758905776
Measurement_interval(ms):,1000,416,75359,152104,0,0,1,138759905734
Measurement_interval(ms):,1000,416,75359,152104,0,0,1,138760905760
Measurement_interval(ms):,1000,416,75359,152104,0,0,1,138761905780
Measurement_interval(ms):,1000,416,75359,152104,0,0,1,138762905780
Measurement_interval(ms):,1000,416,75359,152104,0,0,1,138763905759
Measurement_interval(ms):,1000,416,75359,152104,0,0,1,138764905770
Measurement_interval(ms):,1000,416,75359,152104,0,0,1,138765905739
Measurement_interval(ms):,1000,448,75359,152104,0,0,1,138766905765
Measurement_interval(ms):,1000,416,75359,152104,0,0,1,138767905741
Measurement_interval(ms):,1000,416,75359,152104,0,0,1,138768905753
Measurement_interval(ms):,1000,416,75359,152104,0,0,1,138769905758
Measurement_interval(ms):,1000,416,75359,152104,0,0,1,138770905758
Measurement_interval(ms):,1000,416,75359,152104,0,0,1,138771905742
Measurement_interval(ms):,1000,416,75359,152104,0,0,1,138772905753
Measurement_interval(ms):,1000,416,75359,152104,0,0,1,138773905759
Measurement_interval(ms):,1000,416,75359,152104,0,0,1,138774905738
Measurement_interval(ms):,1000,416,75359,152104,0,0,1,138775905734
Measurement_interval(ms):,1000,448,75359,152104,0,0,1,138776905773
Measurement_interval(ms):,1000,416,75359,152104,0,0,1,138777905735
Measurement_interval(ms):,1000,416,75359,152104,0,0,1,138778905766
Measurement_interval(ms):,1000,416,75359,152104,0,0,1,138779905754
Measurement_interval(ms):,1000,416,75359,152104,0,0,1,138780905746
Measurement_interval(ms):,1000,416,75359,152104,0,0,1,138781905741
