Measurement_interval(ms):,1000,0,0,0,0,0,1,138653565606
Measurement_interval(ms):,1000,0,0,0,0,0,1,138656507010
Measurement_interval(ms):,1000,0,0,0,0,0,1,138656507012
Measurement_interval(ms):,1000,0,0,0,0,0,1,138656507014
Measurement_interval(ms):,1000,0,0,0,0,0,1,138656507015
Measurement_interval(ms):,1000,0,0,0,0,0,1,138656507017
Measurement_interval(ms):,1000,0,0,0,0,0,1,138656507018
Measurement_interval(ms):,1000,0,0,0,0,0,1,138656507020
Measurement_interval(ms):,1000,0,0,0,0,0,1,138656507021
Measurement_interval(ms):,1000,0,0,0,0,0,1,138656507065
Measurement_interval(ms):,1000,0,0,0,0,0,1,138656507066
Measurement_interval(ms):,1000,0,0,0,0,0,1,138656507068
Measurement_interval(ms):,1000,224,0,0,0,0,1,138657237241
Measurement_interval(ms):,1000,336,0,0,0,0,1,138658237251
Measurement_interval(ms):,1000,320,0,0,0,0,1,138659237220
Measurement_interval(ms):,1000,320,0,0,0,0,1,138660237258
Measurement_interval(ms):,1000,336,0,0,0,0,1,138661237233
Measurement_interval(ms):,1000,320,49737,98569,0,0,1,138662237218
Measurement_interval(ms):,1000,336,49737,98569,0,0,1,138663237225
Measurement_interval(ms):,1000,320,49737,98569,0,0,1,138664237223
Measurement_interval(ms):,1000,320,49737,98569,0,0,1,138665237258
Measurement_interval(ms):,1000,336,49737,98569,0,0,1,138666237226
Measurement_interval(ms):,1000,320,49486,98569,0,0,1,138667237218
Measurement_interval(ms):,1000,336,49486,98569,0,0,1,138668237244
Measurement_interval(ms):,1000,320,49486,98569,0,0,1,138669237228
Measurement_interval(ms):,1000,320,49486,98569,0,0,1,138670237241
Measurement_interval(ms):,1000,336,49486,98569,0,0,1,138671237242
Measurement_interval(ms):,1000,320,49737,98569,0,0,1,138672237255
Measurement_interval(ms):,1000,336,49737,98569,0,0,1,138673237246
Measurement_interval(ms):,1000,320,49737,98569,0,0,1,138674237215
Measurement_interval(ms):,1000,320,49737,98569,0,0,1,138675237212
Measurement_interval(ms):,1000,336,49737,98569,0,0,1,138676237244
Measurement_interval(ms):,1000,320,49737,98569,0,0,1,138677237232
Measurement_interval(ms):,1000,336,49737,98569,0,0,1,138678237258
Measurement_interval(ms):,1000,320,49737,98569,0,0,1,138679237228
Measurement_interval(ms):,1000,320,49737,98569,0,0,1,138680237248
Measurement_interval(ms):,1000,336,49737,98569,0,0,1,138681237242
Measurement_interval(ms):,1000,320,49486,98569,0,0,1,138682237216
Measurement_interval(ms):,1000,336,49486,98569,0,0,1,138683237261
Measurement_interval(ms):,1000,320,49486,98569,0,0,1,138684237230
Measurement_interval(ms):,1000,336,49486,98569,0,0,1,138685237217
Measurement_interval(ms):,1000,320,49486,98569,0,0,1,138686237242
Measurement_interval(ms):,1000,320,49486,98569,0,0,1,138687237251
Measurement_interval(ms):,1000,336,49486,98569,0,0,1,138688237232
Measurement_interval(ms):,1000,320,49486,98569,0,0,1,138689237260
