Measurement_interval(ms):,1000,0,0,0,0,0,1,139098474453
Measurement_interval(ms):,1000,0,0,0,0,0,1,139100689694
Measurement_interval(ms):,1000,0,0,0,0,0,1,139100689695
Measurement_interval(ms):,1000,0,0,0,0,0,1,139100689698
Measurement_interval(ms):,1000,0,0,0,0,0,1,139100689698
Measurement_interval(ms):,1000,0,0,0,0,0,1,139100689700
Measurement_interval(ms):,1000,0,0,0,0,0,1,139100689701
Measurement_interval(ms):,1000,0,0,0,0,0,1,139100689702
Measurement_interval(ms):,1000,0,0,0,0,0,1,139100689703
Measurement_interval(ms):,1000,0,0,0,0,0,1,139100689748
Measurement_interval(ms):,1000,0,0,0,0,0,1,139100689749
Measurement_interval(ms):,1000,268,0,0,0,0,1,139101463040
Measurement_interval(ms):,1000,420,0,0,0,0,1,139102463042
Measurement_interval(ms):,1000,393,0,0,0,0,1,139103463035
Measurement_interval(ms):,1000,387,0,0,0,0,1,139104463044
Measurement_interval(ms):,1000,393,0,0,0,0,1,139105463052
Measurement_interval(ms):,1000,387,0,0,0,0,1,139106463031
Measurement_interval(ms):,1000,393,0,0,0,0,1,139107463038
Measurement_interval(ms):,1000,387,0,0,0,0,1,139108463069
Measurement_interval(ms):,1000,393,86537,153908,0,0,1,139109463073
Measurement_interval(ms):,1000,387,86537,153908,0,0,1,139110463077
Measurement_interval(ms):,1000,393,86537,153908,0,0,1,139111463063
Measurement_interval(ms):,1000,387,86537,153908,0,0,1,139112463084
Measurement_interval(ms):,1000,393,86537,153908,0,0,1,139113463060
Measurement_interval(ms):,1000,387,86537,153908,0,0,1,139114463054
Measurement_interval(ms):,1000,420,86537,153908,0,0,1,139115463050
Measurement_interval(ms):,1000,393,86537,153908,0,0,1,139116463059
Measurement_interval(ms):,1000,387,86537,153137,0,0,1,139117463085
Measurement_interval(ms):,1000,393,86537,153137,0,0,1,139118463057
Measurement_interval(ms):,1000,387,86537,153137,0,0,1,139119463087
Measurement_interval(ms):,1000,393,86537,153137,0,0,1,139120463047
Measurement_interval(ms):,1000,387,86537,153137,0,0,1,139121463084
Measurement_interval(ms):,1000,393,86537,153137,0,0,1,139122463060
Measurement_interval(ms):,1000,387,86537,153137,0,0,1,139123463048
Measurement_interval(ms):,1000,393,86537,153137,0,0,1,139124463069
Measurement_interval(ms):,1000,387,86537,153137,0,0,1,139125463042
Measurement_interval(ms):,1000,420,86537,153137,0,0,1,139126463067
Measurement_interval(ms):,1000,393,86537,153137,0,0,1,139127463048
Measurement_interval(ms):,1000,387,86537,153137,0,0,1,139128463082
Measurement_interval(ms):,1000,393,86537,153137,0,0,1,139129463081
Measurement_interval(ms):,1000,387,86537,153137,0,0,1,139130463075
Measurement_interval(ms):,1000,393,86537,153137,0,0,1,139131463070
Measurement_interval(ms):,1000,387,86537,153137,0,0,1,139132463093
Measurement_interval(ms):,1000,393,86537,153137,0,0,1,139133463054
Measurement_interval(ms):,1000,387,86537,153137,0,0,1,139134463095
Measurement_interval(ms):,1000,393,86537,153137,0,0,1,139135463098
Measurement_interval(ms):,1000,387,86537,153137,0,0,1,139136463091
Measurement_interval(ms):,1000,420,86537,153137,0,0,1,139137463080
Measurement_interval(ms):,1000,393,86537,153137,0,0,1,139138463091
Measurement_interval(ms):,1000,387,86537,153137,0,0,1,139139463071
Measurement_interval(ms):,1000,393,86537,153137,0,0,1,139140463076
Measurement_interval(ms):,1000,387,86537,153137,0,0,1,139141463092
Measurement_interval(ms):,1000,393,86537,153137,0,0,1,139142463075
Measurement_interval(ms):,1000,387,86537,153137,0,0,1,139143463060
