Measurement_interval(ms):,1000,0,0,0,0,0,1,138591162804
Measurement_interval(ms):,1000,0,0,0,0,0,1,138593997154
Measurement_interval(ms):,1000,0,0,0,0,0,1,138593997156
Measurement_interval(ms):,1000,0,0,0,0,0,1,138593997158
Measurement_interval(ms):,1000,0,0,0,0,0,1,138593997159
Measurement_interval(ms):,1000,0,0,0,0,0,1,138593997161
Measurement_interval(ms):,1000,0,0,0,0,0,1,138593997162
Measurement_interval(ms):,1000,0,0,0,0,0,1,138593997163
Measurement_interval(ms):,1000,0,0,0,0,0,1,138593997164
Measurement_interval(ms):,1000,0,0,0,0,0,1,138593997166
Measurement_interval(ms):,1000,0,0,0,0,0,1,138593997166
Measurement_interval(ms):,1000,24,0,0,0,0,1,138594144855
Measurement_interval(ms):,1000,224,0,0,0,0,1,138595144842
Measurement_interval(ms):,1000,224,0,0,0,0,1,138596145637
Measurement_interval(ms):,1000,216,0,0,0,0,1,138597144840
Measurement_interval(ms):,1000,224,36870,72537,0,0,1,138598144868
Measurement_interval(ms):,1000,216,36870,72537,0,0,1,138599144845
Measurement_interval(ms):,1000,224,36870,72537,0,0,1,138600144840
Measurement_interval(ms):,1000,216,36870,72537,0,0,1,138601144871
Measurement_interval(ms):,1000,224,36684,72902,0,0,1,138602144872
Measurement_interval(ms):,1000,216,36684,72902,0,0,1,138603144882
Measurement_interval(ms):,1000,224,36684,72902,0,0,1,138604144840
Measurement_interval(ms):,1000,216,36684,72902,0,0,1,138605144859
Measurement_interval(ms):,1000,224,36684,72537,0,0,1,138606144847
Measurement_interval(ms):,1000,216,36684,72537,0,0,1,138607144834
Measurement_interval(ms):,1000,224,36684,72537,0,0,1,138608144877
Measurement_interval(ms):,1000,224,36684,72537,0,0,1,138609144851
Measurement_interval(ms):,1000,216,36684,72537,0,0,1,138610144856
Measurement_interval(ms):,1000,224,36684,72537,0,0,1,138611144849
Measurement_interval(ms):,1000,216,36684,72537,0,0,1,138612144864
Measurement_interval(ms):,1000,224,36498,72537,0,0,1,138613144880
Measurement_interval(ms):,1000,216,36498,72537,0,0,1,138614144882
Measurement_interval(ms):,1000,224,36498,72537,0,0,1,138615144866
Measurement_interval(ms):,1000,216,36498,72537,0,0,1,138616144867
Measurement_interval(ms):,1000,224,36684,72537,0,0,1,138617144855
Measurement_interval(ms):,1000,216,36684,72537,0,0,1,138618144839
Measurement_interval(ms):,1000,224,36684,72537,0,0,1,138619144873
Measurement_interval(ms):,1000,224,36684,72537,0,0,1,138620144866
Measurement_interval(ms):,1000,216,36684,72537,0,0,1,138621144855
Measurement_interval(ms):,1000,224,36684,72537,0,0,1,138622144847
Measurement_interval(ms):,1000,216,36684,72537,0,0,1,138623144873
Measurement_interval(ms):,1000,224,36498,72537,0,0,1,138624144848
Measurement_interval(ms):,1000,216,36498,72537,0,0,1,138625144879
Measurement_interval(ms):,1000,224,36498,72537,0,0,1,138626144845
Measurement_interval(ms):,1000,216,36498,72537,0,0,1,138627144865
