Measurement_interval(ms):,1000,0,0,0,0,0,1,138522377854
Measurement_interval(ms):,1000,0,0,0,0,0,1,138524979014
Measurement_interval(ms):,1000,0,0,0,0,0,1,138524979016
Measurement_interval(ms):,1000,0,0,0,0,0,1,138524979018
Measurement_interval(ms):,1000,0,0,0,0,0,1,138524979019
Measurement_interval(ms):,1000,0,0,0,0,0,1,138524979021
Measurement_interval(ms):,1000,0,0,0,0,0,1,138524979021
Measurement_interval(ms):,1000,0,0,0,0,0,1,138524979023
Measurement_interval(ms):,1000,0,0,0,0,0,1,138524979024
Measurement_interval(ms):,1000,0,0,0,0,0,1,138524979068
Measurement_interval(ms):,1000,0,0,0,0,0,1,138524979069
Measurement_interval(ms):,1000,0,0,0,0,0,1,138524979072
Measurement_interval(ms):,1000,0,0,0,0,0,1,138524979073
Measurement_interval(ms):,1000,88,0,0,0,0,1,138525640788
Measurement_interval(ms):,1000,132,0,0,0,0,1,138526640790
Measurement_interval(ms):,1000,136,0,0,0,0,1,138527640832
Measurement_interval(ms):,1000,132,30010,59142,0,0,1,138528640802
Measurement_interval(ms):,1000,136,30010,59142,0,0,1,138529640812
Measurement_interval(ms):,1000,136,30010,59142,0,0,1,138530640821
Measurement_interval(ms):,1000,132,30010,59142,0,0,1,138531640798
Measurement_interval(ms):,1000,136,30010,59142,0,0,1,138532640803
Measurement_interval(ms):,1000,132,30010,59142,0,0,1,138533640795
Measurement_interval(ms):,1000,136,30159,59732,0,0,1,138534640822
Measurement_interval(ms):,1000,136,30159,59732,0,0,1,138535640845
Measurement_interval(ms):,1000,132,30159,59732,0,0,1,138536640844
Measurement_interval(ms):,1000,136,30159,59732,0,0,1,138537640800
Measurement_interval(ms):,1000,136,30159,59732,0,0,1,138538640835
Measurement_interval(ms):,1000,132,30159,59732,0,0,1,138539640819
Measurement_interval(ms):,1000,136,30159,59437,0,0,1,138540640809
Measurement_interval(ms):,1000,132,30159,59437,0,0,1,138541640810
Measurement_interval(ms):,1000,136,30159,59437,0,0,1,138542640833
Measurement_interval(ms):,1000,136,30159,59437,0,0,1,138543640835
Measurement_interval(ms):,1000,132,30159,59437,0,0,1,138544640809
Measurement_interval(ms):,1000,136,30159,59437,0,0,1,138545640812
Measurement_interval(ms):,1000,136,30010,59437,0,0,1,138546640816
Measurement_interval(ms):,1000,132,30010,59437,0,0,1,138547640804
Measurement_interval(ms):,1000,136,30010,59437,0,0,1,138548640814
Measurement_interval(ms):,1000,136,30010,59437,0,0,1,138549640811
Measurement_interval(ms):,1000,132,30010,59437,0,0,1,138550640811
Measurement_interval(ms):,1000,136,30010,59437,0,0,1,138551640824
Measurement_interval(ms):,1000,132,30010,59437,0,0,1,138552640827
Measurement_interval(ms):,1000,136,30010,59437,0,0,1,138553640820
Measurement_interval(ms):,1000,136,30010,59437,0,0,1,138554640838
Measurement_interval(ms):,1000,132,30159,59437,0,0,1,138555640818
Measurement_interval(ms):,1000,136,30159,59437,0,0,1,138556640811
Measurement_interval(ms):,1000,132,30159,59437,0,0,1,138557640826
