Measurement_interval(ms):,1000,0,0,0,0,0,1,486454312949
Measurement_interval(ms):,1000,0,0,0,0,0,1,486462310235
Measurement_interval(ms):,1000,0,0,0,0,0,1,486462310239
Measurement_interval(ms):,1000,0,0,0,0,0,1,486462310242
Measurement_interval(ms):,1000,0,0,0,0,0,1,486462310243
Measurement_interval(ms):,1000,0,0,0,0,0,1,486462310245
Measurement_interval(ms):,1000,0,0,0,0,0,1,486462310246
Measurement_interval(ms):,1000,0,0,0,0,0,1,486462310248
Measurement_interval(ms):,1000,0,0,0,0,0,1,486462310249
Measurement_interval(ms):,1000,0,0,0,0,0,1,486462310288
Measurement_interval(ms):,1000,0,0,0,0,0,1,486463929109
Measurement_interval(ms):,1000,0,0,0,0,0,1,486463929122
Measurement_interval(ms):,1000,2,0,0,0,0,1,486464869453
Measurement_interval(ms):,1000,278,6948,11743,0,0,1,486465765214
Measurement_interval(ms):,1000,312,6689,11495,0,0,1,486466765188
Measurement_interval(ms):,1000,314,6504,10999,0,0,1,486467765670
Measurement_interval(ms):,1000,312,6504,10999,0,0,1,486468765221
Measurement_interval(ms):,1000,314,6504,10999,0,0,1,486469765200
Measurement_interval(ms):,1000,312,6504,10999,0,0,1,486470765194
Measurement_interval(ms):,1000,314,6504,10999,0,0,1,486471766044
Measurement_interval(ms):,1000,312,6467,10999,0,0,1,486472765203
Measurement_interval(ms):,1000,314,6467,10999,0,0,1,486473765484
Measurement_interval(ms):,1000,312,6467,10999,0,0,1,486474765218
Measurement_interval(ms):,1000,314,6467,10999,0,0,1,486475765179
Measurement_interval(ms):,1000,314,6467,10999,0,0,1,486476765960
Measurement_interval(ms):,1000,312,6467,10937,0,0,1,486477766637
Measurement_interval(ms):,1000,312,6467,10937,0,0,1,486478765192
Measurement_interval(ms):,1000,314,6467,10937,0,0,1,486479766717
Measurement_interval(ms):,1000,312,6467,10937,0,0,1,486480765182
Measurement_interval(ms):,1000,314,6467,10937,0,0,1,486481765529
Measurement_interval(ms):,1000,312,6467,10937,0,0,1,486482765218
Measurement_interval(ms):,1000,314,6467,10937,0,0,1,486483765195
Measurement_interval(ms):,1000,314,6467,10937,0,0,1,486484766137
Measurement_interval(ms):,1000,312,6467,10937,0,0,1,486485765184
Measurement_interval(ms):,1000,314,6467,10937,0,0,1,486486765211
Measurement_interval(ms):,1000,312,6467,10937,0,0,1,486487765175
Measurement_interval(ms):,1000,314,6467,10937,0,0,1,486488765167
Measurement_interval(ms):,1000,314,6467,10937,0,0,1,486489765942
Measurement_interval(ms):,1000,312,6467,10937,0,0,1,486490765174
