Measurement_interval(ms):,1000,0,0,0,0,0,1,488310083174
Measurement_interval(ms):,1000,0,0,0,0,0,1,488317411996
Measurement_interval(ms):,1000,0,0,0,0,0,1,488317411998
Measurement_interval(ms):,1000,0,0,0,0,0,1,488317412007
Measurement_interval(ms):,1000,0,0,0,0,0,1,488317412008
Measurement_interval(ms):,1000,0,0,0,0,0,1,488317412009
Measurement_interval(ms):,1000,0,0,0,0,0,1,488317412009
Measurement_interval(ms):,1000,0,0,0,0,0,1,488317412050
Measurement_interval(ms):,1000,0,0,0,0,0,1,488317412051
Measurement_interval(ms):,1000,0,0,0,0,0,1,488319033696
Measurement_interval(ms):,1000,0,0,0,0,0,1,488319033707
Measurement_interval(ms):,1000,4,0,0,0,0,1,488319984796
Measurement_interval(ms):,1000,452,8414,14735,0,0,1,488320927694
Measurement_interval(ms):,1000,480,8414,14809,0,0,1,488321927702
Measurement_interval(ms):,1000,480,8414,14809,0,0,1,488322927686
Measurement_interval(ms):,1000,480,8414,14809,0,0,1,488323927676
Measurement_interval(ms):,1000,480,8414,14809,0,0,1,488324928111
Measurement_interval(ms):,1000,480,8414,14809,0,0,1,488325928636
Measurement_interval(ms):,1000,480,8414,14809,0,0,1,488326929454
Measurement_interval(ms):,1000,480,8372,14809,0,0,1,488327929676
Measurement_interval(ms):,1000,476,8372,14809,0,0,1,488328927682
Measurement_interval(ms):,1000,480,8372,14809,0,0,1,488329927716
Measurement_interval(ms):,1000,480,8372,14809,0,0,1,488330927724
Measurement_interval(ms):,1000,480,8372,14809,0,0,1,488331927678
Measurement_interval(ms):,1000,480,8372,14809,0,0,1,488332927699
Measurement_interval(ms):,1000,480,8372,14809,0,0,1,488333929289
Measurement_interval(ms):,1000,476,8414,14809,0,0,1,488334927706
Measurement_interval(ms):,1000,480,8372,14809,0,0,1,488335927707
Measurement_interval(ms):,1000,480,8372,14809,0,0,1,488336927690
Measurement_interval(ms):,1000,480,8372,14809,0,0,1,488337927693
Measurement_interval(ms):,1000,480,8372,14809,0,0,1,488338927686
Measurement_interval(ms):,1000,480,8372,14809,0,0,1,488339928252
Measurement_interval(ms):,1000,476,8372,14809,0,0,1,488340927711
Measurement_interval(ms):,1000,480,8372,14809,0,0,1,488341927690
Measurement_interval(ms):,1000,480,8372,14809,0,0,1,488342927682
Measurement_interval(ms):,1000,480,8372,14809,0,0,1,488343927715
Measurement_interval(ms):,1000,480,8372,14809,0,0,1,488344927693
Measurement_interval(ms):,1000,480,8372,14809,0,0,1,488345928167
Measurement_interval(ms):,1000,476,8372,14809,0,0,1,488346927699
Measurement_interval(ms):,1000,480,8372,14883,0,0,1,488347927721
Measurement_interval(ms):,1000,480,8372,14883,0,0,1,488348927682
Measurement_interval(ms):,1000,480,8372,14883,0,0,1,488349928024
Measurement_interval(ms):,1000,480,8372,14883,0,0,1,488350929665
Measurement_interval(ms):,1000,476,8372,14883,0,0,1,488351927711
