Measurement_interval(ms):,1000,0,0,0,0,0,1,489628329263
Measurement_interval(ms):,1000,0,0,0,0,0,1,489628329265
Measurement_interval(ms):,1000,0,0,0,0,0,1,489628329268
Measurement_interval(ms):,1000,0,0,0,0,0,1,489628329269
Measurement_interval(ms):,1000,0,0,0,0,0,1,489628329271
Measurement_interval(ms):,1000,0,0,0,0,0,1,489628329271
Measurement_interval(ms):,1000,0,0,0,0,0,1,489628329273
Measurement_interval(ms):,1000,0,0,0,0,0,1,489629970870
Measurement_interval(ms):,1000,16,0,0,0,0,1,489631038663
Measurement_interval(ms):,1000,48,0,0,0,0,1,489631098558
Measurement_interval(ms):,1000,752,0,0,0,0,1,489632098573
Measurement_interval(ms):,1000,752,0,0,0,0,1,489633098558
Measurement_interval(ms):,1000,752,21080,40167,0,0,1,489634098604
Measurement_interval(ms):,1000,768,21080,40167,0,0,1,489635100390
Measurement_interval(ms):,1000,752,21080,40167,0,0,1,489636098562
Measurement_interval(ms):,1000,752,21080,40167,0,0,1,489637098585
Measurement_interval(ms):,1000,752,21080,40569,0,0,1,489638098561
Measurement_interval(ms):,1000,752,21080,40569,0,0,1,489639098558
Measurement_interval(ms):,1000,752,21185,40569,0,0,1,489640098575
Measurement_interval(ms):,1000,752,21185,40569,0,0,1,489641098586
Measurement_interval(ms):,1000,752,21185,40569,0,0,1,489642098605
Measurement_interval(ms):,1000,752,21185,40569,0,0,1,489643098561
Measurement_interval(ms):,1000,752,21185,40368,0,0,1,489644098582
Measurement_interval(ms):,1000,768,21185,40368,0,0,1,489645098597
Measurement_interval(ms):,1000,752,21185,40368,0,0,1,489646098598
Measurement_interval(ms):,1000,752,21185,40368,0,0,1,489647098570
Measurement_interval(ms):,1000,752,21185,40368,0,0,1,489648098576
Measurement_interval(ms):,1000,752,21185,40368,0,0,1,489649098610
Measurement_interval(ms):,1000,752,21185,40368,0,0,1,489650098593
Measurement_interval(ms):,1000,752,21185,40368,0,0,1,489651098565
Measurement_interval(ms):,1000,752,21185,40368,0,0,1,489652098602
Measurement_interval(ms):,1000,768,21185,40368,0,0,1,489653098712
Measurement_interval(ms):,1000,752,21185,40368,0,0,1,489654098574
Measurement_interval(ms):,1000,752,21185,40368,0,0,1,489655098597
Measurement_interval(ms):,1000,752,21185,40368,0,0,1,489656098584
Measurement_interval(ms):,1000,752,21185,40368,0,0,1,489657098566
Measurement_interval(ms):,1000,752,21185,40368,0,0,1,489658098561
Measurement_interval(ms):,1000,752,21185,40368,0,0,1,489659098569
Measurement_interval(ms):,1000,768,21185,40368,0,0,1,489660099717
Measurement_interval(ms):,1000,752,21080,40368,0,0,1,489661098560
