Measurement_interval(ms):,1000,0,0,0,0,0,1,489141446316
Measurement_interval(ms):,1000,0,0,0,0,0,1,489145327942
Measurement_interval(ms):,1000,0,0,0,0,0,1,489145327944
Measurement_interval(ms):,1000,0,0,0,0,0,1,489145327947
Measurement_interval(ms):,1000,0,0,0,0,0,1,489145327947
Measurement_interval(ms):,1000,0,0,0,0,0,1,489145327949
Measurement_interval(ms):,1000,0,0,0,0,0,1,489146970209
Measurement_interval(ms):,1000,8,0,0,0,0,1,489147689943
Measurement_interval(ms):,1000,312,0,0,0,0,1,489148202193
Measurement_interval(ms):,1000,608,13501,24891,0,0,1,489149201219
Measurement_interval(ms):,1000,616,13501,24891,0,0,1,489150201664
Measurement_interval(ms):,1000,608,13501,24891,0,0,1,489151201235
Measurement_interval(ms):,1000,616,13501,24891,0,0,1,489152202353
Measurement_interval(ms):,1000,608,13501,24891,0,0,1,489153201192
Measurement_interval(ms):,1000,616,13501,24891,0,0,1,489154201915
Measurement_interval(ms):,1000,608,13501,24891,0,0,1,489155201219
Measurement_interval(ms):,1000,616,13501,24891,0,0,1,489156201669
Measurement_interval(ms):,1000,600,13501,24891,0,0,1,489157201200
Measurement_interval(ms):,1000,616,13501,24891,0,0,1,489158201242
Measurement_interval(ms):,1000,608,13501,24891,0,0,1,489159201225
Measurement_interval(ms):,1000,616,13501,24891,0,0,1,489160201203
Measurement_interval(ms):,1000,608,13501,24891,0,0,1,489161201224
Measurement_interval(ms):,1000,616,13501,24891,0,0,1,489162201219
Measurement_interval(ms):,1000,608,13501,24891,0,0,1,489163201191
Measurement_interval(ms):,1000,616,13501,24891,0,0,1,489164201194
Measurement_interval(ms):,1000,608,13501,24891,0,0,1,489165201224
Measurement_interval(ms):,1000,616,13501,24891,0,0,1,489166201223
Measurement_interval(ms):,1000,608,13501,24891,0,0,1,489167201231
Measurement_interval(ms):,1000,616,13501,24891,0,0,1,489168201211
Measurement_interval(ms):,1000,608,13431,24891,0,0,1,489169201203
Measurement_interval(ms):,1000,616,13291,24762,0,0,1,489170201191
Measurement_interval(ms):,1000,608,13291,24762,0,0,1,489171201209
Measurement_interval(ms):,1000,616,13221,24633,0,0,1,489172201847
Measurement_interval(ms):,1000,608,13151,24375,0,0,1,489173201229
Measurement_interval(ms):,1000,608,13151,24375,0,0,1,489174201221
Measurement_interval(ms):,1000,616,13151,24375,0,0,1,489175201218
Measurement_interval(ms):,1000,608,13151,24375,0,0,1,489176201218
Measurement_interval(ms):,1000,616,13151,24375,0,0,1,489177201240
Measurement_interval(ms):,1000,608,13151,24375,0,0,1,489178201204
Measurement_interval(ms):,1000,616,13151,24375,0,0,1,489179201197
Measurement_interval(ms):,1000,608,13151,24375,0,0,1,489180201222
Measurement_interval(ms):,1000,616,13151,24375,0,0,1,489181201206
Measurement_interval(ms):,1000,608,13151,24375,0,0,1,489182201203
