Measurement_interval(ms):,1000,0,0,0,0,0,1,490520650952
Measurement_interval(ms):,1000,0,0,0,0,0,1,490520650954
Measurement_interval(ms):,1000,0,0,0,0,0,1,490520650957
Measurement_interval(ms):,1000,0,0,0,0,0,1,490520650958
Measurement_interval(ms):,1000,0,0,0,0,0,1,490520650959
Measurement_interval(ms):,1000,0,0,0,0,0,1,490520650959
Measurement_interval(ms):,1000,0,0,0,0,0,1,490522321628
Measurement_interval(ms):,1000,32,0,0,0,0,1,490523473317
Measurement_interval(ms):,1000,0,0,0,0,0,1,490523473319
Measurement_interval(ms):,1000,736,0,0,0,0,1,490524416828
Measurement_interval(ms):,1000,768,0,0,0,0,1,490525416839
Measurement_interval(ms):,1000,768,0,0,0,0,1,490526416807
Measurement_interval(ms):,1000,768,0,0,0,0,1,490527416831
Measurement_interval(ms):,1000,800,39538,78647,0,0,1,490528416794
Measurement_interval(ms):,1000,768,39538,78647,0,0,1,490529416792
Measurement_interval(ms):,1000,768,39538,78647,0,0,1,490530416830
Measurement_interval(ms):,1000,768,39538,78647,0,0,1,490531416793
Measurement_interval(ms):,1000,768,39538,78647,0,0,1,490532416814
Measurement_interval(ms):,1000,768,39538,78647,0,0,1,490533416842
Measurement_interval(ms):,1000,768,39538,78647,0,0,1,490534416817
Measurement_interval(ms):,1000,800,39538,78647,0,0,1,490535417759
Measurement_interval(ms):,1000,768,39538,78647,0,0,1,490536416836
Measurement_interval(ms):,1000,768,39538,78647,0,0,1,490537416814
Measurement_interval(ms):,1000,768,39538,78647,0,0,1,490538416797
Measurement_interval(ms):,1000,768,39538,78647,0,0,1,490539416818
Measurement_interval(ms):,1000,768,39538,78647,0,0,1,490540416847
Measurement_interval(ms):,1000,768,39538,78647,0,0,1,490541416843
Measurement_interval(ms):,1000,800,39538,78647,0,0,1,490542417416
Measurement_interval(ms):,1000,768,39538,78647,0,0,1,490543416807
Measurement_interval(ms):,1000,768,39538,78647,0,0,1,490544416834
Measurement_interval(ms):,1000,768,39735,79040,0,0,1,490545416832
Measurement_interval(ms):,1000,768,39735,79040,0,0,1,490546416835
Measurement_interval(ms):,1000,768,39735,79040,0,0,1,490547416821
Measurement_interval(ms):,1000,768,39735,79040,0,0,1,490548416806
Measurement_interval(ms):,1000,800,39538,79040,0,0,1,490549416845
Measurement_interval(ms):,1000,768,39538,79040,0,0,1,490550416832
Measurement_interval(ms):,1000,768,39538,79040,0,0,1,490551416809
Measurement_interval(ms):,1000,768,39538,79040,0,0,1,490552416810
Measurement_interval(ms):,1000,768,39735,79040,0,0,1,490553416819
Measurement_interval(ms):,1000,768,39735,79040,0,0,1,490554416810
Measurement_interval(ms):,1000,768,39735,79040,0,0,1,490555416857
Measurement_interval(ms):,1000,800,39735,79040,0,0,1,490556416818
Measurement_interval(ms):,1000,768,39735,79040,0,0,1,490557416818
