Measurement_interval(ms):,1000,0,0,0,0,0,1,481267769961
Measurement_interval(ms):,1000,0,0,0,0,0,1,481267769964
Measurement_interval(ms):,1000,0,0,0,0,0,1,481267769966
Measurement_interval(ms):,1000,0,0,0,0,0,1,481267769967
Measurement_interval(ms):,1000,0,0,0,0,0,1,481267769969
Measurement_interval(ms):,1000,0,0,0,0,0,1,481267769970
Measurement_interval(ms):,1000,0,0,0,0,0,1,481267769971
Measurement_interval(ms):,1000,0,0,0,0,0,1,481267769972
Measurement_interval(ms):,1000,0,0,0,0,0,1,481269388528
Measurement_interval(ms):,1000,0,0,0,0,0,1,481269388541
Measurement_interval(ms):,1000,1,0,0,0,0,1,481270329384
Measurement_interval(ms):,1000,143,6081,9976,0,0,1,481271124269
Measurement_interval(ms):,1000,181,6017,9922,0,0,1,481272123395
Measurement_interval(ms):,1000,182,5633,9490,0,0,1,481273123401
Measurement_interval(ms):,1000,182,5633,9220,0,0,1,481274123362
Measurement_interval(ms):,1000,182,5633,9220,0,0,1,481275123360
Measurement_interval(ms):,1000,182,5569,9166,0,0,1,481276124042
Measurement_interval(ms):,1000,181,5569,9166,0,0,1,481277123400
Measurement_interval(ms):,1000,182,5569,9166,0,0,1,481278123402
Measurement_interval(ms):,1000,182,5569,9166,0,0,1,481279124421
Measurement_interval(ms):,1000,181,5569,9166,0,0,1,481280123384
Measurement_interval(ms):,1000,182,5569,9166,0,0,1,481281123368
Measurement_interval(ms):,1000,181,5569,9166,0,0,1,481282123361
Measurement_interval(ms):,1000,182,5569,9166,0,0,1,481283123393
Measurement_interval(ms):,1000,182,5569,9166,0,0,1,481284123402
Measurement_interval(ms):,1000,182,5569,9166,0,0,1,481285124161
Measurement_interval(ms):,1000,181,5569,9166,0,0,1,481286123389
Measurement_interval(ms):,1000,182,5569,9166,0,0,1,481287123367
Measurement_interval(ms):,1000,182,5569,9166,0,0,1,481288123358
Measurement_interval(ms):,1000,182,5569,9166,0,0,1,481289124681
Measurement_interval(ms):,1000,181,5569,9166,0,0,1,481290123382
Measurement_interval(ms):,1000,182,5569,9166,0,0,1,481291123359
Measurement_interval(ms):,1000,182,5569,9166,0,0,1,481292123405
Measurement_interval(ms):,1000,182,5569,9166,0,0,1,481293124069
Measurement_interval(ms):,1000,181,5569,9166,0,0,1,481294123369
Measurement_interval(ms):,1000,182,5569,9166,0,0,1,481295123397
Measurement_interval(ms):,1000,182,5569,9166,0,0,1,481296123379
Measurement_interval(ms):,1000,181,5569,9166,0,0,1,481297124886
Measurement_interval(ms):,1000,181,5569,9166,0,0,1,481298123367
Measurement_interval(ms):,1000,182,5569,9166,0,0,1,481299123378
Measurement_interval(ms):,1000,182,5569,9166,0,0,1,481300123474
Measurement_interval(ms):,1000,182,5569,9166,0,0,1,481301124353
Measurement_interval(ms):,1000,182,5569,9166,0,0,1,481302125260
Measurement_interval(ms):,1000,181,5569,9166,0,0,1,481303123405
Measurement_interval(ms):,1000,182,5569,9166,0,0,1,481304123374
Measurement_interval(ms):,1000,182,5569,9166,0,0,1,481305123402
