Measurement_interval(ms):,1000,0,0,0,0,0,1,585263143168
Measurement_interval(ms):,1000,0,0,0,0,0,1,585285331337
Measurement_interval(ms):,1000,0,0,0,0,0,1,585285331340
Measurement_interval(ms):,1000,0,0,0,0,0,1,585285331342
Measurement_interval(ms):,1000,0,0,0,0,0,1,585285331343
Measurement_interval(ms):,1000,0,0,0,0,0,1,585285331344
Measurement_interval(ms):,1000,0,0,0,0,0,1,585285331345
Measurement_interval(ms):,1000,0,0,0,0,0,1,585285331346
Measurement_interval(ms):,1000,0,0,0,0,0,1,585285331347
Measurement_interval(ms):,1000,0,0,0,0,0,1,585285331390
Measurement_interval(ms):,1000,0,0,0,0,0,1,585285331391
Measurement_interval(ms):,1000,0,0,0,0,0,1,585285331393
Measurement_interval(ms):,1000,0,0,0,0,0,1,585285331393
Measurement_interval(ms):,1000,0,0,0,0,0,1,585285331395
Measurement_interval(ms):,1000,0,0,0,0,0,1,585285331396
Measurement_interval(ms):,1000,0,0,0,0,0,1,585285331397
Measurement_interval(ms):,1000,0,0,0,0,0,1,585285331398
Measurement_interval(ms):,1000,0,0,0,0,0,1,585285331399
Measurement_interval(ms):,1000,0,0,0,0,0,1,585285331400
Measurement_interval(ms):,1000,0,0,0,0,0,1,585285331444
Measurement_interval(ms):,1000,0,0,0,0,0,1,585285331445
Measurement_interval(ms):,1000,0,0,0,0,0,1,585285331447
Measurement_interval(ms):,1000,0,0,0,0,0,1,585285331448
Measurement_interval(ms):,1000,0,0,0,0,0,1,585285331450
Measurement_interval(ms):,1000,0,0,0,0,0,1,585287038474
Measurement_interval(ms):,1000,32,0,0,0,0,1,585288037061
Measurement_interval(ms):,1000,32,0,0,0,0,1,585288096659
Measurement_interval(ms):,1000,544,0,0,0,0,1,585289096620
Measurement_interval(ms):,1000,576,0,0,0,0,1,585290096634
Measurement_interval(ms):,1000,544,0,0,0,0,1,585291096657
Measurement_interval(ms):,1000,544,0,0,0,0,1,585292096614
Measurement_interval(ms):,1000,544,0,0,0,0,1,585293096650
Measurement_interval(ms):,1000,544,0,0,0,0,1,585294096660
Measurement_interval(ms):,1000,544,56499,114128,0,0,1,585295096624
Measurement_interval(ms):,1000,576,56499,114128,0,0,1,585296096648
Measurement_interval(ms):,1000,544,56499,114128,0,0,1,585297096623
Measurement_interval(ms):,1000,544,56499,114128,0,0,1,585298096648
Measurement_interval(ms):,1000,544,56499,114128,0,0,1,585299096634
Measurement_interval(ms):,1000,544,56499,114128,0,0,1,585300096615
Measurement_interval(ms):,1000,544,56499,114128,0,0,1,585301096626
Measurement_interval(ms):,1000,576,56499,114128,0,0,1,585302096647
Measurement_interval(ms):,1000,544,56499,114128,0,0,1,585303096623
Measurement_interval(ms):,1000,544,56499,114128,0,0,1,585304096643
Measurement_interval(ms):,1000,544,56499,114128,0,0,1,585305096621
Measurement_interval(ms):,1000,544,56499,114128,0,0,1,585306096616
Measurement_interval(ms):,1000,576,56499,114128,0,0,1,585307096839
Measurement_interval(ms):,1000,544,56499,114128,0,0,1,585308096625
Measurement_interval(ms):,1000,544,56499,114128,0,0,1,585309096614
Measurement_interval(ms):,1000,544,56499,114128,0,0,1,585310096629
Measurement_interval(ms):,1000,544,56499,114128,0,0,1,585311096648
Measurement_interval(ms):,1000,544,56499,114128,0,0,1,585312096627
Measurement_interval(ms):,1000,576,56499,114128,0,0,1,585313096630
Measurement_interval(ms):,1000,544,56499,114128,0,0,1,585314096629
Measurement_interval(ms):,1000,544,56499,114128,0,0,1,585315096612
Measurement_interval(ms):,1000,544,56499,114128,0,0,1,585316096620
Measurement_interval(ms):,1000,544,56499,114128,0,0,1,585317096639
Measurement_interval(ms):,1000,576,56499,114128,0,0,1,585318096621
Measurement_interval(ms):,1000,544,56499,114128,0,0,1,585319096628
Measurement_interval(ms):,1000,544,56499,114128,0,0,1,585320096640
Measurement_interval(ms):,1000,544,56499,114128,0,0,1,585321096633
Measurement_interval(ms):,1000,544,56499,114128,0,0,1,585322096612
Measurement_interval(ms):,1000,544,56499,114128,0,0,1,585323096611
Measurement_interval(ms):,1000,576,56499,114128,0,0,1,585324096640
Measurement_interval(ms):,1000,544,56499,114128,0,0,1,585325096638
Measurement_interval(ms):,1000,544,56499,114128,0,0,1,585326096649
Measurement_interval(ms):,1000,544,56499,114128,0,0,1,585327096649
Measurement_interval(ms):,1000,544,56499,114128,0,0,1,585328096627
Measurement_interval(ms):,1000,576,56499,114128,0,0,1,585329096755
Measurement_interval(ms):,1000,544,56499,114128,0,0,1,585330096635
Measurement_interval(ms):,1000,544,56499,114128,0,0,1,585331096633
Measurement_interval(ms):,1000,544,56499,114128,0,0,1,585332096642
Measurement_interval(ms):,1000,544,56499,114128,0,0,1,585333096611
Measurement_interval(ms):,1000,544,56499,114128,0,0,1,585334096637
Measurement_interval(ms):,1000,576,56499,114128,0,0,1,585335096656
Measurement_interval(ms):,1000,544,56499,114128,0,0,1,585336096658
Measurement_interval(ms):,1000,544,56499,114128,0,0,1,585337096635
Measurement_interval(ms):,1000,544,56499,114128,0,0,1,585338096610
Measurement_interval(ms):,1000,544,56499,114128,0,0,1,585339096643
Measurement_interval(ms):,1000,576,56499,114128,0,0,1,585340096650
Measurement_interval(ms):,1000,544,56499,114128,0,0,1,585341096639
Measurement_interval(ms):,1000,544,56499,114128,0,0,1,585342096634
