Measurement_interval(ms):,1000,0,0,0,0,0,1,584199273745
Measurement_interval(ms):,1000,0,0,0,0,0,1,584203485833
Measurement_interval(ms):,1000,0,0,0,0,0,1,584203485835
Measurement_interval(ms):,1000,0,0,0,0,0,1,584203485837
Measurement_interval(ms):,1000,0,0,0,0,0,1,584203485838
Measurement_interval(ms):,1000,0,0,0,0,0,1,584203485840
Measurement_interval(ms):,1000,0,0,0,0,0,1,584205124966
Measurement_interval(ms):,1000,16,0,0,0,0,1,584206293391
Measurement_interval(ms):,1000,0,0,0,0,0,1,584206293394
Measurement_interval(ms):,1000,496,0,0,0,0,1,584207230963
Measurement_interval(ms):,1000,544,0,0,0,0,1,584208230980
Measurement_interval(ms):,1000,528,0,0,0,0,1,584209230987
Measurement_interval(ms):,1000,528,30032,59108,0,0,1,584210230950
Measurement_interval(ms):,1000,544,30032,59108,0,0,1,584211230963
Measurement_interval(ms):,1000,528,30032,59108,0,0,1,584212230977
Measurement_interval(ms):,1000,528,29882,59108,0,0,1,584213230993
Measurement_interval(ms):,1000,544,29882,59108,0,0,1,584214230957
Measurement_interval(ms):,1000,528,29882,59108,0,0,1,584215230965
Measurement_interval(ms):,1000,528,29882,59108,0,0,1,584216230950
Measurement_interval(ms):,1000,544,29882,59108,0,0,1,584217230987
Measurement_interval(ms):,1000,528,29882,59108,0,0,1,584218230993
Measurement_interval(ms):,1000,528,29882,59108,0,0,1,584219230994
Measurement_interval(ms):,1000,544,29882,59108,0,0,1,584220230976
Measurement_interval(ms):,1000,528,29882,59108,0,0,1,584221230947
Measurement_interval(ms):,1000,528,29882,59108,0,0,1,584222230947
Measurement_interval(ms):,1000,544,29882,59108,0,0,1,584223230974
Measurement_interval(ms):,1000,528,29882,59108,0,0,1,584224230965
Measurement_interval(ms):,1000,528,29882,59108,0,0,1,584225230969
Measurement_interval(ms):,1000,544,29882,59108,0,0,1,584226230949
Measurement_interval(ms):,1000,528,29882,59108,0,0,1,584227230960
Measurement_interval(ms):,1000,528,29882,59108,0,0,1,584228230952
Measurement_interval(ms):,1000,544,29882,59108,0,0,1,584229230993
Measurement_interval(ms):,1000,528,29882,59108,0,0,1,584230230963
Measurement_interval(ms):,1000,528,29882,59108,0,0,1,584231230976
Measurement_interval(ms):,1000,544,29882,59108,0,0,1,584232230995
Measurement_interval(ms):,1000,528,29882,59108,0,0,1,584233230982
Measurement_interval(ms):,1000,528,29882,59108,0,0,1,584234230950
Measurement_interval(ms):,1000,544,29882,59108,0,0,1,584235230974
Measurement_interval(ms):,1000,528,29882,59108,0,0,1,584236230962
Measurement_interval(ms):,1000,528,29882,59108,0,0,1,584237230972
