Measurement_interval(ms):,1000,0,0,0,0,0,1,574693954641
Measurement_interval(ms):,1000,0,0,0,0,0,1,574702434449
Measurement_interval(ms):,1000,0,0,0,0,0,1,574702434451
Measurement_interval(ms):,1000,0,0,0,0,0,1,574702434453
Measurement_interval(ms):,1000,0,0,0,0,0,1,574702434454
Measurement_interval(ms):,1000,0,0,0,0,0,1,574702434456
Measurement_interval(ms):,1000,0,0,0,0,0,1,574702434457
Measurement_interval(ms):,1000,0,0,0,0,0,1,574702434458
Measurement_interval(ms):,1000,0,0,0,0,0,1,574702434459
Measurement_interval(ms):,1000,0,0,0,0,0,1,574702434460
Measurement_interval(ms):,1000,0,0,0,0,0,1,574704006076
Measurement_interval(ms):,1000,0,0,0,0,0,1,574704006079
Measurement_interval(ms):,1000,86,0,0,0,0,1,574704952528
Measurement_interval(ms):,1000,232,9046,17332,0,0,1,574705952497
Measurement_interval(ms):,1000,232,9046,17332,0,0,1,574706952508
Measurement_interval(ms):,1000,232,9046,17332,0,0,1,574707952520
Measurement_interval(ms):,1000,234,9046,17332,0,0,1,574708952497
Measurement_interval(ms):,1000,232,9046,17332,0,0,1,574709952502
Measurement_interval(ms):,1000,232,9046,17332,0,0,1,574710952516
Measurement_interval(ms):,1000,234,9046,17332,0,0,1,574711952524
Measurement_interval(ms):,1000,232,9046,17332,0,0,1,574712952509
Measurement_interval(ms):,1000,232,9046,17332,0,0,1,574713952497
Measurement_interval(ms):,1000,234,9046,17332,0,0,1,574714953119
Measurement_interval(ms):,1000,232,9046,17332,0,0,1,574715952528
Measurement_interval(ms):,1000,232,9046,17332,0,0,1,574716952503
Measurement_interval(ms):,1000,234,9046,17332,0,0,1,574717952504
Measurement_interval(ms):,1000,232,8858,17152,0,0,1,574718952494
Measurement_interval(ms):,1000,232,8811,16792,0,0,1,574719952542
Measurement_interval(ms):,1000,234,8717,16792,0,0,1,574720952511
Measurement_interval(ms):,1000,232,8717,16792,0,0,1,574721952533
Measurement_interval(ms):,1000,232,8717,16792,0,0,1,574722952511
Measurement_interval(ms):,1000,234,8717,16792,0,0,1,574723952505
Measurement_interval(ms):,1000,232,8717,16792,0,0,1,574724952537
Measurement_interval(ms):,1000,234,8717,16792,0,0,1,574725953023
Measurement_interval(ms):,1000,232,8717,16792,0,0,1,574726952534
Measurement_interval(ms):,1000,232,8717,16792,0,0,1,574727952505
Measurement_interval(ms):,1000,232,8717,16792,0,0,1,574728952534
Measurement_interval(ms):,1000,234,8717,16792,0,0,1,574729952545
Measurement_interval(ms):,1000,232,8717,16792,0,0,1,574730952536
Measurement_interval(ms):,1000,234,8717,16792,0,0,1,574731952701
Measurement_interval(ms):,1000,232,8717,16792,0,0,1,574732952523
Measurement_interval(ms):,1000,232,8717,16792,0,0,1,574733952507
Measurement_interval(ms):,1000,234,8717,16792,0,0,1,574734952498
Measurement_interval(ms):,1000,232,8717,16792,0,0,1,574735952547
Measurement_interval(ms):,1000,232,8717,16792,0,0,1,574736952509
