Measurement_interval(ms):,1000,0,0,0,0,0,1,573950134565
Measurement_interval(ms):,1000,0,0,0,0,0,1,573955269773
Measurement_interval(ms):,1000,0,0,0,0,0,1,573955269775
Measurement_interval(ms):,1000,0,0,0,0,0,1,573955269778
Measurement_interval(ms):,1000,0,0,0,0,0,1,573955269779
Measurement_interval(ms):,1000,0,0,0,0,0,1,573955269780
Measurement_interval(ms):,1000,0,0,0,0,0,1,573955269781
Measurement_interval(ms):,1000,0,0,0,0,0,1,573956843902
Measurement_interval(ms):,1000,1,0,0,0,0,1,573957416352
Measurement_interval(ms):,1000,126,5768,10894,0,0,1,573958111626
Measurement_interval(ms):,1000,186,5768,10894,0,0,1,573959111666
Measurement_interval(ms):,1000,185,5768,10836,0,0,1,573960111651
Measurement_interval(ms):,1000,185,5768,10836,0,0,1,573961111660
Measurement_interval(ms):,1000,186,5768,10836,0,0,1,573962111652
Measurement_interval(ms):,1000,186,5768,10836,0,0,1,573963111621
Measurement_interval(ms):,1000,185,5768,10836,0,0,1,573964111623
Measurement_interval(ms):,1000,186,5768,10836,0,0,1,573965111626
Measurement_interval(ms):,1000,186,5768,10836,0,0,1,573966111637
Measurement_interval(ms):,1000,186,5768,10836,0,0,1,573967111667
Measurement_interval(ms):,1000,186,5768,10836,0,0,1,573968112235
Measurement_interval(ms):,1000,185,5738,10836,0,0,1,573969111628
Measurement_interval(ms):,1000,186,5738,10836,0,0,1,573970111655
Measurement_interval(ms):,1000,186,5738,10836,0,0,1,573971111624
Measurement_interval(ms):,1000,185,5738,10778,0,0,1,573972111623
Measurement_interval(ms):,1000,186,5708,10778,0,0,1,573973111667
Measurement_interval(ms):,1000,186,5708,10778,0,0,1,573974111647
Measurement_interval(ms):,1000,186,5708,10720,0,0,1,573975111635
Measurement_interval(ms):,1000,185,5618,10546,0,0,1,573976111657
Measurement_interval(ms):,1000,186,5468,10546,0,0,1,573977111640
Measurement_interval(ms):,1000,186,5468,10546,0,0,1,573978111640
Measurement_interval(ms):,1000,186,5468,10314,0,0,1,573979111668
Measurement_interval(ms):,1000,186,5468,10314,0,0,1,573980111668
Measurement_interval(ms):,1000,186,5468,10256,0,0,1,573981111630
Measurement_interval(ms):,1000,186,5468,10256,0,0,1,573982111630
Measurement_interval(ms):,1000,186,5468,10256,0,0,1,573983111667
Measurement_interval(ms):,1000,186,5468,10256,0,0,1,573984111677
Measurement_interval(ms):,1000,186,5468,10256,0,0,1,573985111674
Measurement_interval(ms):,1000,186,5468,10256,0,0,1,573986111643
Measurement_interval(ms):,1000,185,5468,10256,0,0,1,573987111631
Measurement_interval(ms):,1000,186,5468,10256,0,0,1,573988111636
Measurement_interval(ms):,1000,186,5468,10256,0,0,1,573989111637
Measurement_interval(ms):,1000,186,5468,10256,0,0,1,573990111649
Measurement_interval(ms):,1000,186,5468,10256,0,0,1,573991111662
Measurement_interval(ms):,1000,186,5468,10256,0,0,1,573992111641
Measurement_interval(ms):,1000,186,5468,10256,0,0,1,573993111667
Measurement_interval(ms):,1000,186,5468,10256,0,0,1,573994111658
Measurement_interval(ms):,1000,186,5468,10256,0,0,1,573995111653
