Measurement_interval(ms):,1000,0,0,0,0,0,1,575559440697
Measurement_interval(ms):,1000,0,0,0,0,0,1,575575944784
Measurement_interval(ms):,1000,0,0,0,0,0,1,575575944786
Measurement_interval(ms):,1000,0,0,0,0,0,1,575575944789
Measurement_interval(ms):,1000,0,0,0,0,0,1,575575944790
Measurement_interval(ms):,1000,0,0,0,0,0,1,575575944792
Measurement_interval(ms):,1000,0,0,0,0,0,1,575575944793
Measurement_interval(ms):,1000,0,0,0,0,0,1,575575944836
Measurement_interval(ms):,1000,0,0,0,0,0,1,575575944837
Measurement_interval(ms):,1000,0,0,0,0,0,1,575575944839
Measurement_interval(ms):,1000,0,0,0,0,0,1,575575944840
Measurement_interval(ms):,1000,0,0,0,0,0,1,575575944841
Measurement_interval(ms):,1000,0,0,0,0,0,1,575575944842
Measurement_interval(ms):,1000,0,0,0,0,0,1,575575944892
Measurement_interval(ms):,1000,0,0,0,0,0,1,575575944893
Measurement_interval(ms):,1000,0,0,0,0,0,1,575575944895
Measurement_interval(ms):,1000,0,0,0,0,0,1,575575944896
Measurement_interval(ms):,1000,0,0,0,0,0,1,575575944898
Measurement_interval(ms):,1000,0,0,0,0,0,1,575577535040
Measurement_interval(ms):,1000,0,0,0,0,0,1,575577535043
Measurement_interval(ms):,1000,68,0,0,0,0,1,575578412540
Measurement_interval(ms):,1000,276,0,0,0,0,1,575579412545
Measurement_interval(ms):,1000,280,15168,29554,0,0,1,575580412517
Measurement_interval(ms):,1000,276,15168,29554,0,0,1,575581412557
Measurement_interval(ms):,1000,280,15168,29554,0,0,1,575582412518
Measurement_interval(ms):,1000,276,15168,29554,0,0,1,575583412540
Measurement_interval(ms):,1000,276,14700,29092,0,0,1,575584412512
Measurement_interval(ms):,1000,280,14700,29092,0,0,1,575585412561
Measurement_interval(ms):,1000,276,14622,28476,0,0,1,575586412534
Measurement_interval(ms):,1000,276,14622,28476,0,0,1,575587412537
Measurement_interval(ms):,1000,280,14622,28476,0,0,1,575588412539
Measurement_interval(ms):,1000,276,14622,28476,0,0,1,575589412558
Measurement_interval(ms):,1000,276,14622,28476,0,0,1,575590412528
Measurement_interval(ms):,1000,280,14622,28476,0,0,1,575591412536
Measurement_interval(ms):,1000,276,14622,28476,0,0,1,575592412545
Measurement_interval(ms):,1000,276,14544,28476,0,0,1,575593412534
Measurement_interval(ms):,1000,280,14544,28476,0,0,1,575594412528
Measurement_interval(ms):,1000,276,14544,28476,0,0,1,575595412534
Measurement_interval(ms):,1000,276,14544,28476,0,0,1,575596412521
Measurement_interval(ms):,1000,280,14544,28476,0,0,1,575597412567
Measurement_interval(ms):,1000,276,14544,28476,0,0,1,575598412536
Measurement_interval(ms):,1000,280,14544,28476,0,0,1,575599413018
Measurement_interval(ms):,1000,276,14544,28476,0,0,1,575600412544
Measurement_interval(ms):,1000,276,14544,28476,0,0,1,575601412575
Measurement_interval(ms):,1000,280,14544,28476,0,0,1,575602412715
Measurement_interval(ms):,1000,276,14544,28476,0,0,1,575603412573
Measurement_interval(ms):,1000,276,14544,28476,0,0,1,575604412560
Measurement_interval(ms):,1000,280,14544,28476,0,0,1,575605412545
Measurement_interval(ms):,1000,276,14544,28322,0,0,1,575606412547
Measurement_interval(ms):,1000,276,14544,28322,0,0,1,575607412540
Measurement_interval(ms):,1000,280,14544,28322,0,0,1,575608412857
Measurement_interval(ms):,1000,276,14544,28322,0,0,1,575609412540
Measurement_interval(ms):,1000,276,14544,28322,0,0,1,575610412575
Measurement_interval(ms):,1000,280,14544,28322,0,0,1,575611413016
Measurement_interval(ms):,1000,276,14544,28322,0,0,1,575612412542
Measurement_interval(ms):,1000,276,14544,28322,0,0,1,575613412545
Measurement_interval(ms):,1000,276,14544,28322,0,0,1,575614412557
Measurement_interval(ms):,1000,280,14544,28322,0,0,1,575615412585
Measurement_interval(ms):,1000,276,14544,28322,0,0,1,575616412566
Measurement_interval(ms):,1000,280,14544,28322,0,0,1,575617412565
Measurement_interval(ms):,1000,276,14544,28322,0,0,1,575618412547
Measurement_interval(ms):,1000,276,14544,28322,0,0,1,575619412587
Measurement_interval(ms):,1000,280,14544,28322,0,0,1,575620412576
Measurement_interval(ms):,1000,276,14544,28322,0,0,1,575621412571
