Measurement_interval(ms):,1000,0,0,0,0,0,1,499427564211
Measurement_interval(ms):,1000,0,0,0,0,0,1,499432319903
Measurement_interval(ms):,1000,0,0,0,0,0,1,499432319905
Measurement_interval(ms):,1000,0,0,0,0,0,1,499432319908
Measurement_interval(ms):,1000,0,0,0,0,0,1,499432319909
Measurement_interval(ms):,1000,0,0,0,0,0,1,499433886949
Measurement_interval(ms):,1000,0,0,0,0,0,1,499433886952
Measurement_interval(ms):,1000,628,2012,14711,0,0,1,499434503544
Measurement_interval(ms):,1000,1146,1913,9011,0,0,1,499435503563
Measurement_interval(ms):,1000,1146,1902,5261,0,0,1,499436503804
Measurement_interval(ms):,1000,1146,1902,4361,0,0,1,499437503570
Measurement_interval(ms):,1000,1144,1891,3461,0,0,1,499438503579
Measurement_interval(ms):,1000,1146,1803,3161,0,0,1,499439503557
Measurement_interval(ms):,1000,1146,1803,3161,0,0,1,499440503532
Measurement_interval(ms):,1000,1146,1803,3161,0,0,1,499441503574
Measurement_interval(ms):,1000,1146,1803,3161,0,0,1,499442503533
Measurement_interval(ms):,1000,1144,1803,3161,0,0,1,499443503704
Measurement_interval(ms):,1000,1146,1803,3161,0,0,1,499444503927
Measurement_interval(ms):,1000,1146,1803,3161,0,0,1,499445503777
Measurement_interval(ms):,1000,1146,1803,3161,0,0,1,499446503659
Measurement_interval(ms):,1000,1144,1803,3161,0,0,1,499447503537
Measurement_interval(ms):,1000,1146,1803,3161,0,0,1,499448503584
Measurement_interval(ms):,1000,1146,1803,3161,0,0,1,499449503554
Measurement_interval(ms):,1000,1146,1803,3161,0,0,1,499450503538
Measurement_interval(ms):,1000,1146,1803,3161,0,0,1,499451503784
Measurement_interval(ms):,1000,1146,1803,3161,0,0,1,499452503572
Measurement_interval(ms):,1000,1146,1803,3161,0,0,1,499453503557
Measurement_interval(ms):,1000,1146,1803,3161,0,0,1,499454503589
Measurement_interval(ms):,1000,1146,1803,3161,0,0,1,499455503966
Measurement_interval(ms):,1000,1146,1803,3161,0,0,1,499456503714
Measurement_interval(ms):,1000,1146,1803,3161,0,0,1,499457503550
Measurement_interval(ms):,1000,1146,1803,3161,0,0,1,499458503558
Measurement_interval(ms):,1000,1146,1792,3161,0,0,1,499459503560
Measurement_interval(ms):,1000,1146,1792,3161,0,0,1,499460503572
Measurement_interval(ms):,1000,1146,1792,3161,0,0,1,499461503573
Measurement_interval(ms):,1000,1146,1792,3161,0,0,1,499462503558
Measurement_interval(ms):,1000,1146,1792,3161,0,0,1,499463503548
Measurement_interval(ms):,1000,1148,1792,3161,0,0,1,499464503767
Measurement_interval(ms):,1000,1146,1792,3161,0,0,1,499465503546
Measurement_interval(ms):,1000,1144,1792,3161,0,0,1,499466504030
Measurement_interval(ms):,1000,1146,1792,3161,0,0,1,499467503926
