Measurement_interval(ms):,1000,0,0,0,0,0,1,500235551522
Measurement_interval(ms):,1000,0,0,0,0,0,1,500241665135
Measurement_interval(ms):,1000,0,0,0,0,0,1,500241665136
Measurement_interval(ms):,1000,0,0,0,0,0,1,500241665139
Measurement_interval(ms):,1000,0,0,0,0,0,1,500241665139
Measurement_interval(ms):,1000,0,0,0,0,0,1,500241665141
Measurement_interval(ms):,1000,0,0,0,0,0,1,500241665142
Measurement_interval(ms):,1000,0,0,0,0,0,1,500243251072
Measurement_interval(ms):,1000,292,0,0,0,0,1,500243496962
Measurement_interval(ms):,1000,1644,2605,8684,0,0,1,500244496435
Measurement_interval(ms):,1000,1640,2575,7244,0,0,1,500245496413
Measurement_interval(ms):,1000,1636,2560,7004,0,0,1,500246496388
Measurement_interval(ms):,1000,1644,2560,6444,0,0,1,500247496387
Measurement_interval(ms):,1000,1644,2560,6044,0,0,1,500248496435
Measurement_interval(ms):,1000,1640,2545,5724,0,0,1,500249496424
Measurement_interval(ms):,1000,1640,2545,5564,0,0,1,500250496396
Measurement_interval(ms):,1000,1640,2545,5404,0,0,1,500251496817
Measurement_interval(ms):,1000,1640,2545,4684,0,0,1,500252496392
Measurement_interval(ms):,1000,1636,2545,4604,0,0,1,500253496393
Measurement_interval(ms):,1000,1640,2545,4604,0,0,1,500254496412
Measurement_interval(ms):,1000,1640,2545,4604,0,0,1,500255496376
Measurement_interval(ms):,1000,1640,2545,4604,0,0,1,500256496393
Measurement_interval(ms):,1000,1608,2545,4604,0,0,1,500257496403
Measurement_interval(ms):,1000,1640,2545,4604,0,0,1,500258496391
Measurement_interval(ms):,1000,1640,2425,4604,0,0,1,500259496926
Measurement_interval(ms):,1000,1636,2425,4364,0,0,1,500260496385
Measurement_interval(ms):,1000,1640,2425,4364,0,0,1,500261496552
Measurement_interval(ms):,1000,1636,2425,4364,0,0,1,500262496718
Measurement_interval(ms):,1000,1636,2425,4364,0,0,1,500263496416
Measurement_interval(ms):,1000,1640,2425,4364,0,0,1,500264496393
Measurement_interval(ms):,1000,1640,2425,4364,0,0,1,500265496377
Measurement_interval(ms):,1000,1636,2425,4364,0,0,1,500266496371
Measurement_interval(ms):,1000,1640,2425,4364,0,0,1,500267496399
Measurement_interval(ms):,1000,1636,2425,4364,0,0,1,500268496381
Measurement_interval(ms):,1000,1640,2425,4364,0,0,1,500269496378
Measurement_interval(ms):,1000,1640,2425,4364,0,0,1,500270496355
Measurement_interval(ms):,1000,1640,2425,4364,0,0,1,500271496514
Measurement_interval(ms):,1000,1640,2425,4364,0,0,1,500272496929
Measurement_interval(ms):,1000,1636,2425,4364,0,0,1,500273496362
Measurement_interval(ms):,1000,1640,2425,4364,0,0,1,500274496378
Measurement_interval(ms):,1000,1640,2425,4364,0,0,1,500275496822
Measurement_interval(ms):,1000,1636,2425,4364,0,0,1,500276496390
Measurement_interval(ms):,1000,1640,2425,4364,0,0,1,500277496366
Measurement_interval(ms):,1000,1636,2425,4364,0,0,1,500278496353
Measurement_interval(ms):,1000,1636,2425,4364,0,0,1,500279496348
Measurement_interval(ms):,1000,1640,2425,4364,0,0,1,500280496386
Measurement_interval(ms):,1000,1644,2425,4364,0,0,1,500281496374
Measurement_interval(ms):,1000,1644,2425,4364,0,0,1,500282496358
Measurement_interval(ms):,1000,1644,2425,4364,0,0,1,500283496352
