Measurement_interval(ms):,1000,0,0,0,0,0,1,564943955133
Measurement_interval(ms):,1000,0,0,0,0,0,1,564952181669
Measurement_interval(ms):,1000,0,0,0,0,0,1,564952181670
Measurement_interval(ms):,1000,0,0,0,0,0,1,564952181673
Measurement_interval(ms):,1000,0,0,0,0,0,1,564952181674
Measurement_interval(ms):,1000,0,0,0,0,0,1,564952181675
Measurement_interval(ms):,1000,0,0,0,0,0,1,564952181676
Measurement_interval(ms):,1000,0,0,0,0,0,1,564952181677
Measurement_interval(ms):,1000,0,0,0,0,0,1,564952181678
Measurement_interval(ms):,1000,0,0,0,0,0,1,564953767510
Measurement_interval(ms):,1000,96,0,0,0,0,1,564953890585
Measurement_interval(ms):,1000,2720,5934,11426,0,0,1,564954891073
Measurement_interval(ms):,1000,2720,5934,11366,0,0,1,564955890574
Measurement_interval(ms):,1000,2736,5934,11366,0,0,1,564956890582
Measurement_interval(ms):,1000,2736,5934,11366,0,0,1,564957890602
Measurement_interval(ms):,1000,2736,5655,11066,0,0,1,564958890588
Measurement_interval(ms):,1000,2736,5655,10886,0,0,1,564959890610
Measurement_interval(ms):,1000,2736,5655,10886,0,0,1,564960890566
Measurement_interval(ms):,1000,2736,5655,10886,0,0,1,564961890610
Measurement_interval(ms):,1000,2752,5655,10826,0,0,1,564962890631
Measurement_interval(ms):,1000,2736,5655,10826,0,0,1,564963890609
Measurement_interval(ms):,1000,2736,5655,10826,0,0,1,564964890582
Measurement_interval(ms):,1000,2736,5655,10826,0,0,1,564965890582
Measurement_interval(ms):,1000,2736,5655,10826,0,0,1,564966890584
Measurement_interval(ms):,1000,2736,5655,10826,0,0,1,564967890608
Measurement_interval(ms):,1000,2736,5655,10826,0,0,1,564968890588
Measurement_interval(ms):,1000,2736,5655,10826,0,0,1,564969890581
Measurement_interval(ms):,1000,2736,5655,10826,0,0,1,564970890604
Measurement_interval(ms):,1000,2752,5624,10826,0,0,1,564971891439
Measurement_interval(ms):,1000,2736,5624,10826,0,0,1,564972890565
Measurement_interval(ms):,1000,2720,5624,10826,0,0,1,564973890596
Measurement_interval(ms):,1000,2736,5624,10826,0,0,1,564974890610
Measurement_interval(ms):,1000,2736,5624,10826,0,0,1,564975890599
Measurement_interval(ms):,1000,2736,5624,10826,0,0,1,564976891186
Measurement_interval(ms):,1000,2720,5624,10826,0,0,1,564977890602
Measurement_interval(ms):,1000,2736,5624,10826,0,0,1,564978890593
Measurement_interval(ms):,1000,2736,5624,10826,0,0,1,564979890568
Measurement_interval(ms):,1000,2720,5624,10826,0,0,1,564980890564
Measurement_interval(ms):,1000,2736,5624,10826,0,0,1,564981890603
Measurement_interval(ms):,1000,2736,5624,10826,0,0,1,564982890587
Measurement_interval(ms):,1000,2720,5624,10826,0,0,1,564983890598
Measurement_interval(ms):,1000,2736,5624,10826,0,0,1,564984890590
Measurement_interval(ms):,1000,2736,5624,10826,0,0,1,564985890571
