Measurement_interval(ms):,1000,0,0,0,0,0,1,498344446158
Measurement_interval(ms):,1000,0,0,0,0,0,1,498350428526
Measurement_interval(ms):,1000,0,0,0,0,0,1,498350428528
Measurement_interval(ms):,1000,0,0,0,0,0,1,498350428530
Measurement_interval(ms):,1000,0,0,0,0,0,1,498350428531
Measurement_interval(ms):,1000,0,0,0,0,0,1,498350428533
Measurement_interval(ms):,1000,0,0,0,0,0,1,498350428534
Measurement_interval(ms):,1000,0,0,0,0,0,1,498351995612
Measurement_interval(ms):,1000,239,1634,21362,0,0,1,498352391456
Measurement_interval(ms):,1000,706,1571,13730,0,0,1,498353391307
Measurement_interval(ms):,1000,706,1436,3978,0,0,1,498354391268
Measurement_interval(ms):,1000,706,1427,2494,0,0,1,498355391238
Measurement_interval(ms):,1000,706,1427,2494,0,0,1,498356391236
Measurement_interval(ms):,1000,706,1427,2494,0,0,1,498357391261
Measurement_interval(ms):,1000,706,1427,2494,0,0,1,498358391253
Measurement_interval(ms):,1000,706,1427,2494,0,0,1,498359391257
Measurement_interval(ms):,1000,706,1427,2494,0,0,1,498360391262
Measurement_interval(ms):,1000,707,1427,2494,0,0,1,498361391558
Measurement_interval(ms):,1000,706,1427,2494,0,0,1,498362391290
Measurement_interval(ms):,1000,706,1427,2494,0,0,1,498363391242
Measurement_interval(ms):,1000,706,1427,2494,0,0,1,498364391262
Measurement_interval(ms):,1000,706,1427,2494,0,0,1,498365391225
Measurement_interval(ms):,1000,706,1427,2494,0,0,1,498366391223
Measurement_interval(ms):,1000,705,1427,2494,0,0,1,498367391237
Measurement_interval(ms):,1000,707,1427,2494,0,0,1,498368391635
Measurement_interval(ms):,1000,706,1427,2494,0,0,1,498369391579
Measurement_interval(ms):,1000,706,1427,2494,0,0,1,498370391443
Measurement_interval(ms):,1000,706,1427,2494,0,0,1,498371391238
Measurement_interval(ms):,1000,706,1427,2494,0,0,1,498372391249
Measurement_interval(ms):,1000,706,1427,2494,0,0,1,498373391255
Measurement_interval(ms):,1000,706,1427,2494,0,0,1,498374391257
Measurement_interval(ms):,1000,706,1427,2494,0,0,1,498375391226
Measurement_interval(ms):,1000,707,1427,2494,0,0,1,498376391378
Measurement_interval(ms):,1000,706,1427,2494,0,0,1,498377391218
Measurement_interval(ms):,1000,706,1427,2494,0,0,1,498378391251
Measurement_interval(ms):,1000,706,1427,2494,0,0,1,498379391238
Measurement_interval(ms):,1000,706,1427,2494,0,0,1,498380391230
Measurement_interval(ms):,1000,707,1427,2494,0,0,1,498381391493
Measurement_interval(ms):,1000,706,1427,2494,0,0,1,498382391232
Measurement_interval(ms):,1000,706,1427,2494,0,0,1,498383391229
Measurement_interval(ms):,1000,706,1427,2494,0,0,1,498384391253
Measurement_interval(ms):,1000,706,1427,2494,0,0,1,498385391249
