Measurement_interval(ms):,1000,0,0,0,0,0,1,564260318476
Measurement_interval(ms):,1000,0,0,0,0,0,1,564268555430
Measurement_interval(ms):,1000,0,0,0,0,0,1,564268555432
Measurement_interval(ms):,1000,0,0,0,0,0,1,564268555434
Measurement_interval(ms):,1000,0,0,0,0,0,1,564268555435
Measurement_interval(ms):,1000,0,0,0,0,0,1,564268555437
Measurement_interval(ms):,1000,0,0,0,0,0,1,564268555438
Measurement_interval(ms):,1000,0,0,0,0,0,1,564268555439
Measurement_interval(ms):,1000,0,0,0,0,0,1,564268555440
Measurement_interval(ms):,1000,0,0,0,0,0,1,564270130505
Measurement_interval(ms):,1000,144,0,0,0,0,1,564270267077
Measurement_interval(ms):,1000,2168,3617,6715,0,0,1,564271267073
Measurement_interval(ms):,1000,2168,3617,6715,0,0,1,564272267084
Measurement_interval(ms):,1000,2176,3617,6715,0,0,1,564273267574
Measurement_interval(ms):,1000,2168,3617,6715,0,0,1,564274267075
Measurement_interval(ms):,1000,2168,3617,6715,0,0,1,564275267088
Measurement_interval(ms):,1000,2168,3617,6715,0,0,1,564276267081
Measurement_interval(ms):,1000,2176,3617,6715,0,0,1,564277267103
Measurement_interval(ms):,1000,2168,3617,6715,0,0,1,564278267096
Measurement_interval(ms):,1000,2176,3635,6715,0,0,1,564279267089
Measurement_interval(ms):,1000,2168,3617,6715,0,0,1,564280267113
Measurement_interval(ms):,1000,2176,3617,6715,0,0,1,564281267263
Measurement_interval(ms):,1000,2168,3617,6715,0,0,1,564282267085
Measurement_interval(ms):,1000,2176,3617,6715,0,0,1,564283267288
Measurement_interval(ms):,1000,2168,3617,6715,0,0,1,564284267094
Measurement_interval(ms):,1000,2176,3617,6715,0,0,1,564285267584
Measurement_interval(ms):,1000,2168,3617,6715,0,0,1,564286267136
Measurement_interval(ms):,1000,2168,3617,6715,0,0,1,564287267098
Measurement_interval(ms):,1000,2176,3617,6715,0,0,1,564288267446
Measurement_interval(ms):,1000,2168,3617,6715,0,0,1,564289267103
Measurement_interval(ms):,1000,2168,3617,6715,0,0,1,564290267122
Measurement_interval(ms):,1000,2168,3617,6715,0,0,1,564291267125
Measurement_interval(ms):,1000,2168,3617,6715,0,0,1,564292267134
Measurement_interval(ms):,1000,2176,3617,6715,0,0,1,564293267170
Measurement_interval(ms):,1000,2168,3617,6715,0,0,1,564294267140
Measurement_interval(ms):,1000,2168,3617,6715,0,0,1,564295267105
Measurement_interval(ms):,1000,2176,3617,6715,0,0,1,564296267532
Measurement_interval(ms):,1000,2168,3617,6715,0,0,1,564297267129
Measurement_interval(ms):,1000,2176,3617,6715,0,0,1,564298267104
Measurement_interval(ms):,1000,2168,3617,6715,0,0,1,564299267107
Measurement_interval(ms):,1000,2176,3617,6715,0,0,1,564300267585
Measurement_interval(ms):,1000,2168,3617,6748,0,0,1,564301267140
Measurement_interval(ms):,1000,2168,3617,6748,0,0,1,564302267125
