Measurement_interval(ms):,1000,0,0,0,0,0,1,565868419361
Measurement_interval(ms):,1000,0,0,0,0,0,1,565874537441
Measurement_interval(ms):,1000,0,0,0,0,0,1,565874537442
Measurement_interval(ms):,1000,0,0,0,0,0,1,565874537445
Measurement_interval(ms):,1000,0,0,0,0,0,1,565874537446
Measurement_interval(ms):,1000,0,0,0,0,0,1,565874537448
Measurement_interval(ms):,1000,0,0,0,0,0,1,565874537448
Measurement_interval(ms):,1000,0,0,0,0,0,1,565876134716
Measurement_interval(ms):,1000,256,0,0,0,0,1,565876349270
Measurement_interval(ms):,1000,2816,0,0,0,0,1,565877349287
Measurement_interval(ms):,1000,2848,10365,20901,0,0,1,565878349284
Measurement_interval(ms):,1000,2848,10365,20901,0,0,1,565879349297
Measurement_interval(ms):,1000,2848,10365,20901,0,0,1,565880349291
Measurement_interval(ms):,1000,2816,10365,20901,0,0,1,565881349279
Measurement_interval(ms):,1000,2848,10365,20901,0,0,1,565882349295
Measurement_interval(ms):,1000,2848,10365,20901,0,0,1,565883349294
Measurement_interval(ms):,1000,2848,10313,20901,0,0,1,565884349284
Measurement_interval(ms):,1000,2848,10313,20901,0,0,1,565885349312
Measurement_interval(ms):,1000,2848,10313,20901,0,0,1,565886349979
Measurement_interval(ms):,1000,2816,10313,20901,0,0,1,565887349291
Measurement_interval(ms):,1000,2848,10313,20901,0,0,1,565888349302
Measurement_interval(ms):,1000,2848,10313,20901,0,0,1,565889349301
Measurement_interval(ms):,1000,2848,10313,20901,0,0,1,565890349295
Measurement_interval(ms):,1000,2848,10313,20901,0,0,1,565891349300
Measurement_interval(ms):,1000,2848,10313,20901,0,0,1,565892349293
Measurement_interval(ms):,1000,2848,10313,20901,0,0,1,565893349565
Measurement_interval(ms):,1000,2816,10313,20901,0,0,1,565894349296
Measurement_interval(ms):,1000,2848,10313,20901,0,0,1,565895349310
Measurement_interval(ms):,1000,2848,10313,20901,0,0,1,565896349308
Measurement_interval(ms):,1000,2848,10313,20901,0,0,1,565897349324
Measurement_interval(ms):,1000,2848,10313,20901,0,0,1,565898349308
Measurement_interval(ms):,1000,2848,10313,20901,0,0,1,565899349844
Measurement_interval(ms):,1000,2816,10313,20901,0,0,1,565900349312
Measurement_interval(ms):,1000,2848,10313,20901,0,0,1,565901349332
Measurement_interval(ms):,1000,2848,10313,20901,0,0,1,565902349299
Measurement_interval(ms):,1000,2848,10313,20901,0,0,1,565903349334
Measurement_interval(ms):,1000,2848,10313,20901,0,0,1,565904349302
Measurement_interval(ms):,1000,2848,10313,20901,0,0,1,565905349326
Measurement_interval(ms):,1000,2848,10313,20901,0,0,1,565906349304
Measurement_interval(ms):,1000,2816,10313,20901,0,0,1,565907349353
Measurement_interval(ms):,1000,2848,10313,20901,0,0,1,565908349320
