Measurement_interval(ms):,1000,0,0,0,0,0,1,481369061634
Measurement_interval(ms):,1000,0,0,0,0,0,1,481369061636
Measurement_interval(ms):,1000,0,0,0,0,0,1,481369061639
Measurement_interval(ms):,1000,0,0,0,0,0,1,481369061640
Measurement_interval(ms):,1000,0,0,0,0,0,1,481369061641
Measurement_interval(ms):,1000,0,0,0,0,0,1,481370667838
Measurement_interval(ms):,1000,0,0,0,0,0,1,481370667853
Measurement_interval(ms):,1000,1,0,0,0,0,1,481371372651
Measurement_interval(ms):,1000,146,6302,10422,0,0,1,481372232444
Measurement_interval(ms):,1000,173,6236,10366,0,0,1,481373231676
Measurement_interval(ms):,1000,173,6236,10366,0,0,1,481374230508
Measurement_interval(ms):,1000,174,6236,10366,0,0,1,481375230982
Measurement_interval(ms):,1000,173,6236,10366,0,0,1,481376230549
Measurement_interval(ms):,1000,174,6236,10366,0,0,1,481377230953
Measurement_interval(ms):,1000,173,6236,10366,0,0,1,481378230549
Measurement_interval(ms):,1000,174,6236,10366,0,0,1,481379230520
Measurement_interval(ms):,1000,174,6236,10366,0,0,1,481380230781
Measurement_interval(ms):,1000,173,6236,10366,0,0,1,481381230534
Measurement_interval(ms):,1000,174,6203,10310,0,0,1,481382232017
Measurement_interval(ms):,1000,173,6203,10310,0,0,1,481383230549
Measurement_interval(ms):,1000,174,6170,10310,0,0,1,481384232086
Measurement_interval(ms):,1000,173,6170,10310,0,0,1,481385230519
Measurement_interval(ms):,1000,173,6170,10310,0,0,1,481386230519
Measurement_interval(ms):,1000,174,6170,10310,0,0,1,481387230554
Measurement_interval(ms):,1000,174,6170,10310,0,0,1,481388230545
Measurement_interval(ms):,1000,174,6170,10310,0,0,1,481389230541
Measurement_interval(ms):,1000,174,6170,10310,0,0,1,481390230526
Measurement_interval(ms):,1000,175,6170,10310,0,0,1,481391230803
Measurement_interval(ms):,1000,174,6170,10310,0,0,1,481392230511
Measurement_interval(ms):,1000,173,6170,10310,0,0,1,481393230538
Measurement_interval(ms):,1000,174,6170,10310,0,0,1,481394230545
Measurement_interval(ms):,1000,174,5807,9694,0,0,1,481395230508
Measurement_interval(ms):,1000,173,5807,9638,0,0,1,481396230552
Measurement_interval(ms):,1000,174,5807,9638,0,0,1,481397231391
Measurement_interval(ms):,1000,173,5807,9638,0,0,1,481398230512
Measurement_interval(ms):,1000,174,5807,9638,0,0,1,481399230546
Measurement_interval(ms):,1000,174,5807,9638,0,0,1,481400231787
Measurement_interval(ms):,1000,173,5807,9638,0,0,1,481401230518
Measurement_interval(ms):,1000,174,5807,9638,0,0,1,481402230532
Measurement_interval(ms):,1000,174,5807,9638,0,0,1,481403230508
Measurement_interval(ms):,1000,174,5807,9638,0,0,1,481404230528
Measurement_interval(ms):,1000,174,5807,9638,0,0,1,481405232319
Measurement_interval(ms):,1000,173,5807,9638,0,0,1,481406230533
