Measurement_interval(ms):,1000,0,0,0,0,0,1,489676997232
Measurement_interval(ms):,1000,0,0,0,0,0,1,489681303829
Measurement_interval(ms):,1000,0,0,0,0,0,1,489681303830
Measurement_interval(ms):,1000,0,0,0,0,0,1,489681303833
Measurement_interval(ms):,1000,0,0,0,0,0,1,489681303834
Measurement_interval(ms):,1000,0,0,0,0,0,1,489682970862
Measurement_interval(ms):,1000,0,0,0,0,0,1,489682970873
Measurement_interval(ms):,1000,16,0,0,0,0,1,489684040123
Measurement_interval(ms):,1000,416,0,0,0,0,1,489684697573
Measurement_interval(ms):,1000,624,0,0,0,0,1,489685697612
Measurement_interval(ms):,1000,624,0,0,0,0,1,489686697590
Measurement_interval(ms):,1000,624,25730,49202,0,0,1,489687697579
Measurement_interval(ms):,1000,624,25730,49202,0,0,1,489688697583
Measurement_interval(ms):,1000,624,25730,49202,0,0,1,489689697580
Measurement_interval(ms):,1000,624,25730,49202,0,0,1,489690697593
Measurement_interval(ms):,1000,624,25730,49202,0,0,1,489691697589
Measurement_interval(ms):,1000,624,25730,49202,0,0,1,489692697584
Measurement_interval(ms):,1000,624,25730,49202,0,0,1,489693697608
Measurement_interval(ms):,1000,624,25730,49202,0,0,1,489694697619
Measurement_interval(ms):,1000,624,25730,49202,0,0,1,489695697608
Measurement_interval(ms):,1000,624,25730,49202,0,0,1,489696697592
Measurement_interval(ms):,1000,624,25730,49202,0,0,1,489697697612
Measurement_interval(ms):,1000,624,25730,49202,0,0,1,489698697575
Measurement_interval(ms):,1000,624,25730,49202,0,0,1,489699697586
Measurement_interval(ms):,1000,624,25730,49202,0,0,1,489700697608
Measurement_interval(ms):,1000,624,25730,49202,0,0,1,489701697594
Measurement_interval(ms):,1000,624,25730,49202,0,0,1,489702697605
Measurement_interval(ms):,1000,624,25730,49202,0,0,1,489703697568
Measurement_interval(ms):,1000,624,25730,49202,0,0,1,489704697614
Measurement_interval(ms):,1000,624,25730,49202,0,0,1,489705697586
Measurement_interval(ms):,1000,624,25730,49202,0,0,1,489706697568
Measurement_interval(ms):,1000,624,25730,49202,0,0,1,489707697588
Measurement_interval(ms):,1000,624,25730,49202,0,0,1,489708697567
Measurement_interval(ms):,1000,624,25730,49202,0,0,1,489709697574
Measurement_interval(ms):,1000,624,25730,49202,0,0,1,489710697613
Measurement_interval(ms):,1000,624,25730,49202,0,0,1,489711697611
Measurement_interval(ms):,1000,624,25730,49449,0,0,1,489712697614
Measurement_interval(ms):,1000,640,25730,49449,0,0,1,489713699993
Measurement_interval(ms):,1000,608,25730,49449,0,0,1,489714697579
Measurement_interval(ms):,1000,624,25730,49449,0,0,1,489715697589
Measurement_interval(ms):,1000,624,25730,49449,0,0,1,489716697572
