Measurement_interval(ms):,1000,0,0,0,0,0,1,490462489067
Measurement_interval(ms):,1000,0,0,0,0,0,1,490462489069
Measurement_interval(ms):,1000,0,0,0,0,0,1,490462489072
Measurement_interval(ms):,1000,0,0,0,0,0,1,490462489073
Measurement_interval(ms):,1000,0,0,0,0,0,1,490462489074
Measurement_interval(ms):,1000,0,0,0,0,0,1,490462489074
Measurement_interval(ms):,1000,0,0,0,0,0,1,490462489119
Measurement_interval(ms):,1000,0,0,0,0,0,1,490462489120
Measurement_interval(ms):,1000,0,0,0,0,0,1,490464170834
Measurement_interval(ms):,1000,0,0,0,0,0,1,490464170846
Measurement_interval(ms):,1000,32,0,0,0,0,1,490465135619
Measurement_interval(ms):,1000,256,0,0,0,0,1,490465513402
Measurement_interval(ms):,1000,672,0,0,0,0,1,490466513404
Measurement_interval(ms):,1000,672,0,0,0,0,1,490467513402
Measurement_interval(ms):,1000,672,0,0,0,0,1,490468513400
Measurement_interval(ms):,1000,672,0,0,0,0,1,490469513368
Measurement_interval(ms):,1000,672,46323,91698,0,0,1,490470513390
Measurement_interval(ms):,1000,672,46323,91698,0,0,1,490471513367
Measurement_interval(ms):,1000,640,46323,91698,0,0,1,490472513401
Measurement_interval(ms):,1000,672,46323,91698,0,0,1,490473513392
Measurement_interval(ms):,1000,672,46323,91698,0,0,1,490474513384
Measurement_interval(ms):,1000,672,46091,91698,0,0,1,490475513392
Measurement_interval(ms):,1000,672,46091,91698,0,0,1,490476513406
Measurement_interval(ms):,1000,672,46091,91698,0,0,1,490477513396
Measurement_interval(ms):,1000,672,46091,91698,0,0,1,490478513365
Measurement_interval(ms):,1000,672,46091,91698,0,0,1,490479513393
Measurement_interval(ms):,1000,672,46323,92158,0,0,1,490480513396
Measurement_interval(ms):,1000,672,46323,92158,0,0,1,490481513398
Measurement_interval(ms):,1000,672,46323,92158,0,0,1,490482513365
Measurement_interval(ms):,1000,640,46323,92158,0,0,1,490483513366
Measurement_interval(ms):,1000,672,46323,92158,0,0,1,490484513361
Measurement_interval(ms):,1000,672,46323,91698,0,0,1,490485513369
Measurement_interval(ms):,1000,672,46323,91698,0,0,1,490486513378
Measurement_interval(ms):,1000,672,46323,91698,0,0,1,490487513360
Measurement_interval(ms):,1000,672,46323,91698,0,0,1,490488513361
Measurement_interval(ms):,1000,672,46323,91698,0,0,1,490489513400
Measurement_interval(ms):,1000,672,46323,91698,0,0,1,490490513404
Measurement_interval(ms):,1000,672,46323,91698,0,0,1,490491513390
Measurement_interval(ms):,1000,672,46323,91698,0,0,1,490492513365
Measurement_interval(ms):,1000,672,46323,91698,0,0,1,490493513394
Measurement_interval(ms):,1000,672,46323,91698,0,0,1,490494515566
Measurement_interval(ms):,1000,640,46323,91698,0,0,1,490495513358
Measurement_interval(ms):,1000,672,46323,91698,0,0,1,490496513366
