Measurement_interval(ms):,1000,0,0,0,0,0,1,486399390841
Measurement_interval(ms):,1000,0,0,0,0,0,1,486405250825
Measurement_interval(ms):,1000,0,0,0,0,0,1,486405250827
Measurement_interval(ms):,1000,0,0,0,0,0,1,486405250830
Measurement_interval(ms):,1000,0,0,0,0,0,1,486405250831
Measurement_interval(ms):,1000,0,0,0,0,0,1,486405250832
Measurement_interval(ms):,1000,0,0,0,0,0,1,486405250833
Measurement_interval(ms):,1000,0,0,0,0,0,1,486405250834
Measurement_interval(ms):,1000,0,0,0,0,0,1,486405250835
Measurement_interval(ms):,1000,0,0,0,0,0,1,486406879640
Measurement_interval(ms):,1000,2,0,0,0,0,1,486407572098
Measurement_interval(ms):,1000,146,0,0,0,0,1,486408094701
Measurement_interval(ms):,1000,290,7462,12806,0,0,1,486409094703
Measurement_interval(ms):,1000,290,7462,12806,0,0,1,486410094659
Measurement_interval(ms):,1000,292,7462,12806,0,0,1,486411096572
Measurement_interval(ms):,1000,290,7462,12738,0,0,1,486412094675
Measurement_interval(ms):,1000,290,7462,12738,0,0,1,486413094701
Measurement_interval(ms):,1000,292,7462,12738,0,0,1,486414094731
Measurement_interval(ms):,1000,290,7462,12738,0,0,1,486415094708
Measurement_interval(ms):,1000,292,7384,12738,0,0,1,486416095664
Measurement_interval(ms):,1000,290,7384,12738,0,0,1,486417094677
Measurement_interval(ms):,1000,290,7384,12738,0,0,1,486418094706
Measurement_interval(ms):,1000,292,7384,12738,0,0,1,486419096469
Measurement_interval(ms):,1000,290,7384,12738,0,0,1,486420095290
Measurement_interval(ms):,1000,290,7384,12738,0,0,1,486421094672
Measurement_interval(ms):,1000,290,7384,12738,0,0,1,486422094684
Measurement_interval(ms):,1000,292,7384,12738,0,0,1,486423096262
Measurement_interval(ms):,1000,290,7384,12738,0,0,1,486424094696
Measurement_interval(ms):,1000,290,7384,12670,0,0,1,486425094671
Measurement_interval(ms):,1000,292,7384,12670,0,0,1,486426095165
Measurement_interval(ms):,1000,290,7384,12670,0,0,1,486427094707
Measurement_interval(ms):,1000,290,7384,12670,0,0,1,486428094685
Measurement_interval(ms):,1000,292,7384,12670,0,0,1,486429096494
Measurement_interval(ms):,1000,290,7228,12602,0,0,1,486430094831
Measurement_interval(ms):,1000,290,6994,11990,0,0,1,486431094691
Measurement_interval(ms):,1000,292,6955,11922,0,0,1,486432095460
Measurement_interval(ms):,1000,290,6955,11922,0,0,1,486433094702
Measurement_interval(ms):,1000,292,6955,11922,0,0,1,486434096127
Measurement_interval(ms):,1000,290,6955,11922,0,0,1,486435094670
Measurement_interval(ms):,1000,290,6955,11922,0,0,1,486436094676
Measurement_interval(ms):,1000,292,6955,11922,0,0,1,486437094700
Measurement_interval(ms):,1000,290,6955,11922,0,0,1,486438094685
Measurement_interval(ms):,1000,292,6955,11922,0,0,1,486439094673
