Measurement_interval(ms):,1000,0,0,0,0,0,1,488373069848
Measurement_interval(ms):,1000,0,0,0,0,0,1,488373069850
Measurement_interval(ms):,1000,0,0,0,0,0,1,488373069853
Measurement_interval(ms):,1000,0,0,0,0,0,1,488373069853
Measurement_interval(ms):,1000,0,0,0,0,0,1,488373069855
Measurement_interval(ms):,1000,0,0,0,0,0,1,488374699409
Measurement_interval(ms):,1000,0,0,0,0,0,1,488374699428
Measurement_interval(ms):,1000,36,0,0,0,0,1,488375471415
Measurement_interval(ms):,1000,404,12877,20750,0,0,1,488376470284
Measurement_interval(ms):,1000,412,10270,20631,0,0,1,488377470256
Measurement_interval(ms):,1000,408,10191,18370,0,0,1,488378470191
Measurement_interval(ms):,1000,412,10191,18370,0,0,1,488379470143
Measurement_interval(ms):,1000,412,10191,18251,0,0,1,488380470148
Measurement_interval(ms):,1000,412,10191,18251,0,0,1,488381470630
Measurement_interval(ms):,1000,408,10191,18251,0,0,1,488382470189
Measurement_interval(ms):,1000,412,10191,18251,0,0,1,488383470141
Measurement_interval(ms):,1000,412,10191,18251,0,0,1,488384470181
Measurement_interval(ms):,1000,412,10191,18251,0,0,1,488385471952
Measurement_interval(ms):,1000,408,10191,18251,0,0,1,488386470167
Measurement_interval(ms):,1000,412,10191,18251,0,0,1,488387470157
Measurement_interval(ms):,1000,412,10191,18251,0,0,1,488388471497
Measurement_interval(ms):,1000,408,10191,18251,0,0,1,488389470172
Measurement_interval(ms):,1000,412,10191,18251,0,0,1,488390470159
Measurement_interval(ms):,1000,412,10191,18251,0,0,1,488391470317
Measurement_interval(ms):,1000,408,10191,18251,0,0,1,488392470189
Measurement_interval(ms):,1000,412,10191,18251,0,0,1,488393470159
Measurement_interval(ms):,1000,412,10191,18251,0,0,1,488394470159
Measurement_interval(ms):,1000,412,10191,18251,0,0,1,488395470781
Measurement_interval(ms):,1000,408,10191,18251,0,0,1,488396470169
Measurement_interval(ms):,1000,412,10191,18251,0,0,1,488397470168
Measurement_interval(ms):,1000,412,10191,18251,0,0,1,488398470177
Measurement_interval(ms):,1000,408,10191,18251,0,0,1,488399470134
Measurement_interval(ms):,1000,412,9875,18013,0,0,1,488400470139
Measurement_interval(ms):,1000,412,9875,18013,0,0,1,488401470134
Measurement_interval(ms):,1000,412,9875,17894,0,0,1,488402472035
Measurement_interval(ms):,1000,408,9875,17775,0,0,1,488403470154
Measurement_interval(ms):,1000,412,9875,17775,0,0,1,488404470177
Measurement_interval(ms):,1000,412,9875,17775,0,0,1,488405470789
Measurement_interval(ms):,1000,408,9875,17775,0,0,1,488406470162
Measurement_interval(ms):,1000,412,9875,17775,0,0,1,488407470171
Measurement_interval(ms):,1000,412,9875,17775,0,0,1,488408470130
Measurement_interval(ms):,1000,408,9875,17775,0,0,1,488409470172
Measurement_interval(ms):,1000,412,9875,17775,0,0,1,488410470177
Measurement_interval(ms):,1000,412,9875,17775,0,0,1,488411470131
Measurement_interval(ms):,1000,412,9875,17775,0,0,1,488412471874
Measurement_interval(ms):,1000,408,9875,17775,0,0,1,488413470160
