Measurement_interval(ms):,1000,0,0,0,0,0,1,489092408352
Measurement_interval(ms):,1000,0,0,0,0,0,1,489092408354
Measurement_interval(ms):,1000,0,0,0,0,0,1,489092408357
Measurement_interval(ms):,1000,0,0,0,0,0,1,489092408358
Measurement_interval(ms):,1000,0,0,0,0,0,1,489092408360
Measurement_interval(ms):,1000,0,0,0,0,0,1,489094045826
Measurement_interval(ms):,1000,0,0,0,0,0,1,489094045837
Measurement_interval(ms):,1000,8,0,0,0,0,1,489094803705
Measurement_interval(ms):,1000,376,0,0,0,0,1,489095550714
Measurement_interval(ms):,1000,512,20423,38472,0,0,1,489096550718
Measurement_interval(ms):,1000,512,20423,38472,0,0,1,489097550711
Measurement_interval(ms):,1000,512,16173,33969,0,0,1,489098552436
Measurement_interval(ms):,1000,504,16173,33969,0,0,1,489099550715
Measurement_interval(ms):,1000,512,16173,30177,0,0,1,489100550704
Measurement_interval(ms):,1000,512,16173,29940,0,0,1,489101550685
Measurement_interval(ms):,1000,512,16173,29940,0,0,1,489102550678
Measurement_interval(ms):,1000,512,16048,29940,0,0,1,489103550711
Measurement_interval(ms):,1000,512,16048,29940,0,0,1,489104550715
Measurement_interval(ms):,1000,512,16048,29940,0,0,1,489105550678
Measurement_interval(ms):,1000,512,16048,29940,0,0,1,489106550713
Measurement_interval(ms):,1000,512,16048,29940,0,0,1,489107550979
Measurement_interval(ms):,1000,512,16048,29940,0,0,1,489108552318
Measurement_interval(ms):,1000,504,16048,29940,0,0,1,489109550704
Measurement_interval(ms):,1000,512,16048,29940,0,0,1,489110550672
Measurement_interval(ms):,1000,512,16048,29940,0,0,1,489111550690
Measurement_interval(ms):,1000,512,16048,29940,0,0,1,489112550714
Measurement_interval(ms):,1000,512,16048,29940,0,0,1,489113550681
Measurement_interval(ms):,1000,512,16048,29940,0,0,1,489114550722
Measurement_interval(ms):,1000,512,15923,29940,0,0,1,489115550710
Measurement_interval(ms):,1000,512,15923,29940,0,0,1,489116551260
Measurement_interval(ms):,1000,504,15923,29703,0,0,1,489117550679
Measurement_interval(ms):,1000,512,15923,29703,0,0,1,489118550686
Measurement_interval(ms):,1000,512,15923,29703,0,0,1,489119550707
Measurement_interval(ms):,1000,512,15798,29703,0,0,1,489120550717
Measurement_interval(ms):,1000,512,15798,29703,0,0,1,489121550714
Measurement_interval(ms):,1000,512,15798,29703,0,0,1,489122550680
Measurement_interval(ms):,1000,512,15798,29703,0,0,1,489123550689
Measurement_interval(ms):,1000,512,15798,29703,0,0,1,489124550713
Measurement_interval(ms):,1000,512,15798,29703,0,0,1,489125550718
Measurement_interval(ms):,1000,512,15798,29703,0,0,1,489126550704
