Measurement_interval(ms):,1000,0,0,0,0,0,1,79055926502
Measurement_interval(ms):,1000,0,0,0,0,0,1,79059432560
Measurement_interval(ms):,1000,0,0,0,0,0,1,79059432562
Measurement_interval(ms):,1000,0,0,0,0,0,1,79059432565
Measurement_interval(ms):,1000,0,0,0,0,0,1,79059432566
Measurement_interval(ms):,1000,0,0,0,0,0,1,79059432568
Measurement_interval(ms):,1000,0,0,0,0,0,1,79059432569
Measurement_interval(ms):,1000,0,0,0,0,0,1,79059432570
Measurement_interval(ms):,1000,0,0,0,0,0,1,79059432571
Measurement_interval(ms):,1000,0,0,0,0,0,1,79059432615
Measurement_interval(ms):,1000,0,0,0,0,0,1,79059432616
Measurement_interval(ms):,1000,0,0,0,0,0,1,79059432618
Measurement_interval(ms):,1000,0,0,0,0,0,1,79059432618
Measurement_interval(ms):,1000,0,0,0,0,0,1,79059432620
Measurement_interval(ms):,1000,640,0,0,0,0,1,79059866582
Measurement_interval(ms):,1000,1552,10214,171628,0,0,1,79060866594
Measurement_interval(ms):,1000,1552,10163,160393,0,0,1,79061866578
Measurement_interval(ms):,1000,1552,10163,101008,0,0,1,79062866589
Measurement_interval(ms):,1000,1552,10163,91378,0,0,1,79063866566
Measurement_interval(ms):,1000,1552,10163,25573,0,0,1,79064866776
Measurement_interval(ms):,1000,1536,10163,23968,0,0,1,79065866593
Measurement_interval(ms):,1000,1552,10163,23968,0,0,1,79066866579
Measurement_interval(ms):,1000,1552,10163,23968,0,0,1,79067866571
Measurement_interval(ms):,1000,1552,10163,23968,0,0,1,79068866609
Measurement_interval(ms):,1000,1552,10163,23968,0,0,1,79069866569
Measurement_interval(ms):,1000,1552,10163,22363,0,0,1,79070866580
Measurement_interval(ms):,1000,1552,10163,22363,0,0,1,79071866593
Measurement_interval(ms):,1000,1552,10163,22363,0,0,1,79072866571
Measurement_interval(ms):,1000,1552,10163,22363,0,0,1,79073866591
Measurement_interval(ms):,1000,1552,10163,22363,0,0,1,79074866563
Measurement_interval(ms):,1000,1552,10163,22363,0,0,1,79075866579
Measurement_interval(ms):,1000,1552,10163,22363,0,0,1,79076866578
Measurement_interval(ms):,1000,1552,10163,22363,0,0,1,79077866563
Measurement_interval(ms):,1000,1552,10163,22363,0,0,1,79078866563
Measurement_interval(ms):,1000,1552,10163,22363,0,0,1,79079866571
Measurement_interval(ms):,1000,1552,10163,22363,0,0,1,79080866601
Measurement_interval(ms):,1000,1552,10163,22363,0,0,1,79081866576
Measurement_interval(ms):,1000,1552,10163,22363,0,0,1,79082866576
Measurement_interval(ms):,1000,1552,10163,22363,0,0,1,79083866570
Measurement_interval(ms):,1000,1552,10163,22363,0,0,1,79084866561
Measurement_interval(ms):,1000,1552,10163,22363,0,0,1,79085866606
Measurement_interval(ms):,1000,1552,10163,22363,0,0,1,79086866578
Measurement_interval(ms):,1000,1552,10163,22363,0,0,1,79087866567
Measurement_interval(ms):,1000,1552,10163,22363,0,0,1,79088866590
Measurement_interval(ms):,1000,1552,10163,22363,0,0,1,79089866592
Measurement_interval(ms):,1000,1536,10163,22363,0,0,1,79090866605
