Measurement_interval(ms):,1000,0,0,0,0,0,1,78817961682
Measurement_interval(ms):,1000,0,0,0,0,0,1,78818470232
Measurement_interval(ms):,1000,0,0,0,0,0,1,78818470233
Measurement_interval(ms):,1000,0,0,0,0,0,1,78818470236
Measurement_interval(ms):,1000,0,0,0,0,0,1,78818470237
Measurement_interval(ms):,1000,267,3022,7565,0,0,1,78819223837
Measurement_interval(ms):,1000,364,3022,6035,0,0,1,78820223839
Measurement_interval(ms):,1000,364,3022,6035,0,0,1,78821223872
Measurement_interval(ms):,1000,365,3022,6035,0,0,1,78822223862
Measurement_interval(ms):,1000,364,3022,6035,0,0,1,78823223891
Measurement_interval(ms):,1000,363,3022,6035,0,0,1,78824223859
Measurement_interval(ms):,1000,364,3022,6035,0,0,1,78825223877
Measurement_interval(ms):,1000,364,3022,6035,0,0,1,78826223886
Measurement_interval(ms):,1000,365,3022,6035,0,0,1,78827223857
Measurement_interval(ms):,1000,364,3022,6035,0,0,1,78828223869
Measurement_interval(ms):,1000,365,3022,6035,0,0,1,78829224066
Measurement_interval(ms):,1000,364,3022,6035,0,0,1,78830223862
Measurement_interval(ms):,1000,364,3022,6035,0,0,1,78831223878
Measurement_interval(ms):,1000,365,2926,6035,0,0,1,78832223900
Measurement_interval(ms):,1000,364,2862,5525,0,0,1,78833223872
Measurement_interval(ms):,1000,364,2862,5525,0,0,1,78834223885
Measurement_interval(ms):,1000,365,2814,5525,0,0,1,78835223917
Measurement_interval(ms):,1000,364,2814,5525,0,0,1,78836223873
Measurement_interval(ms):,1000,364,2814,5525,0,0,1,78837223913
Measurement_interval(ms):,1000,365,2814,5525,0,0,1,78838224163
Measurement_interval(ms):,1000,364,2814,5525,0,0,1,78839223914
Measurement_interval(ms):,1000,364,2814,5525,0,0,1,78840223891
Measurement_interval(ms):,1000,365,2814,5525,0,0,1,78841223907
Measurement_interval(ms):,1000,364,2814,5525,0,0,1,78842223910
Measurement_interval(ms):,1000,365,2814,5525,0,0,1,78843224030
Measurement_interval(ms):,1000,364,2814,5525,0,0,1,78844223928
Measurement_interval(ms):,1000,364,2814,5525,0,0,1,78845223901
Measurement_interval(ms):,1000,365,2814,5525,0,0,1,78846223908
Measurement_interval(ms):,1000,364,2814,5525,0,0,1,78847223895
Measurement_interval(ms):,1000,364,2814,5525,0,0,1,78848223897
Measurement_interval(ms):,1000,364,2814,5525,0,0,1,78849223938
Measurement_interval(ms):,1000,365,2814,5525,0,0,1,78850223915
