Measurement_interval(ms):,1000,0,0,0,0,0,1,79112308525
Measurement_interval(ms):,1000,0,0,0,0,0,1,79121726843
Measurement_interval(ms):,1000,0,0,0,0,0,1,79121726845
Measurement_interval(ms):,1000,0,0,0,0,0,1,79121726847
Measurement_interval(ms):,1000,0,0,0,0,0,1,79121726848
Measurement_interval(ms):,1000,0,0,0,0,0,1,79121726849
Measurement_interval(ms):,1000,0,0,0,0,0,1,79121726850
Measurement_interval(ms):,1000,0,0,0,0,0,1,79121726851
Measurement_interval(ms):,1000,0,0,0,0,0,1,79121726852
Measurement_interval(ms):,1000,0,0,0,0,0,1,79121726853
Measurement_interval(ms):,1000,0,0,0,0,0,1,79121726855
Measurement_interval(ms):,1000,0,0,0,0,0,1,79121726897
Measurement_interval(ms):,1000,0,0,0,0,0,1,79121726898
Measurement_interval(ms):,1000,0,0,0,0,0,1,79121726899
Measurement_interval(ms):,1000,1728,0,0,0,0,1,79122563097
Measurement_interval(ms):,1000,2176,13847,28164,0,0,1,79123563130
Measurement_interval(ms):,1000,2176,13847,28164,0,0,1,79124563091
Measurement_interval(ms):,1000,2176,13847,28164,0,0,1,79125563123
Measurement_interval(ms):,1000,2176,13847,28164,0,0,1,79126563103
Measurement_interval(ms):,1000,2176,13847,28164,0,0,1,79127563128
Measurement_interval(ms):,1000,2176,13847,28164,0,0,1,79128563101
Measurement_interval(ms):,1000,2176,13847,28164,0,0,1,79129563125
Measurement_interval(ms):,1000,2176,13847,28164,0,0,1,79130563112
Measurement_interval(ms):,1000,2176,13847,28164,0,0,1,79131563084
Measurement_interval(ms):,1000,2176,13847,28164,0,0,1,79132563109
Measurement_interval(ms):,1000,2176,13847,28164,0,0,1,79133563088
Measurement_interval(ms):,1000,2176,13847,28164,0,0,1,79134563123
Measurement_interval(ms):,1000,2208,13847,28164,0,0,1,79135563098
Measurement_interval(ms):,1000,2176,13847,28164,0,0,1,79136563091
Measurement_interval(ms):,1000,2176,13847,28164,0,0,1,79137563099
Measurement_interval(ms):,1000,2176,13847,28164,0,0,1,79138563108
Measurement_interval(ms):,1000,2176,13847,28164,0,0,1,79139563115
Measurement_interval(ms):,1000,2176,13847,28164,0,0,1,79140563104
Measurement_interval(ms):,1000,2176,13847,28164,0,0,1,79141563082
Measurement_interval(ms):,1000,2176,13847,28164,0,0,1,79142563121
Measurement_interval(ms):,1000,2176,13847,28164,0,0,1,79143563082
Measurement_interval(ms):,1000,2176,13778,28164,0,0,1,79144563104
Measurement_interval(ms):,1000,2208,13778,28164,0,0,1,79145563110
Measurement_interval(ms):,1000,2176,13778,28164,0,0,1,79146563095
Measurement_interval(ms):,1000,2176,13778,28164,0,0,1,79147563103
Measurement_interval(ms):,1000,2176,13778,28164,0,0,1,79148563101
Measurement_interval(ms):,1000,2176,13778,28164,0,0,1,79149563093
Measurement_interval(ms):,1000,2144,13778,28164,0,0,1,79150563122
Measurement_interval(ms):,1000,2176,13778,28164,0,0,1,79151563079
Measurement_interval(ms):,1000,2176,13778,28164,0,0,1,79152563082
Measurement_interval(ms):,1000,2176,13778,28164,0,0,1,79153563115
Measurement_interval(ms):,1000,2176,13778,28164,0,0,1,79154563106
