Measurement_interval(ms):,1000,0,0,0,0,0,1,148324221712
Measurement_interval(ms):,1000,0,0,0,0,0,1,148329995697
Measurement_interval(ms):,1000,0,0,0,0,0,1,148329995699
Measurement_interval(ms):,1000,0,0,0,0,0,1,148329995702
Measurement_interval(ms):,1000,0,0,0,0,0,1,148329995703
Measurement_interval(ms):,1000,0,0,0,0,0,1,148329995704
Measurement_interval(ms):,1000,0,0,0,0,0,1,148329995705
Measurement_interval(ms):,1000,0,0,0,0,0,1,148329995752
Measurement_interval(ms):,1000,0,0,0,0,0,1,148329995753
Measurement_interval(ms):,1000,0,0,0,0,0,1,148329995755
Measurement_interval(ms):,1000,0,0,0,0,0,1,148329995756
Measurement_interval(ms):,1000,0,0,0,0,0,1,148329995758
Measurement_interval(ms):,1000,0,0,0,0,0,1,148329995758
Measurement_interval(ms):,1000,70,0,0,0,0,1,148330053550
Measurement_interval(ms):,1000,1519,0,0,0,0,1,148331053549
Measurement_interval(ms):,1000,1553,11124,21445,0,0,1,148332053551
Measurement_interval(ms):,1000,1551,11063,21331,0,0,1,148333053517
Measurement_interval(ms):,1000,1553,11063,21331,0,0,1,148334053530
Measurement_interval(ms):,1000,1551,11063,21331,0,0,1,148335053535
Measurement_interval(ms):,1000,1553,11063,21331,0,0,1,148336053512
Measurement_interval(ms):,1000,1551,11002,21331,0,0,1,148337054168
Measurement_interval(ms):,1000,1536,10575,21331,0,0,1,148338053508
Measurement_interval(ms):,1000,1553,10514,21331,0,0,1,148339053515
Measurement_interval(ms):,1000,1551,10514,21331,0,0,1,148340053505
Measurement_interval(ms):,1000,1553,10514,21331,0,0,1,148341053530
Measurement_interval(ms):,1000,1551,10514,21217,0,0,1,148342053532
Measurement_interval(ms):,1000,1553,10514,21217,0,0,1,148343053516
Measurement_interval(ms):,1000,1551,10514,20647,0,0,1,148344053813
Measurement_interval(ms):,1000,1536,10453,20191,0,0,1,148345053540
Measurement_interval(ms):,1000,1553,10453,20191,0,0,1,148346053540
Measurement_interval(ms):,1000,1551,10453,20077,0,0,1,148347053526
Measurement_interval(ms):,1000,1553,10453,20077,0,0,1,148348053526
Measurement_interval(ms):,1000,1551,10453,20077,0,0,1,148349053504
Measurement_interval(ms):,1000,1553,10453,20077,0,0,1,148350053538
Measurement_interval(ms):,1000,1551,10453,20077,0,0,1,148351053529
Measurement_interval(ms):,1000,1553,10453,20077,0,0,1,148352053531
Measurement_interval(ms):,1000,1551,10453,20077,0,0,1,148353053753
Measurement_interval(ms):,1000,1536,10453,20077,0,0,1,148354053504
Measurement_interval(ms):,1000,1553,10453,20077,0,0,1,148355053534
Measurement_interval(ms):,1000,1551,10453,20077,0,0,1,148356053551
Measurement_interval(ms):,1000,1553,10453,20077,0,0,1,148357053531
Measurement_interval(ms):,1000,1551,10453,20077,0,0,1,148358053529
Measurement_interval(ms):,1000,1553,10453,20077,0,0,1,148359053505
Measurement_interval(ms):,1000,1551,10453,20077,0,0,1,148360053537
Measurement_interval(ms):,1000,1553,10453,20077,0,0,1,148361053520
Measurement_interval(ms):,1000,1551,10453,20077,0,0,1,148362053715
