Measurement_interval(ms):,1000,0,0,0,0,0,1,78931565737
Measurement_interval(ms):,1000,0,0,0,0,0,1,78935401075
Measurement_interval(ms):,1000,0,0,0,0,0,1,78935401077
Measurement_interval(ms):,1000,0,0,0,0,0,1,78935401080
Measurement_interval(ms):,1000,0,0,0,0,0,1,78935401081
Measurement_interval(ms):,1000,0,0,0,0,0,1,78935401082
Measurement_interval(ms):,1000,0,0,0,0,0,1,78935401083
Measurement_interval(ms):,1000,0,0,0,0,0,1,78935401130
Measurement_interval(ms):,1000,0,0,0,0,0,1,78935401131
Measurement_interval(ms):,1000,372,0,0,0,0,1,78936031539
Measurement_interval(ms):,1000,596,6768,13110,0,0,1,78937031501
Measurement_interval(ms):,1000,600,6768,13110,0,0,1,78938031527
Measurement_interval(ms):,1000,596,6768,13110,0,0,1,78939031502
Measurement_interval(ms):,1000,600,6768,13110,0,0,1,78940031504
Measurement_interval(ms):,1000,596,6768,13110,0,0,1,78941031509
Measurement_interval(ms):,1000,600,6768,13110,0,0,1,78942031508
Measurement_interval(ms):,1000,596,6768,13110,0,0,1,78943031532
Measurement_interval(ms):,1000,600,6768,13110,0,0,1,78944031534
Measurement_interval(ms):,1000,596,6768,13110,0,0,1,78945031516
Measurement_interval(ms):,1000,600,6768,13110,0,0,1,78946031566
Measurement_interval(ms):,1000,596,6768,13110,0,0,1,78947031537
Measurement_interval(ms):,1000,596,6768,13110,0,0,1,78948031519
Measurement_interval(ms):,1000,600,6768,13110,0,0,1,78949031552
Measurement_interval(ms):,1000,596,6768,13110,0,0,1,78950031513
Measurement_interval(ms):,1000,600,6768,13110,0,0,1,78951031526
Measurement_interval(ms):,1000,600,6768,13110,0,0,1,78952031529
Measurement_interval(ms):,1000,600,6768,13110,0,0,1,78953031548
Measurement_interval(ms):,1000,600,6768,13110,0,0,1,78954031551
Measurement_interval(ms):,1000,600,6768,13110,0,0,1,78955031530
Measurement_interval(ms):,1000,600,6768,13110,0,0,1,78956031521
Measurement_interval(ms):,1000,600,6768,13110,0,0,1,78957031553
Measurement_interval(ms):,1000,600,6768,13110,0,0,1,78958031553
Measurement_interval(ms):,1000,600,6768,13110,0,0,1,78959031525
Measurement_interval(ms):,1000,600,6768,13110,0,0,1,78960031513
Measurement_interval(ms):,1000,600,6768,13110,0,0,1,78961031864
Measurement_interval(ms):,1000,596,6768,13110,0,0,1,78962031551
Measurement_interval(ms):,1000,604,6768,13110,0,0,1,78963031694
Measurement_interval(ms):,1000,600,6768,13110,0,0,1,78964031736
Measurement_interval(ms):,1000,596,6768,13110,0,0,1,78965031516
Measurement_interval(ms):,1000,600,6768,13110,0,0,1,78966031551
Measurement_interval(ms):,1000,600,6768,13110,0,0,1,78967031531
