Measurement_interval(ms):,1000,0,0,0,0,0,1,78991145764
Measurement_interval(ms):,1000,0,0,0,0,0,1,78994346735
Measurement_interval(ms):,1000,0,0,0,0,0,1,78994346737
Measurement_interval(ms):,1000,0,0,0,0,0,1,78994346739
Measurement_interval(ms):,1000,0,0,0,0,0,1,78994346740
Measurement_interval(ms):,1000,0,0,0,0,0,1,78994346790
Measurement_interval(ms):,1000,0,0,0,0,0,1,78994346791
Measurement_interval(ms):,1000,0,0,0,0,0,1,78994346792
Measurement_interval(ms):,1000,760,0,0,0,0,1,78995123290
Measurement_interval(ms):,1000,992,8030,15724,0,0,1,78996123333
Measurement_interval(ms):,1000,1000,8030,15724,0,0,1,78997123286
Measurement_interval(ms):,1000,992,8030,15724,0,0,1,78998123286
Measurement_interval(ms):,1000,1000,8030,15643,0,0,1,78999123315
Measurement_interval(ms):,1000,992,8030,15643,0,0,1,79000123309
Measurement_interval(ms):,1000,1000,8030,15643,0,0,1,79001123331
Measurement_interval(ms):,1000,992,8030,15643,0,0,1,79002123323
Measurement_interval(ms):,1000,1000,8030,15643,0,0,1,79003123300
Measurement_interval(ms):,1000,992,7990,15643,0,0,1,79004123319
Measurement_interval(ms):,1000,1000,7990,15643,0,0,1,79005123285
Measurement_interval(ms):,1000,1000,7990,15643,0,0,1,79006123285
Measurement_interval(ms):,1000,992,7990,15643,0,0,1,79007123320
Measurement_interval(ms):,1000,1000,8030,15643,0,0,1,79008123284
Measurement_interval(ms):,1000,992,8030,15643,0,0,1,79009123330
Measurement_interval(ms):,1000,1000,8030,15643,0,0,1,79010123318
Measurement_interval(ms):,1000,992,8030,15643,0,0,1,79011123292
Measurement_interval(ms):,1000,1000,8030,15643,0,0,1,79012123410
Measurement_interval(ms):,1000,992,8030,15643,0,0,1,79013123287
Measurement_interval(ms):,1000,1000,8030,15643,0,0,1,79014123287
Measurement_interval(ms):,1000,992,8030,15643,0,0,1,79015123310
Measurement_interval(ms):,1000,1000,8030,15643,0,0,1,79016123285
Measurement_interval(ms):,1000,992,8030,15643,0,0,1,79017123285
Measurement_interval(ms):,1000,1000,8030,15643,0,0,1,79018123317
Measurement_interval(ms):,1000,992,8030,15643,0,0,1,79019123316
Measurement_interval(ms):,1000,1000,8030,15643,0,0,1,79020123285
Measurement_interval(ms):,1000,1000,8030,15643,0,0,1,79021123655
Measurement_interval(ms):,1000,992,8030,15643,0,0,1,79022123301
Measurement_interval(ms):,1000,1000,8030,15643,0,0,1,79023123281
Measurement_interval(ms):,1000,992,7990,15643,0,0,1,79024123320
Measurement_interval(ms):,1000,1000,7990,15643,0,0,1,79025123317
Measurement_interval(ms):,1000,1000,7990,15643,0,0,1,79026123568
Measurement_interval(ms):,1000,992,7990,15643,0,0,1,79027123320
Measurement_interval(ms):,1000,1000,7990,15643,0,0,1,79028123305
Measurement_interval(ms):,1000,1000,7990,15643,0,0,1,79029123280
Measurement_interval(ms):,1000,992,7990,15643,0,0,1,79030123322
Measurement_interval(ms):,1000,1000,7990,15643,0,0,1,79031123295
