Measurement_interval(ms):,1000,0,0,0,0,0,1,489510853092
Measurement_interval(ms):,1000,0,0,0,0,0,1,489516862190
Measurement_interval(ms):,1000,0,0,0,0,0,1,489516862191
Measurement_interval(ms):,1000,0,0,0,0,0,1,489516862194
Measurement_interval(ms):,1000,0,0,0,0,0,1,489516862195
Measurement_interval(ms):,1000,0,0,0,0,0,1,489516862197
Measurement_interval(ms):,1000,0,0,0,0,0,1,489516862198
Measurement_interval(ms):,1000,0,0,0,0,0,1,489516862199
Measurement_interval(ms):,1000,0,0,0,0,0,1,489518491895
Measurement_interval(ms):,1000,16,0,0,0,0,1,489519554288
Measurement_interval(ms):,1000,240,0,0,0,0,1,489519840341
Measurement_interval(ms):,1000,832,0,0,0,0,1,489520840338
Measurement_interval(ms):,1000,832,19012,36124,0,0,1,489521840351
Measurement_interval(ms):,1000,848,19012,36124,0,0,1,489522841803
Measurement_interval(ms):,1000,832,19012,36124,0,0,1,489523840323
Measurement_interval(ms):,1000,832,19012,36124,0,0,1,489524840336
Measurement_interval(ms):,1000,832,19012,36124,0,0,1,489525840314
Measurement_interval(ms):,1000,832,19012,36124,0,0,1,489526840323
Measurement_interval(ms):,1000,832,19012,36124,0,0,1,489527840326
Measurement_interval(ms):,1000,848,19012,36124,0,0,1,489528840358
Measurement_interval(ms):,1000,832,19012,36124,0,0,1,489529840336
Measurement_interval(ms):,1000,832,19012,36124,0,0,1,489530840314
Measurement_interval(ms):,1000,832,19012,36124,0,0,1,489531840321
Measurement_interval(ms):,1000,832,19012,36124,0,0,1,489532840353
Measurement_interval(ms):,1000,832,19012,36124,0,0,1,489533840338
Measurement_interval(ms):,1000,848,19012,36124,0,0,1,489534840951
Measurement_interval(ms):,1000,832,19012,36124,0,0,1,489535840337
Measurement_interval(ms):,1000,832,19012,36124,0,0,1,489536840336
Measurement_interval(ms):,1000,832,19012,36124,0,0,1,489537840361
Measurement_interval(ms):,1000,832,19012,36124,0,0,1,489538840349
Measurement_interval(ms):,1000,832,19012,36124,0,0,1,489539840320
Measurement_interval(ms):,1000,848,19012,36124,0,0,1,489540841326
Measurement_interval(ms):,1000,832,19012,36124,0,0,1,489541840328
Measurement_interval(ms):,1000,832,19012,36124,0,0,1,489542840317
Measurement_interval(ms):,1000,832,19012,36124,0,0,1,489543840316
Measurement_interval(ms):,1000,832,19012,36124,0,0,1,489544840318
Measurement_interval(ms):,1000,832,19012,36124,0,0,1,489545840314
Measurement_interval(ms):,1000,848,19012,36124,0,0,1,489546841423
Measurement_interval(ms):,1000,832,19012,36124,0,0,1,489547840335
Measurement_interval(ms):,1000,832,19012,36124,0,0,1,489548840350
Measurement_interval(ms):,1000,832,19012,36124,0,0,1,489549840332
