Measurement_interval(ms):,1000,0,0,0,0,0,1,489266390361
Measurement_interval(ms):,1000,0,0,0,0,0,1,489269704165
Measurement_interval(ms):,1000,0,0,0,0,0,1,489269704166
Measurement_interval(ms):,1000,0,0,0,0,0,1,489269704169
Measurement_interval(ms):,1000,0,0,0,0,0,1,489269704170
Measurement_interval(ms):,1000,0,0,0,0,0,1,489269704171
Measurement_interval(ms):,1000,0,0,0,0,0,1,489269704172
Measurement_interval(ms):,1000,0,0,0,0,0,1,489269704220
Measurement_interval(ms):,1000,0,0,0,0,0,1,489269704220
Measurement_interval(ms):,1000,0,0,0,0,0,1,489271329877
Measurement_interval(ms):,1000,0,0,0,0,0,1,489271329888
Measurement_interval(ms):,1000,8,0,0,0,0,1,489272309173
Measurement_interval(ms):,1000,312,0,0,0,0,1,489272758404
Measurement_interval(ms):,1000,688,11604,21207,0,0,1,489273757797
Measurement_interval(ms):,1000,688,11604,21207,0,0,1,489274756873
Measurement_interval(ms):,1000,688,11604,21207,0,0,1,489275756634
Measurement_interval(ms):,1000,688,11604,21207,0,0,1,489276756628
Measurement_interval(ms):,1000,688,11604,21207,0,0,1,489277756656
Measurement_interval(ms):,1000,688,11604,21207,0,0,1,489278756612
Measurement_interval(ms):,1000,688,11604,21207,0,0,1,489279756641
Measurement_interval(ms):,1000,688,11604,21207,0,0,1,489280756627
Measurement_interval(ms):,1000,688,11604,21207,0,0,1,489281756608
Measurement_interval(ms):,1000,688,11604,21207,0,0,1,489282756653
Measurement_interval(ms):,1000,688,11604,21207,0,0,1,489283756619
Measurement_interval(ms):,1000,688,11604,21207,0,0,1,489284756653
Measurement_interval(ms):,1000,688,11604,21207,0,0,1,489285756613
Measurement_interval(ms):,1000,688,11604,21207,0,0,1,489286756656
Measurement_interval(ms):,1000,688,11604,21207,0,0,1,489287756612
Measurement_interval(ms):,1000,688,11604,21207,0,0,1,489288756633
Measurement_interval(ms):,1000,688,11604,21207,0,0,1,489289756638
Measurement_interval(ms):,1000,688,11604,21207,0,0,1,489290756643
Measurement_interval(ms):,1000,688,11604,21207,0,0,1,489291756606
Measurement_interval(ms):,1000,696,11604,21207,0,0,1,489292758525
Measurement_interval(ms):,1000,688,11604,21207,0,0,1,489293758080
Measurement_interval(ms):,1000,688,11604,21207,0,0,1,489294757858
Measurement_interval(ms):,1000,688,11604,21207,0,0,1,489295757267
Measurement_interval(ms):,1000,688,11604,21207,0,0,1,489296756671
Measurement_interval(ms):,1000,688,11604,21207,0,0,1,489297756606
Measurement_interval(ms):,1000,688,11604,21207,0,0,1,489298756652
Measurement_interval(ms):,1000,688,11604,21207,0,0,1,489299756630
Measurement_interval(ms):,1000,688,11604,21207,0,0,1,489300756632
Measurement_interval(ms):,1000,688,11604,21207,0,0,1,489301756605
Measurement_interval(ms):,1000,688,11604,21207,0,0,1,489302756642
