Measurement_interval(ms):,1000,0,0,0,0,0,1,486578569497
Measurement_interval(ms):,1000,0,0,0,0,0,1,486578569499
Measurement_interval(ms):,1000,0,0,0,0,0,1,486578569503
Measurement_interval(ms):,1000,0,0,0,0,0,1,486578569504
Measurement_interval(ms):,1000,0,0,0,0,0,1,486578569506
Measurement_interval(ms):,1000,0,0,0,0,0,1,486578569507
Measurement_interval(ms):,1000,0,0,0,0,0,1,486580186034
Measurement_interval(ms):,1000,2,0,0,0,0,1,486581123369
Measurement_interval(ms):,1000,88,0,0,0,0,1,486581397959
Measurement_interval(ms):,1000,324,6727,11275,0,0,1,486582396611
Measurement_interval(ms):,1000,324,6295,10795,0,0,1,486583396573
Measurement_interval(ms):,1000,326,6295,10495,0,0,1,486584397878
Measurement_interval(ms):,1000,324,6295,10495,0,0,1,486585396602
Measurement_interval(ms):,1000,324,6295,10495,0,0,1,486586396611
Measurement_interval(ms):,1000,326,6295,10495,0,0,1,486587397643
Measurement_interval(ms):,1000,324,6223,10435,0,0,1,486588396578
Measurement_interval(ms):,1000,326,6223,10495,0,0,1,486589397843
Measurement_interval(ms):,1000,324,6223,10495,0,0,1,486590396603
Measurement_interval(ms):,1000,324,6223,10495,0,0,1,486591396589
Measurement_interval(ms):,1000,326,6223,10495,0,0,1,486592397871
Measurement_interval(ms):,1000,324,6223,10495,0,0,1,486593396577
Measurement_interval(ms):,1000,324,6223,10495,0,0,1,486594396607
Measurement_interval(ms):,1000,326,6223,10495,0,0,1,486595397342
Measurement_interval(ms):,1000,324,6223,10495,0,0,1,486596396590
Measurement_interval(ms):,1000,324,6223,10495,0,0,1,486597396577
Measurement_interval(ms):,1000,326,6223,10495,0,0,1,486598396881
Measurement_interval(ms):,1000,324,6223,10495,0,0,1,486599396573
Measurement_interval(ms):,1000,324,6223,10495,0,0,1,486600396615
Measurement_interval(ms):,1000,326,6223,10495,0,0,1,486601396595
Measurement_interval(ms):,1000,324,6223,10495,0,0,1,486602396608
Measurement_interval(ms):,1000,326,6223,10495,0,0,1,486603396904
Measurement_interval(ms):,1000,324,6223,10495,0,0,1,486604396602
Measurement_interval(ms):,1000,324,6223,10495,0,0,1,486605396610
Measurement_interval(ms):,1000,326,6223,10495,0,0,1,486606396609
Measurement_interval(ms):,1000,324,6223,10495,0,0,1,486607396577
Measurement_interval(ms):,1000,326,6223,10495,0,0,1,486608397562
Measurement_interval(ms):,1000,324,6223,10495,0,0,1,486609396587
Measurement_interval(ms):,1000,324,6223,10495,0,0,1,486610396601
Measurement_interval(ms):,1000,326,6187,10495,0,0,1,486611396568
Measurement_interval(ms):,1000,324,6187,10495,0,0,1,486612396589
Measurement_interval(ms):,1000,326,6187,10495,0,0,1,486613396563
Measurement_interval(ms):,1000,324,6187,10495,0,0,1,486614396614
Measurement_interval(ms):,1000,326,6187,10495,0,0,1,486615397325
