Measurement_interval(ms):,1000,0,0,0,0,0,1,488206302558
Measurement_interval(ms):,1000,0,0,0,0,0,1,488206302560
Measurement_interval(ms):,1000,0,0,0,0,0,1,488206302563
Measurement_interval(ms):,1000,0,0,0,0,0,1,488207929440
Measurement_interval(ms):,1000,0,0,0,0,0,1,488207929456
Measurement_interval(ms):,1000,4,0,0,0,0,1,488208872830
Measurement_interval(ms):,1000,364,0,0,0,0,1,488209577780
Measurement_interval(ms):,1000,516,7843,13606,0,0,1,488210576908
Measurement_interval(ms):,1000,516,7804,13606,0,0,1,488211576933
Measurement_interval(ms):,1000,516,7804,13606,0,0,1,488212576937
Measurement_interval(ms):,1000,516,7804,13606,0,0,1,488213576957
Measurement_interval(ms):,1000,520,7804,13606,0,0,1,488214577707
Measurement_interval(ms):,1000,516,7804,13606,0,0,1,488215576920
Measurement_interval(ms):,1000,516,7804,13606,0,0,1,488216576921
Measurement_interval(ms):,1000,516,7804,13678,0,0,1,488217576931
Measurement_interval(ms):,1000,516,7804,13678,0,0,1,488218576956
Measurement_interval(ms):,1000,516,7804,13678,0,0,1,488219576944
Measurement_interval(ms):,1000,516,7804,13678,0,0,1,488220576914
Measurement_interval(ms):,1000,516,7804,13678,0,0,1,488221576912
Measurement_interval(ms):,1000,520,7804,13678,0,0,1,488222578457
Measurement_interval(ms):,1000,516,7804,13678,0,0,1,488223577527
Measurement_interval(ms):,1000,516,7804,13678,0,0,1,488224576906
Measurement_interval(ms):,1000,516,7804,13678,0,0,1,488225576947
Measurement_interval(ms):,1000,516,7804,13678,0,0,1,488226576929
Measurement_interval(ms):,1000,516,7804,13678,0,0,1,488227576954
Measurement_interval(ms):,1000,516,7804,13678,0,0,1,488228576949
Measurement_interval(ms):,1000,516,7804,13678,0,0,1,488229576923
Measurement_interval(ms):,1000,516,7804,13678,0,0,1,488230576906
Measurement_interval(ms):,1000,520,7804,13678,0,0,1,488231578651
Measurement_interval(ms):,1000,516,7804,13678,0,0,1,488232577278
Measurement_interval(ms):,1000,516,7804,13678,0,0,1,488233576904
Measurement_interval(ms):,1000,516,7804,13678,0,0,1,488234576904
Measurement_interval(ms):,1000,516,7804,13678,0,0,1,488235576906
Measurement_interval(ms):,1000,516,7804,13678,0,0,1,488236576927
Measurement_interval(ms):,1000,516,7804,13678,0,0,1,488237576950
Measurement_interval(ms):,1000,516,7804,13678,0,0,1,488238576904
Measurement_interval(ms):,1000,516,7804,13678,0,0,1,488239576935
