Measurement_interval(ms):,1000,0,0,0,0,0,1,490657839516
Measurement_interval(ms):,1000,0,0,0,0,0,1,490657839519
Measurement_interval(ms):,1000,0,0,0,0,0,1,490657839522
Measurement_interval(ms):,1000,0,0,0,0,0,1,490657839523
Measurement_interval(ms):,1000,0,0,0,0,0,1,490657839525
Measurement_interval(ms):,1000,0,0,0,0,0,1,490657839526
Measurement_interval(ms):,1000,0,0,0,0,0,1,490657839527
Measurement_interval(ms):,1000,0,0,0,0,0,1,490657839528
Measurement_interval(ms):,1000,0,0,0,0,0,1,490657839529
Measurement_interval(ms):,1000,0,0,0,0,0,1,490657839530
Measurement_interval(ms):,1000,0,0,0,0,0,1,490657839531
Measurement_interval(ms):,1000,0,0,0,0,0,1,490657839532
Measurement_interval(ms):,1000,0,0,0,0,0,1,490657839567
Measurement_interval(ms):,1000,0,0,0,0,0,1,490657839568
Measurement_interval(ms):,1000,0,0,0,0,0,1,490659507593
Measurement_interval(ms):,1000,0,0,0,0,0,1,490659507604
Measurement_interval(ms):,1000,96,0,0,0,0,1,490660447529
Measurement_interval(ms):,1000,864,0,0,0,0,1,490661447525
Measurement_interval(ms):,1000,832,0,0,0,0,1,490662447489
Measurement_interval(ms):,1000,864,0,0,0,0,1,490663447533
Measurement_interval(ms):,1000,864,35693,71317,0,0,1,490664447537
Measurement_interval(ms):,1000,864,35693,71317,0,0,1,490665447510
Measurement_interval(ms):,1000,864,35693,71317,0,0,1,490666447525
Measurement_interval(ms):,1000,864,35693,71317,0,0,1,490667447506
Measurement_interval(ms):,1000,832,35693,70595,0,0,1,490668447496
Measurement_interval(ms):,1000,864,35693,70595,0,0,1,490669447496
Measurement_interval(ms):,1000,864,35693,70595,0,0,1,490670447496
Measurement_interval(ms):,1000,864,35693,70595,0,0,1,490671447508
Measurement_interval(ms):,1000,864,35693,70595,0,0,1,490672447531
Measurement_interval(ms):,1000,832,35693,70595,0,0,1,490673447520
Measurement_interval(ms):,1000,864,35693,70595,0,0,1,490674447547
Measurement_interval(ms):,1000,864,35693,70595,0,0,1,490675447549
Measurement_interval(ms):,1000,864,35514,70595,0,0,1,490676447515
Measurement_interval(ms):,1000,864,35514,70595,0,0,1,490677447550
Measurement_interval(ms):,1000,864,35514,70595,0,0,1,490678449209
Measurement_interval(ms):,1000,832,35514,70595,0,0,1,490679447552
Measurement_interval(ms):,1000,864,35514,70595,0,0,1,490680447541
Measurement_interval(ms):,1000,864,35514,70595,0,0,1,490681447507
Measurement_interval(ms):,1000,864,35514,70595,0,0,1,490682447534
Measurement_interval(ms):,1000,864,35514,70595,0,0,1,490683447523
Measurement_interval(ms):,1000,864,35514,70595,0,0,1,490684447532
Measurement_interval(ms):,1000,832,35514,70595,0,0,1,490685447514
Measurement_interval(ms):,1000,864,35514,70595,0,0,1,490686447562
Measurement_interval(ms):,1000,864,35514,70595,0,0,1,490687447561
Measurement_interval(ms):,1000,864,35514,70595,0,0,1,490688447552
Measurement_interval(ms):,1000,864,35514,70595,0,0,1,490689447534
Measurement_interval(ms):,1000,832,35514,70595,0,0,1,490690447555
Measurement_interval(ms):,1000,864,35514,70595,0,0,1,490691447558
Measurement_interval(ms):,1000,864,35514,70595,0,0,1,490692447518
Measurement_interval(ms):,1000,864,35514,70595,0,0,1,490693447523
Measurement_interval(ms):,1000,864,35514,70595,0,0,1,490694447527
Measurement_interval(ms):,1000,864,35514,70595,0,0,1,490695449099
