Measurement_interval(ms):,1000,0,0,0,0,0,1,498695663214
Measurement_interval(ms):,1000,0,0,0,0,0,1,498700316361
Measurement_interval(ms):,1000,0,0,0,0,0,1,498700316364
Measurement_interval(ms):,1000,0,0,0,0,0,1,498700316367
Measurement_interval(ms):,1000,0,0,0,0,0,1,498700316368
Measurement_interval(ms):,1000,0,0,0,0,0,1,498700316369
Measurement_interval(ms):,1000,0,0,0,0,0,1,498700316370
Measurement_interval(ms):,1000,0,0,0,0,0,1,498701896198
Measurement_interval(ms):,1000,0,0,0,0,0,1,498701896201
Measurement_interval(ms):,1000,372,1795,20455,0,0,1,498702575783
Measurement_interval(ms):,1000,632,1745,8415,0,0,1,498703575759
Measurement_interval(ms):,1000,633,1745,3255,0,0,1,498704575801
Measurement_interval(ms):,1000,632,1745,3255,0,0,1,498705575778
Measurement_interval(ms):,1000,633,1745,3255,0,0,1,498706575815
Measurement_interval(ms):,1000,632,1635,3040,0,0,1,498707575800
Measurement_interval(ms):,1000,633,1635,2825,0,0,1,498708575982
Measurement_interval(ms):,1000,632,1635,2825,0,0,1,498709575789
Measurement_interval(ms):,1000,633,1635,2825,0,0,1,498710576152
Measurement_interval(ms):,1000,632,1635,2825,0,0,1,498711575755
Measurement_interval(ms):,1000,632,1635,2825,0,0,1,498712575780
Measurement_interval(ms):,1000,633,1605,2825,0,0,1,498713575763
Measurement_interval(ms):,1000,632,1595,2825,0,0,1,498714575781
Measurement_interval(ms):,1000,633,1595,2825,0,0,1,498715575947
Measurement_interval(ms):,1000,632,1595,2825,0,0,1,498716575799
Measurement_interval(ms):,1000,633,1595,2825,0,0,1,498717576172
Measurement_interval(ms):,1000,632,1595,2825,0,0,1,498718575762
Measurement_interval(ms):,1000,632,1595,2825,0,0,1,498719575787
Measurement_interval(ms):,1000,633,1595,2825,0,0,1,498720575870
Measurement_interval(ms):,1000,632,1595,2825,0,0,1,498721575778
Measurement_interval(ms):,1000,633,1595,2825,0,0,1,498722576065
Measurement_interval(ms):,1000,632,1595,2825,0,0,1,498723575791
Measurement_interval(ms):,1000,632,1585,2825,0,0,1,498724575774
Measurement_interval(ms):,1000,633,1595,2825,0,0,1,498725576068
Measurement_interval(ms):,1000,632,1585,2825,0,0,1,498726575765
Measurement_interval(ms):,1000,632,1595,2825,0,0,1,498727575784
Measurement_interval(ms):,1000,632,1595,2825,0,0,1,498728575803
Measurement_interval(ms):,1000,633,1595,2825,0,0,1,498729575792
Measurement_interval(ms):,1000,632,1595,2825,0,0,1,498730575766
Measurement_interval(ms):,1000,633,1595,2825,0,0,1,498731575883
Measurement_interval(ms):,1000,632,1595,2825,0,0,1,498732575816
Measurement_interval(ms):,1000,632,1595,2825,0,0,1,498733575806
Measurement_interval(ms):,1000,633,1595,2825,0,0,1,498734575767
Measurement_interval(ms):,1000,632,1595,2825,0,0,1,498735575776
