Measurement_interval(ms):,1000,0,0,0,0,0,1,566186667194
Measurement_interval(ms):,1000,0,0,0,0,0,1,566192255705
Measurement_interval(ms):,1000,0,0,0,0,0,1,566192255707
Measurement_interval(ms):,1000,0,0,0,0,0,1,566192255709
Measurement_interval(ms):,1000,0,0,0,0,0,1,566192255710
Measurement_interval(ms):,1000,0,0,0,0,0,1,566192255711
Measurement_interval(ms):,1000,0,0,0,0,0,1,566192255712
Measurement_interval(ms):,1000,0,0,0,0,0,1,566193876762
Measurement_interval(ms):,1000,0,0,0,0,0,1,566193876766
Measurement_interval(ms):,1000,1120,0,0,0,0,1,566194639692
Measurement_interval(ms):,1000,2016,0,0,0,0,1,566195639678
Measurement_interval(ms):,1000,1984,15172,30462,0,0,1,566196639654
Measurement_interval(ms):,1000,1952,15172,34440,0,0,1,566197639666
Measurement_interval(ms):,1000,2016,15172,34440,0,0,1,566198639691
Measurement_interval(ms):,1000,1984,15172,30615,0,0,1,566199639698
Measurement_interval(ms):,1000,1984,15172,30615,0,0,1,566200639691
Measurement_interval(ms):,1000,2016,15096,30615,0,0,1,566201639679
Measurement_interval(ms):,1000,1984,15096,30462,0,0,1,566202639704
Measurement_interval(ms):,1000,2016,15096,30462,0,0,1,566203639657
Measurement_interval(ms):,1000,1984,15096,30462,0,0,1,566204639682
Measurement_interval(ms):,1000,1984,15096,30462,0,0,1,566205639685
Measurement_interval(ms):,1000,2016,15096,30462,0,0,1,566206639681
Measurement_interval(ms):,1000,1984,15096,30462,0,0,1,566207639658
Measurement_interval(ms):,1000,2016,15096,30462,0,0,1,566208639665
Measurement_interval(ms):,1000,1984,15096,30462,0,0,1,566209639688
Measurement_interval(ms):,1000,1984,15096,30462,0,0,1,566210639659
Measurement_interval(ms):,1000,2016,15096,30462,0,0,1,566211639699
Measurement_interval(ms):,1000,1984,15096,30462,0,0,1,566212639669
Measurement_interval(ms):,1000,2016,15096,30462,0,0,1,566213639948
Measurement_interval(ms):,1000,1984,15096,30462,0,0,1,566214639702
Measurement_interval(ms):,1000,1984,15096,30462,0,0,1,566215639663
Measurement_interval(ms):,1000,2016,15096,30462,0,0,1,566216639690
Measurement_interval(ms):,1000,1984,15096,30462,0,0,1,566217639663
Measurement_interval(ms):,1000,2016,15096,30462,0,0,1,566218639690
Measurement_interval(ms):,1000,1984,15096,30462,0,0,1,566219639695
Measurement_interval(ms):,1000,2016,15096,30462,0,0,1,566220639687
Measurement_interval(ms):,1000,1984,15096,30462,0,0,1,566221639708
Measurement_interval(ms):,1000,1984,15096,30462,0,0,1,566222639671
Measurement_interval(ms):,1000,2016,15096,30462,0,0,1,566223639670
Measurement_interval(ms):,1000,1984,15096,30462,0,0,1,566224639707
Measurement_interval(ms):,1000,2016,15096,30462,0,0,1,566225640165
Measurement_interval(ms):,1000,1984,15096,30462,0,0,1,566226639698
Measurement_interval(ms):,1000,1984,15096,30462,0,0,1,566227639689
