Measurement_interval(ms):,1000,0,0,0,0,0,1,500555624966
Measurement_interval(ms):,1000,0,0,0,0,0,1,500561667181
Measurement_interval(ms):,1000,0,0,0,0,0,1,500561667183
Measurement_interval(ms):,1000,0,0,0,0,0,1,500561667186
Measurement_interval(ms):,1000,0,0,0,0,0,1,500561667187
Measurement_interval(ms):,1000,0,0,0,0,0,1,500561667189
Measurement_interval(ms):,1000,0,0,0,0,0,1,500561667189
Measurement_interval(ms):,1000,0,0,0,0,0,1,500563249176
Measurement_interval(ms):,1000,296,0,0,0,0,1,500563588240
Measurement_interval(ms):,1000,1176,3403,10371,0,0,1,500564588207
Measurement_interval(ms):,1000,1172,3403,8589,0,0,1,500565588223
Measurement_interval(ms):,1000,1172,3403,7302,0,0,1,500566588206
Measurement_interval(ms):,1000,1176,3403,6411,0,0,1,500567588206
Measurement_interval(ms):,1000,1176,3403,6411,0,0,1,500568588216
Measurement_interval(ms):,1000,1172,3403,6411,0,0,1,500569588227
Measurement_interval(ms):,1000,1176,3403,6411,0,0,1,500570588229
Measurement_interval(ms):,1000,1176,3403,6312,0,0,1,500571588252
Measurement_interval(ms):,1000,1172,3403,15816,0,0,1,500572588220
Measurement_interval(ms):,1000,1172,3403,14232,0,0,1,500573588217
Measurement_interval(ms):,1000,1172,3403,12252,0,0,1,500574588211
Measurement_interval(ms):,1000,1168,3403,10965,0,0,1,500575588203
Measurement_interval(ms):,1000,1168,3403,9579,0,0,1,500576588234
Measurement_interval(ms):,1000,1172,3403,8985,0,0,1,500577588206
Measurement_interval(ms):,1000,1168,3403,8292,0,0,1,500578588231
Measurement_interval(ms):,1000,1172,3403,7797,0,0,1,500579588206
Measurement_interval(ms):,1000,1172,3403,7698,0,0,1,500580588237
Measurement_interval(ms):,1000,1168,3403,7302,0,0,1,500581588204
Measurement_interval(ms):,1000,1176,3403,6411,0,0,1,500582588442
Measurement_interval(ms):,1000,1172,3403,6411,0,0,1,500583588246
Measurement_interval(ms):,1000,1172,3403,6411,0,0,1,500584588211
Measurement_interval(ms):,1000,1172,3403,6411,0,0,1,500585588457
Measurement_interval(ms):,1000,1168,3403,6411,0,0,1,500586588235
Measurement_interval(ms):,1000,1172,3403,6411,0,0,1,500587588228
Measurement_interval(ms):,1000,1172,3403,6411,0,0,1,500588588226
Measurement_interval(ms):,1000,1172,3403,6411,0,0,1,500589588305
Measurement_interval(ms):,1000,1168,3403,6411,0,0,1,500590588220
Measurement_interval(ms):,1000,1172,3403,6411,0,0,1,500591588226
Measurement_interval(ms):,1000,1172,3403,6411,0,0,1,500592588568
Measurement_interval(ms):,1000,1168,3403,6411,0,0,1,500593588208
Measurement_interval(ms):,1000,1172,3403,6411,0,0,1,500594588214
Measurement_interval(ms):,1000,1172,3403,6411,0,0,1,500595588747
Measurement_interval(ms):,1000,1168,3403,6411,0,0,1,500596588198
Measurement_interval(ms):,1000,1172,3403,6411,0,0,1,500597588228
Measurement_interval(ms):,1000,1168,3403,6411,0,0,1,500598588237
Measurement_interval(ms):,1000,1172,3403,6411,0,0,1,500599588219
Measurement_interval(ms):,1000,1172,3403,6411,0,0,1,500600588198
Measurement_interval(ms):,1000,1172,3403,6411,0,0,1,500601588704
