Measurement_interval(ms):,1000,0,0,0,0,0,1,565213570709
Measurement_interval(ms):,1000,0,0,0,0,0,1,565219488095
Measurement_interval(ms):,1000,0,0,0,0,0,1,565219488096
Measurement_interval(ms):,1000,0,0,0,0,0,1,565219488099
Measurement_interval(ms):,1000,0,0,0,0,0,1,565219488100
Measurement_interval(ms):,1000,0,0,0,0,0,1,565219488101
Measurement_interval(ms):,1000,0,0,0,0,0,1,565219488102
Measurement_interval(ms):,1000,0,0,0,0,0,1,565221096044
Measurement_interval(ms):,1000,0,0,0,0,0,1,565221096048
Measurement_interval(ms):,1000,512,0,0,0,0,1,565221503430
Measurement_interval(ms):,1000,1904,8208,15905,0,0,1,565222503429
Measurement_interval(ms):,1000,1920,8208,15985,0,0,1,565223504337
Measurement_interval(ms):,1000,1888,8208,15985,0,0,1,565224503451
Measurement_interval(ms):,1000,1904,8208,15985,0,0,1,565225503455
Measurement_interval(ms):,1000,1904,8208,15985,0,0,1,565226503460
Measurement_interval(ms):,1000,1904,8208,15985,0,0,1,565227503458
Measurement_interval(ms):,1000,1904,8208,15985,0,0,1,565228503430
Measurement_interval(ms):,1000,1904,8208,15985,0,0,1,565229503475
Measurement_interval(ms):,1000,1904,8208,15985,0,0,1,565230503461
Measurement_interval(ms):,1000,1904,8208,15985,0,0,1,565231503436
Measurement_interval(ms):,1000,1920,8208,15985,0,0,1,565232504345
Measurement_interval(ms):,1000,1904,8208,15985,0,0,1,565233504279
Measurement_interval(ms):,1000,1888,8208,15985,0,0,1,565234503436
Measurement_interval(ms):,1000,1904,8208,15985,0,0,1,565235503467
Measurement_interval(ms):,1000,1904,8208,15985,0,0,1,565236503433
Measurement_interval(ms):,1000,1872,8208,15985,0,0,1,565237503439
Measurement_interval(ms):,1000,1904,8208,15985,0,0,1,565238503455
Measurement_interval(ms):,1000,1904,8208,15985,0,0,1,565239503468
Measurement_interval(ms):,1000,1904,8208,15985,0,0,1,565240503465
Measurement_interval(ms):,1000,1904,8208,15985,0,0,1,565241503451
Measurement_interval(ms):,1000,1904,8208,15985,0,0,1,565242503434
Measurement_interval(ms):,1000,1904,8208,15985,0,0,1,565243503444
Measurement_interval(ms):,1000,1904,8208,15985,0,0,1,565244503464
Measurement_interval(ms):,1000,1904,8208,15985,0,0,1,565245503454
Measurement_interval(ms):,1000,1904,8208,15985,0,0,1,565246503435
Measurement_interval(ms):,1000,1904,8208,15985,0,0,1,565247503435
Measurement_interval(ms):,1000,1904,8208,15985,0,0,1,565248503465
Measurement_interval(ms):,1000,1904,8208,15985,0,0,1,565249503436
Measurement_interval(ms):,1000,1904,8208,15985,0,0,1,565250503480
Measurement_interval(ms):,1000,1904,8208,15985,0,0,1,565251503445
Measurement_interval(ms):,1000,1904,8208,15985,0,0,1,565252503462
