Measurement_interval(ms):,1000,0,0,0,0,0,1,564549217739
Measurement_interval(ms):,1000,0,0,0,0,0,1,564551958408
Measurement_interval(ms):,1000,0,0,0,0,0,1,564551958409
Measurement_interval(ms):,1000,0,0,0,0,0,1,564551958412
Measurement_interval(ms):,1000,0,0,0,0,0,1,564551958413
Measurement_interval(ms):,1000,0,0,0,0,0,1,564551958415
Measurement_interval(ms):,1000,0,0,0,0,0,1,564553553046
Measurement_interval(ms):,1000,0,0,0,0,0,1,564553553049
Measurement_interval(ms):,1000,800,0,0,0,0,1,564554188585
Measurement_interval(ms):,1000,1512,5218,9896,0,0,1,564555188568
Measurement_interval(ms):,1000,1520,5218,9896,0,0,1,564556188585
Measurement_interval(ms):,1000,1520,5218,9896,0,0,1,564557188963
Measurement_interval(ms):,1000,1512,5244,9896,0,0,1,564558188611
Measurement_interval(ms):,1000,1520,5244,9896,0,0,1,564559188925
Measurement_interval(ms):,1000,1512,5244,9896,0,0,1,564560188600
Measurement_interval(ms):,1000,1520,5244,9896,0,0,1,564561188611
Measurement_interval(ms):,1000,1512,5218,9896,0,0,1,564562188591
Measurement_interval(ms):,1000,1520,5218,9896,0,0,1,564563188593
Measurement_interval(ms):,1000,1520,5218,9896,0,0,1,564564188576
Measurement_interval(ms):,1000,1520,5218,9896,0,0,1,564565188962
Measurement_interval(ms):,1000,1512,5218,9896,0,0,1,564566188580
Measurement_interval(ms):,1000,1520,5218,9896,0,0,1,564567188585
Measurement_interval(ms):,1000,1512,5218,9896,0,0,1,564568188593
Measurement_interval(ms):,1000,1520,5218,9896,0,0,1,564569188577
Measurement_interval(ms):,1000,1512,5218,9896,0,0,1,564570188613
Measurement_interval(ms):,1000,1520,5218,9896,0,0,1,564571188583
Measurement_interval(ms):,1000,1520,5218,9896,0,0,1,564572188571
Measurement_interval(ms):,1000,1512,5218,9896,0,0,1,564573188585
Measurement_interval(ms):,1000,1520,5218,9896,0,0,1,564574188591
Measurement_interval(ms):,1000,1520,5218,9896,0,0,1,564575188596
Measurement_interval(ms):,1000,1520,5218,9896,0,0,1,564576189154
Measurement_interval(ms):,1000,1512,5218,9896,0,0,1,564577188605
Measurement_interval(ms):,1000,1520,5218,9896,0,0,1,564578188576
Measurement_interval(ms):,1000,1520,5218,9896,0,0,1,564579188839
Measurement_interval(ms):,1000,1512,5218,9896,0,0,1,564580188591
Measurement_interval(ms):,1000,1520,5218,9896,0,0,1,564581188592
Measurement_interval(ms):,1000,1520,5218,9896,0,0,1,564582188568
Measurement_interval(ms):,1000,1520,5218,9896,0,0,1,564583188859
Measurement_interval(ms):,1000,1512,5218,9896,0,0,1,564584188596
