Measurement_interval(ms):,1000,0,0,0,0,0,1,575221312674
Measurement_interval(ms):,1000,0,0,0,0,0,1,575223547251
Measurement_interval(ms):,1000,0,0,0,0,0,1,575223547252
Measurement_interval(ms):,1000,0,0,0,0,0,1,575223547255
Measurement_interval(ms):,1000,0,0,0,0,0,1,575223547256
Measurement_interval(ms):,1000,0,0,0,0,0,1,575223547257
Measurement_interval(ms):,1000,0,0,0,0,0,1,575225199609
Measurement_interval(ms):,1000,2,0,0,0,0,1,575227106663
Measurement_interval(ms):,1000,0,0,0,0,0,1,575227106666
Measurement_interval(ms):,1000,12,0,0,0,0,1,575227419947
Measurement_interval(ms):,1000,34,0,0,0,0,1,575228419979
Measurement_interval(ms):,1000,34,0,0,0,0,1,575229419996
Measurement_interval(ms):,1000,34,0,0,0,0,1,575230419988
Measurement_interval(ms):,1000,34,0,0,0,0,1,575231419994
Measurement_interval(ms):,1000,34,0,0,0,0,1,575232420217
Measurement_interval(ms):,1000,32,0,0,0,0,1,575233419974
Measurement_interval(ms):,1000,34,59259,117858,0,0,1,575234419975
Measurement_interval(ms):,1000,34,59259,117858,0,0,1,575235419979
Measurement_interval(ms):,1000,34,59259,117858,0,0,1,575236419987
Measurement_interval(ms):,1000,34,59259,117858,0,0,1,575237419962
Measurement_interval(ms):,1000,34,59259,117858,0,0,1,575238419983
Measurement_interval(ms):,1000,34,59259,117858,0,0,1,575239419962
Measurement_interval(ms):,1000,34,59259,117858,0,0,1,575240419972
Measurement_interval(ms):,1000,34,59259,117858,0,0,1,575241419979
Measurement_interval(ms):,1000,34,59259,117858,0,0,1,575242419957
Measurement_interval(ms):,1000,34,59259,117858,0,0,1,575243419984
Measurement_interval(ms):,1000,34,59259,117858,0,0,1,575244419966
Measurement_interval(ms):,1000,34,59259,117858,0,0,1,575245419991
Measurement_interval(ms):,1000,34,59259,117858,0,0,1,575246419967
Measurement_interval(ms):,1000,34,59259,117858,0,0,1,575247420008
Measurement_interval(ms):,1000,34,59259,117858,0,0,1,575248419960
Measurement_interval(ms):,1000,34,59259,117858,0,0,1,575249419992
Measurement_interval(ms):,1000,34,59259,117858,0,0,1,575250420004
Measurement_interval(ms):,1000,34,59259,117858,0,0,1,575251419972
Measurement_interval(ms):,1000,34,59259,117858,0,0,1,575252419986
Measurement_interval(ms):,1000,34,59259,117858,0,0,1,575253419974
Measurement_interval(ms):,1000,34,59259,117858,0,0,1,575254419979
Measurement_interval(ms):,1000,34,59259,117858,0,0,1,575255419995
Measurement_interval(ms):,1000,34,59259,117858,0,0,1,575256419975
Measurement_interval(ms):,1000,34,59259,117858,0,0,1,575257420244
Measurement_interval(ms):,1000,34,59259,117858,0,0,1,575258419991
Measurement_interval(ms):,1000,34,59259,117858,0,0,1,575259419957
Measurement_interval(ms):,1000,32,59259,117858,0,0,1,575260419960
Measurement_interval(ms):,1000,34,59259,117858,0,0,1,575261419957
Measurement_interval(ms):,1000,34,59259,117858,0,0,1,575262419983
