Measurement_interval(ms):,1000,0,0,0,0,0,1,574558714992
Measurement_interval(ms):,1000,0,0,0,0,0,1,574560190928
Measurement_interval(ms):,1000,0,0,0,0,0,1,574560190930
Measurement_interval(ms):,1000,0,0,0,0,0,1,574560190933
Measurement_interval(ms):,1000,0,0,0,0,0,1,574561820275
Measurement_interval(ms):,1000,0,0,0,0,0,1,574561820278
Measurement_interval(ms):,1000,1,0,0,0,0,1,574563538057
Measurement_interval(ms):,1000,0,0,0,0,0,1,574563538060
Measurement_interval(ms):,1000,33,0,0,0,0,1,574564502409
Measurement_interval(ms):,1000,33,0,0,0,0,1,574565501997
Measurement_interval(ms):,1000,33,0,0,0,0,1,574566502002
Measurement_interval(ms):,1000,33,30210,59648,0,0,1,574567502015
Measurement_interval(ms):,1000,34,30210,59648,0,0,1,574568502013
Measurement_interval(ms):,1000,33,30210,59648,0,0,1,574569502012
Measurement_interval(ms):,1000,33,30210,59648,0,0,1,574570502023
Measurement_interval(ms):,1000,34,30210,59648,0,0,1,574571501999
Measurement_interval(ms):,1000,33,30210,59648,0,0,1,574572502010
Measurement_interval(ms):,1000,33,30210,59648,0,0,1,574573502027
Measurement_interval(ms):,1000,34,30210,59648,0,0,1,574574502468
Measurement_interval(ms):,1000,33,30210,59648,0,0,1,574575502026
Measurement_interval(ms):,1000,33,30210,59648,0,0,1,574576502003
Measurement_interval(ms):,1000,33,30210,59648,0,0,1,574577502018
Measurement_interval(ms):,1000,34,30210,59648,0,0,1,574578502010
Measurement_interval(ms):,1000,33,30210,59648,0,0,1,574579502027
Measurement_interval(ms):,1000,33,30210,59648,0,0,1,574580502002
Measurement_interval(ms):,1000,34,30210,59648,0,0,1,574581502030
Measurement_interval(ms):,1000,33,30210,59648,0,0,1,574582501983
Measurement_interval(ms):,1000,33,30210,59648,0,0,1,574583501991
Measurement_interval(ms):,1000,34,30210,59648,0,0,1,574584502010
Measurement_interval(ms):,1000,33,30210,59648,0,0,1,574585501983
Measurement_interval(ms):,1000,33,30210,59648,0,0,1,574586501996
Measurement_interval(ms):,1000,33,30210,59648,0,0,1,574587502009
Measurement_interval(ms):,1000,34,30210,59648,0,0,1,574588502009
Measurement_interval(ms):,1000,33,30210,59648,0,0,1,574589501982
Measurement_interval(ms):,1000,33,30210,59648,0,0,1,574590502011
Measurement_interval(ms):,1000,34,30210,59648,0,0,1,574591502017
Measurement_interval(ms):,1000,33,30210,59648,0,0,1,574592502011
Measurement_interval(ms):,1000,33,30210,59648,0,0,1,574593502010
Measurement_interval(ms):,1000,34,30210,59648,0,0,1,574594501982
Measurement_interval(ms):,1000,33,30210,59648,0,0,1,574595502014
Measurement_interval(ms):,1000,33,30210,59648,0,0,1,574596502013
Measurement_interval(ms):,1000,33,30210,59648,0,0,1,574597502022
Measurement_interval(ms):,1000,34,30210,59648,0,0,1,574598501979
