Measurement_interval(ms):,1000,0,0,0,0,0,1,583682692454
Measurement_interval(ms):,1000,0,0,0,0,0,1,583682692461
Measurement_interval(ms):,1000,0,0,0,0,0,1,583682692462
Measurement_interval(ms):,1000,0,0,0,0,0,1,583682692464
Measurement_interval(ms):,1000,0,0,0,0,0,1,583682692464
Measurement_interval(ms):,1000,0,0,0,0,0,1,583684602425
Measurement_interval(ms):,1000,0,0,0,0,0,1,583684602428
Measurement_interval(ms):,1000,8,0,0,0,0,1,583687303302
Measurement_interval(ms):,1000,0,0,0,0,0,1,583687303305
Measurement_interval(ms):,1000,0,0,0,0,0,1,583687303309
Measurement_interval(ms):,1000,24,0,0,0,0,1,583687713386
Measurement_interval(ms):,1000,40,0,0,0,0,1,583688713352
Measurement_interval(ms):,1000,48,0,0,0,0,1,583689713376
Measurement_interval(ms):,1000,48,0,0,0,0,1,583690713364
Measurement_interval(ms):,1000,48,0,0,0,0,1,583691713384
Measurement_interval(ms):,1000,40,0,0,0,0,1,583692713356
Measurement_interval(ms):,1000,48,0,0,0,0,1,583693713365
Measurement_interval(ms):,1000,48,0,0,0,0,1,583694713359
Measurement_interval(ms):,1000,40,0,0,0,0,1,583695713399
Measurement_interval(ms):,1000,48,0,0,0,0,1,583696713400
Measurement_interval(ms):,1000,48,0,0,0,0,1,583697713365
Measurement_interval(ms):,1000,48,0,0,0,0,1,583698713395
Measurement_interval(ms):,1000,40,0,0,0,0,1,583699713401
Measurement_interval(ms):,1000,48,0,0,0,0,1,583700713388
Measurement_interval(ms):,1000,48,0,0,0,0,1,583701713380
Measurement_interval(ms):,1000,40,0,0,0,0,1,583702713395
Measurement_interval(ms):,1000,48,0,0,0,0,1,583703713375
Measurement_interval(ms):,1000,48,0,0,0,0,1,583704713366
Measurement_interval(ms):,1000,48,0,0,0,0,1,583705713412
Measurement_interval(ms):,1000,40,176332,351914,0,0,1,583706713404
Measurement_interval(ms):,1000,48,176332,351914,0,0,1,583707713378
Measurement_interval(ms):,1000,48,176332,351914,0,0,1,583708713368
Measurement_interval(ms):,1000,40,176332,351914,0,0,1,583709713397
Measurement_interval(ms):,1000,48,176332,351914,0,0,1,583710713408
Measurement_interval(ms):,1000,48,176332,351914,0,0,1,583711713416
Measurement_interval(ms):,1000,40,176332,351914,0,0,1,583712713422
Measurement_interval(ms):,1000,48,176332,351914,0,0,1,583713713388
Measurement_interval(ms):,1000,48,176332,351914,0,0,1,583714713403
Measurement_interval(ms):,1000,48,176332,351914,0,0,1,583715713396
Measurement_interval(ms):,1000,40,176332,351914,0,0,1,583716713419
Measurement_interval(ms):,1000,48,176332,351914,0,0,1,583717713376
Measurement_interval(ms):,1000,48,176332,351914,0,0,1,583718713379
Measurement_interval(ms):,1000,40,176332,351914,0,0,1,583719713385
Measurement_interval(ms):,1000,48,176332,351914,0,0,1,583720713380
Measurement_interval(ms):,1000,48,176332,351914,0,0,1,583721713383
Measurement_interval(ms):,1000,48,176332,351914,0,0,1,583722713424
Measurement_interval(ms):,1000,40,176332,351914,0,0,1,583723713421
Measurement_interval(ms):,1000,48,176332,351914,0,0,1,583724713423
Measurement_interval(ms):,1000,48,176332,351914,0,0,1,583725713422
Measurement_interval(ms):,1000,40,176332,351914,0,0,1,583726713407
Measurement_interval(ms):,1000,48,176332,351914,0,0,1,583727713428
Measurement_interval(ms):,1000,48,176332,351914,0,0,1,583728713387
Measurement_interval(ms):,1000,40,176332,351914,0,0,1,583729713408
Measurement_interval(ms):,1000,48,176332,351914,0,0,1,583730713426
Measurement_interval(ms):,1000,48,176332,351914,0,0,1,583731713395
Measurement_interval(ms):,1000,48,176332,351914,0,0,1,583732713390
Measurement_interval(ms):,1000,40,176332,351914,0,0,1,583733713431
Measurement_interval(ms):,1000,48,176332,351914,0,0,1,583734713394
Measurement_interval(ms):,1000,48,176332,351914,0,0,1,583735713412
Measurement_interval(ms):,1000,40,176332,351914,0,0,1,583736713401
Measurement_interval(ms):,1000,48,176332,351914,0,0,1,583737713438
Measurement_interval(ms):,1000,48,176332,351914,0,0,1,583738713397
Measurement_interval(ms):,1000,48,176332,351914,0,0,1,583739713425
Measurement_interval(ms):,1000,40,176332,351914,0,0,1,583740713411
Measurement_interval(ms):,1000,48,176332,351914,0,0,1,583741713407
