Measurement_interval(ms):,1000,0,0,0,0,0,1,82682974285
Measurement_interval(ms):,1000,0,0,0,0,0,1,82689123836
Measurement_interval(ms):,1000,0,0,0,0,0,1,82689123837
Measurement_interval(ms):,1000,0,0,0,0,0,1,82689123840
Measurement_interval(ms):,1000,0,0,0,0,0,1,82689123841
Measurement_interval(ms):,1000,0,0,0,0,0,1,82689123842
Measurement_interval(ms):,1000,0,0,0,0,0,1,82689123843
Measurement_interval(ms):,1000,0,0,0,0,0,1,82689123890
Measurement_interval(ms):,1000,0,0,0,0,0,1,82689123891
Measurement_interval(ms):,1000,0,0,0,0,0,1,82689123893
Measurement_interval(ms):,1000,160,0,0,0,0,1,82689214448
Measurement_interval(ms):,1000,1992,3974,8919,0,0,1,82690214469
Measurement_interval(ms):,1000,2088,3995,11319,0,0,1,82691214423
Measurement_interval(ms):,1000,2096,3974,11319,0,0,1,82692214485
Measurement_interval(ms):,1000,2088,3974,11319,0,0,1,82693214455
Measurement_interval(ms):,1000,2088,3974,11319,0,0,1,82694214468
Measurement_interval(ms):,1000,2096,3974,10799,0,0,1,82695214516
Measurement_interval(ms):,1000,2088,3974,8919,0,0,1,82696214436
Measurement_interval(ms):,1000,2088,3974,8519,0,0,1,82697214461
Measurement_interval(ms):,1000,2088,3974,8079,0,0,1,82698214420
Measurement_interval(ms):,1000,2096,3974,7679,0,0,1,82699214442
Measurement_interval(ms):,1000,2088,3974,7679,0,0,1,82700214466
Measurement_interval(ms):,1000,2088,3974,7679,0,0,1,82701214442
Measurement_interval(ms):,1000,2088,3974,7639,0,0,1,82702214457
Measurement_interval(ms):,1000,2096,3974,7639,0,0,1,82703214453
Measurement_interval(ms):,1000,2088,3743,7639,0,0,1,82704214420
Measurement_interval(ms):,1000,2096,3743,7639,0,0,1,82705214419
Measurement_interval(ms):,1000,2088,3743,7639,0,0,1,82706214442
Measurement_interval(ms):,1000,2088,3743,7639,0,0,1,82707214459
Measurement_interval(ms):,1000,2096,3743,7599,0,0,1,82708214708
Measurement_interval(ms):,1000,2088,3743,7599,0,0,1,82709214434
Measurement_interval(ms):,1000,2088,3743,7599,0,0,1,82710214460
Measurement_interval(ms):,1000,2096,3743,7439,0,0,1,82711214674
Measurement_interval(ms):,1000,2088,3743,7439,0,0,1,82712214438
Measurement_interval(ms):,1000,2088,3743,7439,0,0,1,82713214460
Measurement_interval(ms):,1000,2088,3743,7599,0,0,1,82714214459
Measurement_interval(ms):,1000,2088,3743,7599,0,0,1,82715214445
Measurement_interval(ms):,1000,2088,3743,7599,0,0,1,82716214463
Measurement_interval(ms):,1000,2096,3743,7439,0,0,1,82717214448
Measurement_interval(ms):,1000,2088,3743,7439,0,0,1,82718214448
Measurement_interval(ms):,1000,2088,3743,7439,0,0,1,82719214422
Measurement_interval(ms):,1000,2088,3743,7439,0,0,1,82720214429
Measurement_interval(ms):,1000,2096,3743,7399,0,0,1,82721214428
Measurement_interval(ms):,1000,2088,3743,7399,0,0,1,82722214413
Measurement_interval(ms):,1000,2096,3743,7399,0,0,1,82723214848
Measurement_interval(ms):,1000,2088,3743,7399,0,0,1,82724214445
Measurement_interval(ms):,1000,2088,3743,7399,0,0,1,82725214422
Measurement_interval(ms):,1000,2080,3743,7399,0,0,1,82726214444
