Measurement_interval(ms):,1000,0,0,0,0,0,1,147881666984
Measurement_interval(ms):,1000,0,0,0,0,0,1,147885407685
Measurement_interval(ms):,1000,0,0,0,0,0,1,147885407687
Measurement_interval(ms):,1000,0,0,0,0,0,1,147885407690
Measurement_interval(ms):,1000,0,0,0,0,0,1,147885407691
Measurement_interval(ms):,1000,0,0,0,0,0,1,147885407692
Measurement_interval(ms):,1000,0,0,0,0,0,1,147885407693
Measurement_interval(ms):,1000,0,0,0,0,0,1,147885407738
Measurement_interval(ms):,1000,935,4011,7723,0,0,1,147885898838
Measurement_interval(ms):,1000,2565,5155,9658,0,0,1,147886898814
Measurement_interval(ms):,1000,3104,5177,9658,0,0,1,147887898834
Measurement_interval(ms):,1000,3104,5177,9658,0,0,1,147888898836
Measurement_interval(ms):,1000,3104,5177,9701,0,0,1,147889898806
Measurement_interval(ms):,1000,3122,5177,9701,0,0,1,147890898829
Measurement_interval(ms):,1000,3102,5177,9701,0,0,1,147891898821
Measurement_interval(ms):,1000,3104,5177,9701,0,0,1,147892898818
Measurement_interval(ms):,1000,3104,5177,9701,0,0,1,147893898807
Measurement_interval(ms):,1000,3104,5177,9701,0,0,1,147894898814
Measurement_interval(ms):,1000,3118,5177,9701,0,0,1,147895899040
Measurement_interval(ms):,1000,3104,5177,9701,0,0,1,147896898805
Measurement_interval(ms):,1000,3104,5177,9701,0,0,1,147897898851
Measurement_interval(ms):,1000,3122,5177,9701,0,0,1,147898898808
Measurement_interval(ms):,1000,3104,5177,9701,0,0,1,147899898803
Measurement_interval(ms):,1000,3118,5177,9701,0,0,1,147900898837
Measurement_interval(ms):,1000,3104,5177,9701,0,0,1,147901898850
Measurement_interval(ms):,1000,3122,5177,9701,0,0,1,147902898803
Measurement_interval(ms):,1000,3104,5177,9701,0,0,1,147903898844
Measurement_interval(ms):,1000,3104,5177,9701,0,0,1,147904898842
Measurement_interval(ms):,1000,3104,5177,9701,0,0,1,147905898834
Measurement_interval(ms):,1000,3104,5177,9701,0,0,1,147906898826
Measurement_interval(ms):,1000,3104,5177,9701,0,0,1,147907898828
Measurement_interval(ms):,1000,3104,5177,9701,0,0,1,147908898808
Measurement_interval(ms):,1000,3104,5177,9701,0,0,1,147909898835
Measurement_interval(ms):,1000,3104,5177,9701,0,0,1,147910898802
Measurement_interval(ms):,1000,3104,5177,9701,0,0,1,147911898822
Measurement_interval(ms):,1000,3117,5177,9701,0,0,1,147912899397
Measurement_interval(ms):,1000,3104,5177,9701,0,0,1,147913899224
Measurement_interval(ms):,1000,3104,5177,9701,0,0,1,147914898943
Measurement_interval(ms):,1000,3104,5177,9744,0,0,1,147915898820
Measurement_interval(ms):,1000,3104,5177,9744,0,0,1,147916898842
Measurement_interval(ms):,1000,3104,5177,9744,0,0,1,147917898835
Measurement_interval(ms):,1000,3104,5177,9744,0,0,1,147918898804
Measurement_interval(ms):,1000,3104,5177,9744,0,0,1,147919898839
