Measurement_interval(ms):,1000,0,0,0,0,0,1,82826330226
Measurement_interval(ms):,1000,0,0,0,0,0,1,82833844382
Measurement_interval(ms):,1000,0,0,0,0,0,1,82833844384
Measurement_interval(ms):,1000,0,0,0,0,0,1,82833844386
Measurement_interval(ms):,1000,0,0,0,0,0,1,82833844387
Measurement_interval(ms):,1000,0,0,0,0,0,1,82833844388
Measurement_interval(ms):,1000,0,0,0,0,0,1,82833844389
Measurement_interval(ms):,1000,0,0,0,0,0,1,82833844435
Measurement_interval(ms):,1000,0,0,0,0,0,1,82833844436
Measurement_interval(ms):,1000,0,0,0,0,0,1,82833844438
Measurement_interval(ms):,1000,0,0,0,0,0,1,82833844439
Measurement_interval(ms):,1000,0,0,0,0,0,1,82833844440
Measurement_interval(ms):,1000,2720,0,0,0,0,1,82834573131
Measurement_interval(ms):,1000,3872,7325,15288,0,0,1,82835573370
Measurement_interval(ms):,1000,3840,7325,15365,0,0,1,82836573161
Measurement_interval(ms):,1000,3840,7325,15365,0,0,1,82837573166
Measurement_interval(ms):,1000,3872,7325,15365,0,0,1,82838573302
Measurement_interval(ms):,1000,3840,7325,15288,0,0,1,82839573171
Measurement_interval(ms):,1000,3840,7325,15288,0,0,1,82840573136
Measurement_interval(ms):,1000,3840,7325,15288,0,0,1,82841573141
Measurement_interval(ms):,1000,3872,7325,15288,0,0,1,82842573172
Measurement_interval(ms):,1000,3840,7325,15288,0,0,1,82843573134
Measurement_interval(ms):,1000,3840,7325,15288,0,0,1,82844573152
Measurement_interval(ms):,1000,3872,7325,15288,0,0,1,82845573129
Measurement_interval(ms):,1000,3840,7325,15288,0,0,1,82846573126
Measurement_interval(ms):,1000,3840,7325,15288,0,0,1,82847573171
Measurement_interval(ms):,1000,3872,7325,15288,0,0,1,82848573664
Measurement_interval(ms):,1000,3840,7325,15288,0,0,1,82849573142
Measurement_interval(ms):,1000,3840,7289,15288,0,0,1,82850573125
Measurement_interval(ms):,1000,3840,7289,15288,0,0,1,82851573130
Measurement_interval(ms):,1000,3872,7289,15288,0,0,1,82852573129
Measurement_interval(ms):,1000,3840,7289,15288,0,0,1,82853573151
Measurement_interval(ms):,1000,3840,7289,15288,0,0,1,82854573140
Measurement_interval(ms):,1000,3872,7289,15288,0,0,1,82855573147
Measurement_interval(ms):,1000,3840,7289,15288,0,0,1,82856573141
Measurement_interval(ms):,1000,3840,7325,15288,0,0,1,82857573150
Measurement_interval(ms):,1000,3872,7325,15288,0,0,1,82858573125
Measurement_interval(ms):,1000,3840,7325,15288,0,0,1,82859573147
Measurement_interval(ms):,1000,3840,7325,15288,0,0,1,82860573123
Measurement_interval(ms):,1000,3872,7325,15288,0,0,1,82861573187
Measurement_interval(ms):,1000,3840,7289,15288,0,0,1,82862573132
Measurement_interval(ms):,1000,3840,7325,15288,0,0,1,82863573161
Measurement_interval(ms):,1000,3872,7325,15288,0,0,1,82864573129
Measurement_interval(ms):,1000,3840,7325,15288,0,0,1,82865573163
Measurement_interval(ms):,1000,3840,7325,15288,0,0,1,82866573144
