Measurement_interval(ms):,1000,0,0,0,0,0,1,82196086333
Measurement_interval(ms):,1000,0,0,0,0,0,1,82198651249
Measurement_interval(ms):,1000,0,0,0,0,0,1,82198651251
Measurement_interval(ms):,1000,0,0,0,0,0,1,82198651253
Measurement_interval(ms):,1000,0,0,0,0,0,1,82198651254
Measurement_interval(ms):,1000,0,0,0,0,0,1,82198651256
Measurement_interval(ms):,1000,0,0,0,0,0,1,82198651257
Measurement_interval(ms):,1000,0,0,0,0,0,1,82198651258
Measurement_interval(ms):,1000,1008,3169,10667,0,0,1,82199446316
Measurement_interval(ms):,1000,1280,3169,8574,0,0,1,82200446327
Measurement_interval(ms):,1000,1280,3169,7482,0,0,1,82201446341
Measurement_interval(ms):,1000,1276,3169,6026,0,0,1,82202446329
Measurement_interval(ms):,1000,1280,3169,6026,0,0,1,82203446315
Measurement_interval(ms):,1000,1280,3169,6026,0,0,1,82204446332
Measurement_interval(ms):,1000,1276,3169,6026,0,0,1,82205446357
Measurement_interval(ms):,1000,1276,3169,6026,0,0,1,82206446315
Measurement_interval(ms):,1000,1276,3169,6026,0,0,1,82207446338
Measurement_interval(ms):,1000,1276,3169,6026,0,0,1,82208446325
Measurement_interval(ms):,1000,1276,3169,6026,0,0,1,82209446343
Measurement_interval(ms):,1000,1276,3169,6026,0,0,1,82210446323
Measurement_interval(ms):,1000,1276,3169,6026,0,0,1,82211446345
Measurement_interval(ms):,1000,1276,3169,6026,0,0,1,82212446325
Measurement_interval(ms):,1000,1276,3169,6026,0,0,1,82213446329
Measurement_interval(ms):,1000,1272,3169,6026,0,0,1,82214446358
Measurement_interval(ms):,1000,1272,3169,6026,0,0,1,82215446335
Measurement_interval(ms):,1000,1276,3169,6026,0,0,1,82216446339
Measurement_interval(ms):,1000,1276,3169,6026,0,0,1,82217446331
Measurement_interval(ms):,1000,1276,3169,6026,0,0,1,82218446329
Measurement_interval(ms):,1000,1276,3169,6026,0,0,1,82219446323
Measurement_interval(ms):,1000,1276,3169,6026,0,0,1,82220446310
Measurement_interval(ms):,1000,1272,3169,6026,0,0,1,82221446326
Measurement_interval(ms):,1000,1276,3169,6026,0,0,1,82222446322
Measurement_interval(ms):,1000,1280,3169,6026,0,0,1,82223446347
Measurement_interval(ms):,1000,1280,3169,6026,0,0,1,82224446346
Measurement_interval(ms):,1000,1276,3169,6026,0,0,1,82225446323
Measurement_interval(ms):,1000,1280,3169,6026,0,0,1,82226446321
Measurement_interval(ms):,1000,1276,3169,6026,0,0,1,82227446342
Measurement_interval(ms):,1000,1280,3169,6026,0,0,1,82228446328
Measurement_interval(ms):,1000,1276,3169,6026,0,0,1,82229446324
Measurement_interval(ms):,1000,1276,3169,6026,0,0,1,82230446307
Measurement_interval(ms):,1000,1280,3169,6026,0,0,1,82231446315
Measurement_interval(ms):,1000,1276,3169,6026,0,0,1,82232446324
Measurement_interval(ms):,1000,1276,3169,6026,0,0,1,82233446342
Measurement_interval(ms):,1000,1276,3169,6026,0,0,1,82234446306
Measurement_interval(ms):,1000,1280,3169,6026,0,0,1,82235446343
