Measurement_interval(ms):,1000,0,0,0,0,0,1,82748168940
Measurement_interval(ms):,1000,0,0,0,0,0,1,82755780154
Measurement_interval(ms):,1000,0,0,0,0,0,1,82755780157
Measurement_interval(ms):,1000,0,0,0,0,0,1,82755780160
Measurement_interval(ms):,1000,0,0,0,0,0,1,82755780161
Measurement_interval(ms):,1000,0,0,0,0,0,1,82755780162
Measurement_interval(ms):,1000,0,0,0,0,0,1,82755780163
Measurement_interval(ms):,1000,0,0,0,0,0,1,82755780164
Measurement_interval(ms):,1000,0,0,0,0,0,1,82755780165
Measurement_interval(ms):,1000,0,0,0,0,0,1,82755780205
Measurement_interval(ms):,1000,0,0,0,0,0,1,82755780206
Measurement_interval(ms):,1000,0,0,0,0,0,1,82755780209
Measurement_interval(ms):,1000,1232,0,0,0,0,1,82756426031
Measurement_interval(ms):,1000,2640,4933,12745,0,0,1,82757426010
Measurement_interval(ms):,1000,3104,4933,12745,0,0,1,82758426049
Measurement_interval(ms):,1000,3104,4933,12745,0,0,1,82759426018
Measurement_interval(ms):,1000,3104,4933,12745,0,0,1,82760426052
Measurement_interval(ms):,1000,3104,4933,12745,0,0,1,82761426019
Measurement_interval(ms):,1000,3104,4933,12745,0,0,1,82762426037
Measurement_interval(ms):,1000,3104,4933,12745,0,0,1,82763426027
Measurement_interval(ms):,1000,3104,4933,12745,0,0,1,82764426054
Measurement_interval(ms):,1000,3104,4933,12745,0,0,1,82765426008
Measurement_interval(ms):,1000,3104,4933,12745,0,0,1,82766426035
Measurement_interval(ms):,1000,3104,4933,12745,0,0,1,82767426006
Measurement_interval(ms):,1000,3104,4933,12745,0,0,1,82768426017
Measurement_interval(ms):,1000,3104,4933,12745,0,0,1,82769426009
Measurement_interval(ms):,1000,3104,4933,12745,0,0,1,82770426041
Measurement_interval(ms):,1000,3104,4933,12745,0,0,1,82771426008
Measurement_interval(ms):,1000,3104,4933,12745,0,0,1,82772426040
Measurement_interval(ms):,1000,3104,4933,12745,0,0,1,82773426025
Measurement_interval(ms):,1000,3104,4933,12745,0,0,1,82774426008
Measurement_interval(ms):,1000,3104,4933,12745,0,0,1,82775426005
Measurement_interval(ms):,1000,3104,4933,12745,0,0,1,82776426048
Measurement_interval(ms):,1000,3104,4933,12745,0,0,1,82777426051
Measurement_interval(ms):,1000,3104,4933,12745,0,0,1,82778426025
Measurement_interval(ms):,1000,3104,4933,12745,0,0,1,82779426003
Measurement_interval(ms):,1000,3104,4933,12745,0,0,1,82780426039
Measurement_interval(ms):,1000,3104,4933,12745,0,0,1,82781426004
Measurement_interval(ms):,1000,3104,4933,12745,0,0,1,82782426020
Measurement_interval(ms):,1000,3104,4909,12745,0,0,1,82783426018
Measurement_interval(ms):,1000,3104,4909,12745,0,0,1,82784426004
Measurement_interval(ms):,1000,3104,4909,12745,0,0,1,82785426005
Measurement_interval(ms):,1000,3104,4933,12745,0,0,1,82786426038
Measurement_interval(ms):,1000,3104,4933,12745,0,0,1,82787426038
Measurement_interval(ms):,1000,3104,4933,12745,0,0,1,82788426402
Measurement_interval(ms):,1000,3088,4933,12745,0,0,1,82789426046
Measurement_interval(ms):,1000,3104,4933,12745,0,0,1,82790426019
Measurement_interval(ms):,1000,3104,4957,12745,0,0,1,82791426025
Measurement_interval(ms):,1000,3104,4957,12745,0,0,1,82792426027
Measurement_interval(ms):,1000,3104,4957,12745,0,0,1,82793426014
Measurement_interval(ms):,1000,3104,4957,12745,0,0,1,82794426001
Measurement_interval(ms):,1000,3104,4957,12745,0,0,1,82795426019
Measurement_interval(ms):,1000,3104,4957,12745,0,0,1,82796426038
Measurement_interval(ms):,1000,3104,4957,12745,0,0,1,82797426027
Measurement_interval(ms):,1000,3104,4957,12745,0,0,1,82798426346
Measurement_interval(ms):,1000,3088,4957,12745,0,0,1,82799426006
Measurement_interval(ms):,1000,3104,4957,12745,0,0,1,82800426021
