Measurement_interval(ms):,1000,0,0,0,0,0,1,481756697346
Measurement_interval(ms):,1000,0,0,0,0,0,1,481760356482
Measurement_interval(ms):,1000,0,0,0,0,0,1,481760356484
Measurement_interval(ms):,1000,0,0,0,0,0,1,481760356486
Measurement_interval(ms):,1000,0,0,0,0,0,1,481760356487
Measurement_interval(ms):,1000,0,0,0,0,0,1,481761995375
Measurement_interval(ms):,1000,0,0,0,0,0,1,481761995387
Measurement_interval(ms):,1000,1,0,0,0,0,1,481763312755
Measurement_interval(ms):,1000,19,0,0,0,0,1,481763531338
Measurement_interval(ms):,1000,87,0,0,0,0,1,481764533020
Measurement_interval(ms):,1000,86,11691,21163,0,0,1,481765531340
Measurement_interval(ms):,1000,87,11691,21163,0,0,1,481766531370
Measurement_interval(ms):,1000,87,11691,21163,0,0,1,481767531375
Measurement_interval(ms):,1000,87,11691,21163,0,0,1,481768531418
Measurement_interval(ms):,1000,87,11691,21163,0,0,1,481769532960
Measurement_interval(ms):,1000,86,11691,21163,0,0,1,481770531348
Measurement_interval(ms):,1000,87,11632,21163,0,0,1,481771531356
Measurement_interval(ms):,1000,87,11632,21163,0,0,1,481772531362
Measurement_interval(ms):,1000,87,11632,21163,0,0,1,481773531365
Measurement_interval(ms):,1000,87,11632,21163,0,0,1,481774531359
Measurement_interval(ms):,1000,87,11632,21163,0,0,1,481775531771
Measurement_interval(ms):,1000,86,11632,21163,0,0,1,481776531379
Measurement_interval(ms):,1000,87,11632,21163,0,0,1,481777531338
Measurement_interval(ms):,1000,87,11632,21163,0,0,1,481778531491
Measurement_interval(ms):,1000,87,11632,21163,0,0,1,481779533052
Measurement_interval(ms):,1000,86,11632,21163,0,0,1,481780531374
Measurement_interval(ms):,1000,88,11632,21163,0,0,1,481781532197
Measurement_interval(ms):,1000,87,11632,21163,0,0,1,481782531795
Measurement_interval(ms):,1000,87,11632,21163,0,0,1,481783531329
Measurement_interval(ms):,1000,87,11632,21163,0,0,1,481784531336
Measurement_interval(ms):,1000,87,11632,21163,0,0,1,481785531375
Measurement_interval(ms):,1000,87,11632,21163,0,0,1,481786531378
Measurement_interval(ms):,1000,87,11632,21163,0,0,1,481787531344
Measurement_interval(ms):,1000,87,11632,21163,0,0,1,481788531377
Measurement_interval(ms):,1000,88,11632,21163,0,0,1,481789532855
Measurement_interval(ms):,1000,87,11632,21163,0,0,1,481790532301
Measurement_interval(ms):,1000,87,11632,21163,0,0,1,481791531339
Measurement_interval(ms):,1000,87,11632,21163,0,0,1,481792531372
Measurement_interval(ms):,1000,87,11632,21163,0,0,1,481793531345
Measurement_interval(ms):,1000,87,11632,21163,0,0,1,481794531331
Measurement_interval(ms):,1000,87,11632,21163,0,0,1,481795531369
Measurement_interval(ms):,1000,88,11632,21163,0,0,1,481796533042
Measurement_interval(ms):,1000,87,11632,21163,0,0,1,481797531367
Measurement_interval(ms):,1000,87,11632,21163,0,0,1,481798531373
