Measurement_interval(ms):,1000,0,0,0,0,0,1,488650182703
Measurement_interval(ms):,1000,0,0,0,0,0,1,488655146524
Measurement_interval(ms):,1000,0,0,0,0,0,1,488655146526
Measurement_interval(ms):,1000,0,0,0,0,0,1,488655146529
Measurement_interval(ms):,1000,0,0,0,0,0,1,488655146529
Measurement_interval(ms):,1000,0,0,0,0,0,1,488655146531
Measurement_interval(ms):,1000,0,0,0,0,0,1,488656826970
Measurement_interval(ms):,1000,4,0,0,0,0,1,488658291400
Measurement_interval(ms):,1000,0,0,0,0,0,1,488658291403
Measurement_interval(ms):,1000,92,0,0,0,0,1,488659078275
Measurement_interval(ms):,1000,116,0,0,0,0,1,488660078276
Measurement_interval(ms):,1000,116,0,0,0,0,1,488661078269
Measurement_interval(ms):,1000,116,35029,68074,0,0,1,488662078265
Measurement_interval(ms):,1000,112,35029,68074,0,0,1,488663078269
Measurement_interval(ms):,1000,116,35029,68074,0,0,1,488664078248
Measurement_interval(ms):,1000,116,35029,68074,0,0,1,488665078287
Measurement_interval(ms):,1000,116,35029,67733,0,0,1,488666078293
Measurement_interval(ms):,1000,116,35029,67733,0,0,1,488667078270
Measurement_interval(ms):,1000,116,35029,67733,0,0,1,488668078262
Measurement_interval(ms):,1000,112,35029,68074,0,0,1,488669078262
Measurement_interval(ms):,1000,116,35029,68074,0,0,1,488670078273
Measurement_interval(ms):,1000,116,35029,68074,0,0,1,488671078264
Measurement_interval(ms):,1000,116,35029,68074,0,0,1,488672078298
Measurement_interval(ms):,1000,116,35029,68074,0,0,1,488673078287
Measurement_interval(ms):,1000,116,35029,68074,0,0,1,488674078260
Measurement_interval(ms):,1000,112,35029,68074,0,0,1,488675078267
Measurement_interval(ms):,1000,116,35029,68074,0,0,1,488676078293
Measurement_interval(ms):,1000,116,35029,68074,0,0,1,488677078257
Measurement_interval(ms):,1000,116,35029,68074,0,0,1,488678078268
Measurement_interval(ms):,1000,116,35029,68074,0,0,1,488679078297
Measurement_interval(ms):,1000,116,35029,68074,0,0,1,488680079101
Measurement_interval(ms):,1000,112,35029,68074,0,0,1,488681078306
Measurement_interval(ms):,1000,116,35029,68074,0,0,1,488682078302
Measurement_interval(ms):,1000,116,35029,68074,0,0,1,488683078308
Measurement_interval(ms):,1000,116,35029,68074,0,0,1,488684078269
Measurement_interval(ms):,1000,116,35029,68074,0,0,1,488685078283
Measurement_interval(ms):,1000,112,35029,68074,0,0,1,488686078275
Measurement_interval(ms):,1000,116,35029,68074,0,0,1,488687078275
Measurement_interval(ms):,1000,116,35029,68074,0,0,1,488688078310
Measurement_interval(ms):,1000,116,35029,68074,0,0,1,488689078269
