Measurement_interval(ms):,1000,0,0,0,0,0,1,486120893238
Measurement_interval(ms):,1000,0,0,0,0,0,1,486120893240
Measurement_interval(ms):,1000,0,0,0,0,0,1,486120893243
Measurement_interval(ms):,1000,0,0,0,0,0,1,486120893244
Measurement_interval(ms):,1000,0,0,0,0,0,1,486122553992
Measurement_interval(ms):,1000,0,0,0,0,0,1,486122554012
Measurement_interval(ms):,1000,2,0,0,0,0,1,486123938154
Measurement_interval(ms):,1000,12,0,0,0,0,1,486124053942
Measurement_interval(ms):,1000,106,0,0,0,0,1,486125053929
Measurement_interval(ms):,1000,104,19392,36499,0,0,1,486126053936
Measurement_interval(ms):,1000,104,19392,36499,0,0,1,486127053940
Measurement_interval(ms):,1000,104,19295,36499,0,0,1,486128053947
Measurement_interval(ms):,1000,106,19295,36499,0,0,1,486129053956
Measurement_interval(ms):,1000,104,19295,36499,0,0,1,486130053923
Measurement_interval(ms):,1000,104,19295,36499,0,0,1,486131053931
Measurement_interval(ms):,1000,104,19295,36499,0,0,1,486132053953
Measurement_interval(ms):,1000,106,19295,36499,0,0,1,486133053929
Measurement_interval(ms):,1000,104,19295,36499,0,0,1,486134053932
Measurement_interval(ms):,1000,104,19295,36499,0,0,1,486135053922
Measurement_interval(ms):,1000,104,19295,36499,0,0,1,486136053956
Measurement_interval(ms):,1000,106,19295,36499,0,0,1,486137053907
Measurement_interval(ms):,1000,104,19295,36499,0,0,1,486138053913
Measurement_interval(ms):,1000,104,19295,36499,0,0,1,486139053949
Measurement_interval(ms):,1000,104,19295,36499,0,0,1,486140053924
Measurement_interval(ms):,1000,106,19295,36499,0,0,1,486141053943
Measurement_interval(ms):,1000,104,19295,36499,0,0,1,486142053946
Measurement_interval(ms):,1000,104,19295,36499,0,0,1,486143053918
Measurement_interval(ms):,1000,104,19295,36499,0,0,1,486144053943
Measurement_interval(ms):,1000,106,19295,36499,0,0,1,486145053910
Measurement_interval(ms):,1000,104,19295,36499,0,0,1,486146053926
Measurement_interval(ms):,1000,104,19295,36499,0,0,1,486147053905
Measurement_interval(ms):,1000,104,19295,36499,0,0,1,486148053937
Measurement_interval(ms):,1000,106,19295,36499,0,0,1,486149054321
Measurement_interval(ms):,1000,104,19295,36499,0,0,1,486150053920
Measurement_interval(ms):,1000,104,19295,36499,0,0,1,486151053905
Measurement_interval(ms):,1000,104,19295,36499,0,0,1,486152053935
Measurement_interval(ms):,1000,106,19295,36499,0,0,1,486153054111
Measurement_interval(ms):,1000,104,19295,36499,0,0,1,486154053955
Measurement_interval(ms):,1000,104,19295,36499,0,0,1,486155053956
Measurement_interval(ms):,1000,104,19295,36499,0,0,1,486156053912
Measurement_interval(ms):,1000,104,19295,36499,0,0,1,486157053915
Measurement_interval(ms):,1000,106,19295,36499,0,0,1,486158053951
Measurement_interval(ms):,1000,104,19295,36499,0,0,1,486159053907
Measurement_interval(ms):,1000,104,19295,36499,0,0,1,486160053935
Measurement_interval(ms):,1000,106,19295,36499,0,0,1,486161055295
Measurement_interval(ms):,1000,104,19295,36499,0,0,1,486162053948
Measurement_interval(ms):,1000,104,19295,36499,0,0,1,486163053944
