Measurement_interval(ms):,1000,0,0,0,0,0,1,488803711280
Measurement_interval(ms):,1000,0,0,0,0,0,1,488803711282
Measurement_interval(ms):,1000,0,0,0,0,0,1,488803711285
Measurement_interval(ms):,1000,0,0,0,0,0,1,488803711286
Measurement_interval(ms):,1000,0,0,0,0,0,1,488803711288
Measurement_interval(ms):,1000,0,0,0,0,0,1,488803711289
Measurement_interval(ms):,1000,0,0,0,0,0,1,488803711290
Measurement_interval(ms):,1000,0,0,0,0,0,1,488805459445
Measurement_interval(ms):,1000,8,0,0,0,0,1,488807121091
Measurement_interval(ms):,1000,0,0,0,0,0,1,488807121094
Measurement_interval(ms):,1000,64,0,0,0,0,1,488807627952
Measurement_interval(ms):,1000,128,0,0,0,0,1,488808627958
Measurement_interval(ms):,1000,120,0,0,0,0,1,488809627943
Measurement_interval(ms):,1000,120,0,0,0,0,1,488810627925
Measurement_interval(ms):,1000,128,0,0,0,0,1,488811627975
Measurement_interval(ms):,1000,120,0,0,0,0,1,488812627951
Measurement_interval(ms):,1000,120,0,0,0,0,1,488813627972
Measurement_interval(ms):,1000,128,65791,128893,0,0,1,488814627938
Measurement_interval(ms):,1000,120,65791,128893,0,0,1,488815627978
Measurement_interval(ms):,1000,120,65791,128893,0,0,1,488816627969
Measurement_interval(ms):,1000,128,65791,128893,0,0,1,488817627929
Measurement_interval(ms):,1000,120,65791,128893,0,0,1,488818627972
Measurement_interval(ms):,1000,120,65791,128893,0,0,1,488819627943
Measurement_interval(ms):,1000,128,65791,128893,0,0,1,488820627939
Measurement_interval(ms):,1000,120,65791,128893,0,0,1,488821627967
Measurement_interval(ms):,1000,128,65791,128893,0,0,1,488822628781
Measurement_interval(ms):,1000,120,65791,128893,0,0,1,488823627971
Measurement_interval(ms):,1000,120,65791,128893,0,0,1,488824627985
Measurement_interval(ms):,1000,128,65791,128893,0,0,1,488825627950
Measurement_interval(ms):,1000,120,65791,128893,0,0,1,488826627936
Measurement_interval(ms):,1000,120,65791,128893,0,0,1,488827627976
Measurement_interval(ms):,1000,128,65791,128893,0,0,1,488828627955
Measurement_interval(ms):,1000,120,65791,128893,0,0,1,488829627965
Measurement_interval(ms):,1000,120,65791,128893,0,0,1,488830627947
Measurement_interval(ms):,1000,128,65791,128893,0,0,1,488831627989
Measurement_interval(ms):,1000,120,65791,128893,0,0,1,488832627982
Measurement_interval(ms):,1000,120,65791,128893,0,0,1,488833627941
Measurement_interval(ms):,1000,128,65791,128893,0,0,1,488834627943
Measurement_interval(ms):,1000,120,65791,128893,0,0,1,488835627950
Measurement_interval(ms):,1000,120,65791,128893,0,0,1,488836627994
Measurement_interval(ms):,1000,128,65791,128893,0,0,1,488837627954
