Measurement_interval(ms):,1000,0,0,0,0,0,1,159288385227
Measurement_interval(ms):,1000,0,0,0,0,0,1,159291175529
Measurement_interval(ms):,1000,0,0,0,0,0,1,159291175531
Measurement_interval(ms):,1000,0,0,0,0,0,1,159291175534
Measurement_interval(ms):,1000,0,0,0,0,0,1,159291175535
Measurement_interval(ms):,1000,0,0,0,0,0,1,159291175537
Measurement_interval(ms):,1000,0,0,0,0,0,1,159291175537
Measurement_interval(ms):,1000,0,0,0,0,0,1,159291175539
Measurement_interval(ms):,1000,0,0,0,0,0,1,159291175540
Measurement_interval(ms):,1000,0,0,0,0,0,1,159291175541
Measurement_interval(ms):,1000,0,0,0,0,0,1,159291175542
Measurement_interval(ms):,1000,0,0,0,0,0,1,159291175584
Measurement_interval(ms):,1000,0,0,0,0,0,1,159291175585
Measurement_interval(ms):,1000,0,0,0,0,0,1,159291175587
Measurement_interval(ms):,1000,32,0,0,0,0,1,159291503677
Measurement_interval(ms):,1000,108,0,0,0,0,1,159292503687
Measurement_interval(ms):,1000,104,0,0,0,0,1,159293503666
Measurement_interval(ms):,1000,108,0,0,0,0,1,159294503694
Measurement_interval(ms):,1000,104,37926,75253,0,0,1,159295503666
Measurement_interval(ms):,1000,108,37926,75253,0,0,1,159296503690
Measurement_interval(ms):,1000,104,37926,75253,0,0,1,159297503687
Measurement_interval(ms):,1000,108,37926,75253,0,0,1,159298503664
Measurement_interval(ms):,1000,104,37926,75253,0,0,1,159299503663
Measurement_interval(ms):,1000,108,37926,75253,0,0,1,159300503701
Measurement_interval(ms):,1000,104,37926,75253,0,0,1,159301503699
Measurement_interval(ms):,1000,108,37926,75253,0,0,1,159302503681
Measurement_interval(ms):,1000,104,37926,75253,0,0,1,159303503680
Measurement_interval(ms):,1000,108,37926,75253,0,0,1,159304503687
Measurement_interval(ms):,1000,104,37926,75253,0,0,1,159305503662
Measurement_interval(ms):,1000,108,37926,75253,0,0,1,159306503652
Measurement_interval(ms):,1000,104,37926,75253,0,0,1,159307503692
Measurement_interval(ms):,1000,108,37926,75253,0,0,1,159308503684
Measurement_interval(ms):,1000,104,37926,75253,0,0,1,159309503663
Measurement_interval(ms):,1000,108,38115,75628,0,0,1,159310503660
Measurement_interval(ms):,1000,104,38115,75628,0,0,1,159311503664
Measurement_interval(ms):,1000,104,38115,75628,0,0,1,159312503680
Measurement_interval(ms):,1000,108,38115,75628,0,0,1,159313503654
Measurement_interval(ms):,1000,104,38304,76003,0,0,1,159314503692
Measurement_interval(ms):,1000,104,38304,76003,0,0,1,159315503693
Measurement_interval(ms):,1000,108,38304,76003,0,0,1,159316503691
Measurement_interval(ms):,1000,104,38304,76003,0,0,1,159317503673
Measurement_interval(ms):,1000,104,38115,75628,0,0,1,159318503645
Measurement_interval(ms):,1000,108,38115,75628,0,0,1,159319503691
Measurement_interval(ms):,1000,104,38115,75628,0,0,1,159320503684
Measurement_interval(ms):,1000,104,38115,75628,0,0,1,159321503662
Measurement_interval(ms):,1000,108,38115,75628,0,0,1,159322503645
Measurement_interval(ms):,1000,104,38115,75628,0,0,1,159323503691
Measurement_interval(ms):,1000,104,38115,75628,0,0,1,159324503651
