Measurement_interval(ms):,1000,0,0,0,0,0,1,159500348415
Measurement_interval(ms):,1000,0,0,0,0,0,1,159503079076
Measurement_interval(ms):,1000,0,0,0,0,0,1,159503079078
Measurement_interval(ms):,1000,0,0,0,0,0,1,159503079081
Measurement_interval(ms):,1000,0,0,0,0,0,1,159503079082
Measurement_interval(ms):,1000,0,0,0,0,0,1,159503079083
Measurement_interval(ms):,1000,0,0,0,0,0,1,159503079084
Measurement_interval(ms):,1000,0,0,0,0,0,1,159503079131
Measurement_interval(ms):,1000,0,0,0,0,0,1,159503079131
Measurement_interval(ms):,1000,0,0,0,0,0,1,159503079134
Measurement_interval(ms):,1000,0,0,0,0,0,1,159503079135
Measurement_interval(ms):,1000,64,0,0,0,0,1,159503335464
Measurement_interval(ms):,1000,320,0,0,0,0,1,159504335439
Measurement_interval(ms):,1000,352,0,0,0,0,1,159505335467
Measurement_interval(ms):,1000,320,0,0,0,0,1,159506335451
Measurement_interval(ms):,1000,320,0,0,0,0,1,159507335473
Measurement_interval(ms):,1000,352,0,0,0,0,1,159508335474
Measurement_interval(ms):,1000,320,0,0,0,0,1,159509335467
Measurement_interval(ms):,1000,352,0,0,0,0,1,159510335460
Measurement_interval(ms):,1000,320,0,0,0,0,1,159511335460
Measurement_interval(ms):,1000,320,0,0,0,0,1,159512335474
Measurement_interval(ms):,1000,352,0,0,0,0,1,159513335469
Measurement_interval(ms):,1000,320,95038,191401,0,0,1,159514335457
Measurement_interval(ms):,1000,320,95038,191401,0,0,1,159515335437
Measurement_interval(ms):,1000,352,95038,191401,0,0,1,159516335437
Measurement_interval(ms):,1000,320,95038,191401,0,0,1,159517335479
Measurement_interval(ms):,1000,320,95038,191401,0,0,1,159518335439
Measurement_interval(ms):,1000,352,95038,191401,0,0,1,159519335472
Measurement_interval(ms):,1000,320,95038,191401,0,0,1,159520335436
Measurement_interval(ms):,1000,352,95038,191401,0,0,1,159521335462
Measurement_interval(ms):,1000,320,95038,191401,0,0,1,159522335483
Measurement_interval(ms):,1000,320,95038,191401,0,0,1,159523335444
Measurement_interval(ms):,1000,352,95038,191401,0,0,1,159524335450
Measurement_interval(ms):,1000,320,95038,191401,0,0,1,159525335448
Measurement_interval(ms):,1000,320,95038,191401,0,0,1,159526335485
Measurement_interval(ms):,1000,352,95038,191401,0,0,1,159527335480
Measurement_interval(ms):,1000,320,95038,191401,0,0,1,159528335478
Measurement_interval(ms):,1000,352,95038,191401,0,0,1,159529335447
Measurement_interval(ms):,1000,320,95038,191401,0,0,1,159530335437
Measurement_interval(ms):,1000,320,95038,191401,0,0,1,159531335458
Measurement_interval(ms):,1000,352,95038,191401,0,0,1,159532335438
Measurement_interval(ms):,1000,320,95038,191401,0,0,1,159533335451
Measurement_interval(ms):,1000,320,95038,191401,0,0,1,159534335484
Measurement_interval(ms):,1000,352,95038,191401,0,0,1,159535335472
Measurement_interval(ms):,1000,320,95038,191401,0,0,1,159536335435
Measurement_interval(ms):,1000,352,95038,191401,0,0,1,159537335437
Measurement_interval(ms):,1000,320,95038,191401,0,0,1,159538335482
Measurement_interval(ms):,1000,320,95038,191401,0,0,1,159539335436
Measurement_interval(ms):,1000,352,95038,191401,0,0,1,159540335450
Measurement_interval(ms):,1000,320,95038,191401,0,0,1,159541335484
Measurement_interval(ms):,1000,128,95038,191401,0,0,1,159542746559
