Measurement_interval(ms):,1000,0,0,0,0,0,1,159206485286
Measurement_interval(ms):,1000,0,0,0,0,0,1,159210378117
Measurement_interval(ms):,1000,0,0,0,0,0,1,159210378118
Measurement_interval(ms):,1000,0,0,0,0,0,1,159210378121
Measurement_interval(ms):,1000,0,0,0,0,0,1,159210378122
Measurement_interval(ms):,1000,0,0,0,0,0,1,159210378124
Measurement_interval(ms):,1000,0,0,0,0,0,1,159210378125
Measurement_interval(ms):,1000,0,0,0,0,0,1,159210378126
Measurement_interval(ms):,1000,0,0,0,0,0,1,159210378127
Measurement_interval(ms):,1000,0,0,0,0,0,1,159210378128
Measurement_interval(ms):,1000,0,0,0,0,0,1,159210378129
Measurement_interval(ms):,1000,0,0,0,0,0,1,159210378170
Measurement_interval(ms):,1000,6,0,0,0,0,1,159210488374
Measurement_interval(ms):,1000,58,0,0,0,0,1,159211488358
Measurement_interval(ms):,1000,60,0,0,0,0,1,159212488393
Measurement_interval(ms):,1000,58,0,0,0,0,1,159213488373
Measurement_interval(ms):,1000,60,34057,67447,0,0,1,159214488401
Measurement_interval(ms):,1000,58,34057,67447,0,0,1,159215488359
Measurement_interval(ms):,1000,60,34057,67447,0,0,1,159216488357
Measurement_interval(ms):,1000,60,34057,67447,0,0,1,159217488395
Measurement_interval(ms):,1000,58,34057,67447,0,0,1,159218488396
Measurement_interval(ms):,1000,60,34057,67447,0,0,1,159219488364
Measurement_interval(ms):,1000,58,34057,67447,0,0,1,159220488356
Measurement_interval(ms):,1000,60,34057,67447,0,0,1,159221488387
Measurement_interval(ms):,1000,58,34057,67447,0,0,1,159222488385
Measurement_interval(ms):,1000,60,34057,67447,0,0,1,159223488371
Measurement_interval(ms):,1000,60,34057,67447,0,0,1,159224488399
Measurement_interval(ms):,1000,58,34057,67447,0,0,1,159225488370
Measurement_interval(ms):,1000,60,34057,67447,0,0,1,159226488391
Measurement_interval(ms):,1000,58,34057,67447,0,0,1,159227488392
Measurement_interval(ms):,1000,60,34057,67447,0,0,1,159228488391
Measurement_interval(ms):,1000,60,34057,67447,0,0,1,159229488412
Measurement_interval(ms):,1000,58,34057,67447,0,0,1,159230488376
Measurement_interval(ms):,1000,60,34057,67447,0,0,1,159231488348
Measurement_interval(ms):,1000,58,34057,67447,0,0,1,159232488392
Measurement_interval(ms):,1000,60,34057,67447,0,0,1,159233488347
Measurement_interval(ms):,1000,58,34226,67783,0,0,1,159234488350
Measurement_interval(ms):,1000,60,34226,67783,0,0,1,159235488383
Measurement_interval(ms):,1000,58,34226,67783,0,0,1,159236488353
Measurement_interval(ms):,1000,60,34226,67783,0,0,1,159237488382
Measurement_interval(ms):,1000,58,34226,67783,0,0,1,159238488383
Measurement_interval(ms):,1000,58,34226,67783,0,0,1,159239488357
Measurement_interval(ms):,1000,60,34226,67783,0,0,1,159240488391
Measurement_interval(ms):,1000,58,34226,67783,0,0,1,159241488358
Measurement_interval(ms):,1000,58,34226,67783,0,0,1,159242488352
Measurement_interval(ms):,1000,60,34226,67783,0,0,1,159243488376
