Measurement_interval(ms):,1000,0,0,0,0,0,1,159364851509
Measurement_interval(ms):,1000,0,0,0,0,0,1,159368736148
Measurement_interval(ms):,1000,0,0,0,0,0,1,159368736150
Measurement_interval(ms):,1000,0,0,0,0,0,1,159368736153
Measurement_interval(ms):,1000,0,0,0,0,0,1,159368736154
Measurement_interval(ms):,1000,0,0,0,0,0,1,159368736156
Measurement_interval(ms):,1000,0,0,0,0,0,1,159368736156
Measurement_interval(ms):,1000,0,0,0,0,0,1,159368736158
Measurement_interval(ms):,1000,0,0,0,0,0,1,159368736159
Measurement_interval(ms):,1000,0,0,0,0,0,1,159368736160
Measurement_interval(ms):,1000,0,0,0,0,0,1,159368736160
Measurement_interval(ms):,1000,0,0,0,0,0,1,159368736203
Measurement_interval(ms):,1000,0,0,0,0,0,1,159368736204
Measurement_interval(ms):,1000,0,0,0,0,0,1,159368758669
Measurement_interval(ms):,1000,168,0,0,0,0,1,159369758637
Measurement_interval(ms):,1000,176,0,0,0,0,1,159370758683
Measurement_interval(ms):,1000,176,0,0,0,0,1,159371758655
Measurement_interval(ms):,1000,168,0,0,0,0,1,159372758678
Measurement_interval(ms):,1000,176,0,0,0,0,1,159373758678
Measurement_interval(ms):,1000,168,46491,92429,0,0,1,159374758646
Measurement_interval(ms):,1000,176,46491,92429,0,0,1,159375758670
Measurement_interval(ms):,1000,176,46491,92429,0,0,1,159376759384
Measurement_interval(ms):,1000,168,46491,92429,0,0,1,159377758682
Measurement_interval(ms):,1000,176,46491,92429,0,0,1,159378758684
Measurement_interval(ms):,1000,168,46491,92429,0,0,1,159379758647
Measurement_interval(ms):,1000,176,46491,92429,0,0,1,159380758688
Measurement_interval(ms):,1000,168,46491,92429,0,0,1,159381758663
Measurement_interval(ms):,1000,176,46491,92429,0,0,1,159382758690
Measurement_interval(ms):,1000,176,46723,92429,0,0,1,159383758646
Measurement_interval(ms):,1000,168,46723,92429,0,0,1,159384758680
Measurement_interval(ms):,1000,176,46723,92429,0,0,1,159385758648
Measurement_interval(ms):,1000,168,46723,92429,0,0,1,159386758649
Measurement_interval(ms):,1000,176,46491,92429,0,0,1,159387758685
Measurement_interval(ms):,1000,176,46491,92429,0,0,1,159388758699
Measurement_interval(ms):,1000,168,46491,92429,0,0,1,159389758702
Measurement_interval(ms):,1000,176,46491,92429,0,0,1,159390758694
Measurement_interval(ms):,1000,168,46491,92429,0,0,1,159391758695
Measurement_interval(ms):,1000,176,46491,92429,0,0,1,159392758662
Measurement_interval(ms):,1000,176,46491,92429,0,0,1,159393758687
Measurement_interval(ms):,1000,168,46491,92429,0,0,1,159394758677
Measurement_interval(ms):,1000,176,46491,92429,0,0,1,159395758667
Measurement_interval(ms):,1000,168,46491,92429,0,0,1,159396758675
Measurement_interval(ms):,1000,176,46491,92429,0,0,1,159397758670
Measurement_interval(ms):,1000,176,46491,92429,0,0,1,159398758679
Measurement_interval(ms):,1000,168,46491,92429,0,0,1,159399758702
Measurement_interval(ms):,1000,176,46491,92429,0,0,1,159400758672
Measurement_interval(ms):,1000,168,46491,92429,0,0,1,159401758664
Measurement_interval(ms):,1000,176,46491,92429,0,0,1,159402758666
