Measurement_interval(ms):,1000,0,0,0,0,0,1,159137338729
Measurement_interval(ms):,1000,0,0,0,0,0,1,159141215435
Measurement_interval(ms):,1000,0,0,0,0,0,1,159141215437
Measurement_interval(ms):,1000,0,0,0,0,0,1,159141215439
Measurement_interval(ms):,1000,0,0,0,0,0,1,159141215440
Measurement_interval(ms):,1000,0,0,0,0,0,1,159141215442
Measurement_interval(ms):,1000,0,0,0,0,0,1,159141215443
Measurement_interval(ms):,1000,0,0,0,0,0,1,159141215444
Measurement_interval(ms):,1000,0,0,0,0,0,1,159141215445
Measurement_interval(ms):,1000,0,0,0,0,0,1,159141215447
Measurement_interval(ms):,1000,0,0,0,0,0,1,159141215448
Measurement_interval(ms):,1000,0,0,0,0,0,1,159141215490
Measurement_interval(ms):,1000,7,0,0,0,0,1,159141337674
Measurement_interval(ms):,1000,63,0,0,0,0,1,159142337647
Measurement_interval(ms):,1000,63,15871,31254,0,0,1,159143337662
Measurement_interval(ms):,1000,64,15871,31254,0,0,1,159144337677
Measurement_interval(ms):,1000,63,15871,31254,0,0,1,159145337664
Measurement_interval(ms):,1000,64,15871,31254,0,0,1,159146337669
Measurement_interval(ms):,1000,63,15871,31254,0,0,1,159147337637
Measurement_interval(ms):,1000,63,15871,31099,0,0,1,159148337677
Measurement_interval(ms):,1000,64,15871,31254,0,0,1,159149337674
Measurement_interval(ms):,1000,63,15871,31254,0,0,1,159150337677
Measurement_interval(ms):,1000,64,15871,31254,0,0,1,159151337626
Measurement_interval(ms):,1000,63,15871,31254,0,0,1,159152337662
Measurement_interval(ms):,1000,63,15871,31254,0,0,1,159153337658
Measurement_interval(ms):,1000,64,15871,31254,0,0,1,159154337659
Measurement_interval(ms):,1000,63,15871,31254,0,0,1,159155337639
Measurement_interval(ms):,1000,64,15871,31254,0,0,1,159156337652
Measurement_interval(ms):,1000,63,15871,31254,0,0,1,159157337635
Measurement_interval(ms):,1000,64,15871,31254,0,0,1,159158337672
Measurement_interval(ms):,1000,64,15871,31254,0,0,1,159159337648
Measurement_interval(ms):,1000,63,15871,31254,0,0,1,159160337623
Measurement_interval(ms):,1000,64,15871,31254,0,0,1,159161337649
Measurement_interval(ms):,1000,63,15871,31099,0,0,1,159162337658
Measurement_interval(ms):,1000,64,15871,31099,0,0,1,159163337632
Measurement_interval(ms):,1000,64,15871,31099,0,0,1,159164337679
Measurement_interval(ms):,1000,63,15871,31254,0,0,1,159165337625
Measurement_interval(ms):,1000,64,15871,31254,0,0,1,159166337638
Measurement_interval(ms):,1000,63,15871,31254,0,0,1,159167337637
Measurement_interval(ms):,1000,64,15871,31099,0,0,1,159168337619
Measurement_interval(ms):,1000,63,15871,31099,0,0,1,159169337640
Measurement_interval(ms):,1000,64,15871,31254,0,0,1,159170337656
Measurement_interval(ms):,1000,63,15871,31254,0,0,1,159171337640
Measurement_interval(ms):,1000,64,15871,31254,0,0,1,159172337618
Measurement_interval(ms):,1000,64,15871,31099,0,0,1,159173337646
Measurement_interval(ms):,1000,63,15871,31099,0,0,1,159174337642
Measurement_interval(ms):,1000,64,15871,31099,0,0,1,159175337617
Measurement_interval(ms):,1000,64,15871,31099,0,0,1,159176337663
Measurement_interval(ms):,1000,63,15871,31099,0,0,1,159177337621
Measurement_interval(ms):,1000,64,15871,31099,0,0,1,159178337657
Measurement_interval(ms):,1000,63,15871,31099,0,0,1,159179337626
