Measurement_interval(ms):,1000,0,0,0,0,0,1,159432978085
Measurement_interval(ms):,1000,0,0,0,0,0,1,159433722980
Measurement_interval(ms):,1000,0,0,0,0,0,1,159433722982
Measurement_interval(ms):,1000,0,0,0,0,0,1,159433722984
Measurement_interval(ms):,1000,0,0,0,0,0,1,159433722985
Measurement_interval(ms):,1000,0,0,0,0,0,1,159433722986
Measurement_interval(ms):,1000,0,0,0,0,0,1,159433722987
Measurement_interval(ms):,1000,0,0,0,0,0,1,159433722989
Measurement_interval(ms):,1000,0,0,0,0,0,1,159433722990
Measurement_interval(ms):,1000,48,0,0,0,0,1,159433976174
Measurement_interval(ms):,1000,256,0,0,0,0,1,159434976167
Measurement_interval(ms):,1000,256,0,0,0,0,1,159435976135
Measurement_interval(ms):,1000,256,0,0,0,0,1,159436976176
Measurement_interval(ms):,1000,256,0,0,0,0,1,159437976182
Measurement_interval(ms):,1000,256,0,0,0,0,1,159438976173
Measurement_interval(ms):,1000,256,0,0,0,0,1,159439976145
Measurement_interval(ms):,1000,256,62716,124977,0,0,1,159440976172
Measurement_interval(ms):,1000,256,62716,124977,0,0,1,159441976168
Measurement_interval(ms):,1000,256,62716,124977,0,0,1,159442976141
Measurement_interval(ms):,1000,256,62716,124977,0,0,1,159443976163
Measurement_interval(ms):,1000,256,62716,124977,0,0,1,159444976180
Measurement_interval(ms):,1000,256,62716,124977,0,0,1,159445976132
Measurement_interval(ms):,1000,256,62716,124977,0,0,1,159446976158
Measurement_interval(ms):,1000,256,62716,124977,0,0,1,159447976139
Measurement_interval(ms):,1000,256,62716,124977,0,0,1,159448976153
Measurement_interval(ms):,1000,256,62716,124977,0,0,1,159449976166
Measurement_interval(ms):,1000,256,62716,124977,0,0,1,159450976155
Measurement_interval(ms):,1000,256,62716,124977,0,0,1,159451976181
Measurement_interval(ms):,1000,256,62716,124977,0,0,1,159452976152
Measurement_interval(ms):,1000,256,62716,124977,0,0,1,159453976171
Measurement_interval(ms):,1000,256,62716,124977,0,0,1,159454976133
Measurement_interval(ms):,1000,256,62716,124977,0,0,1,159455976154
Measurement_interval(ms):,1000,256,62716,124977,0,0,1,159456976173
Measurement_interval(ms):,1000,256,62716,124977,0,0,1,159457976160
Measurement_interval(ms):,1000,256,62716,124977,0,0,1,159458976151
Measurement_interval(ms):,1000,256,62716,124977,0,0,1,159459976140
Measurement_interval(ms):,1000,256,62716,124977,0,0,1,159460976144
Measurement_interval(ms):,1000,256,62716,124977,0,0,1,159461976135
Measurement_interval(ms):,1000,256,62716,124977,0,0,1,159462976139
Measurement_interval(ms):,1000,256,62716,124977,0,0,1,159463976160
Measurement_interval(ms):,1000,256,62716,124977,0,0,1,159464976149
Measurement_interval(ms):,1000,256,62716,124977,0,0,1,159465976137
Measurement_interval(ms):,1000,256,62716,124977,0,0,1,159466976173
Measurement_interval(ms):,1000,256,62716,124977,0,0,1,159467976148
Measurement_interval(ms):,1000,256,62716,124977,0,0,1,159468976159
Measurement_interval(ms):,1000,256,62716,124977,0,0,1,159469976163
Measurement_interval(ms):,1000,256,62716,124977,0,0,1,159470976134
