Measurement_interval(ms):,1000,0,0,0,0,0,1,564319497713
Measurement_interval(ms):,1000,0,0,0,0,0,1,564327925345
Measurement_interval(ms):,1000,0,0,0,0,0,1,564327925347
Measurement_interval(ms):,1000,0,0,0,0,0,1,564327925349
Measurement_interval(ms):,1000,0,0,0,0,0,1,564327925350
Measurement_interval(ms):,1000,0,0,0,0,0,1,564327925352
Measurement_interval(ms):,1000,0,0,0,0,0,1,564327925353
Measurement_interval(ms):,1000,0,0,0,0,0,1,564327925354
Measurement_interval(ms):,1000,0,0,0,0,0,1,564327925355
Measurement_interval(ms):,1000,0,0,0,0,0,1,564329511917
Measurement_interval(ms):,1000,0,0,0,0,0,1,564329511920
Measurement_interval(ms):,1000,1776,3768,6934,0,0,1,564330435208
Measurement_interval(ms):,1000,2088,3768,6934,0,0,1,564331435217
Measurement_interval(ms):,1000,2096,3730,6934,0,0,1,564332435714
Measurement_interval(ms):,1000,2088,3730,6934,0,0,1,564333435214
Measurement_interval(ms):,1000,2096,3730,6934,0,0,1,564334435881
Measurement_interval(ms):,1000,2088,3730,6934,0,0,1,564335435191
Measurement_interval(ms):,1000,2088,3730,6934,0,0,1,564336435218
Measurement_interval(ms):,1000,2096,3730,6934,0,0,1,564337435184
Measurement_interval(ms):,1000,2096,3730,6968,0,0,1,564338435226
Measurement_interval(ms):,1000,2096,3730,6968,0,0,1,564339435197
Measurement_interval(ms):,1000,2096,3730,6968,0,0,1,564340435378
Measurement_interval(ms):,1000,2088,3730,6968,0,0,1,564341435212
Measurement_interval(ms):,1000,2096,3730,6968,0,0,1,564342435781
Measurement_interval(ms):,1000,2088,3730,6934,0,0,1,564343435204
Measurement_interval(ms):,1000,2088,3730,6934,0,0,1,564344435189
Measurement_interval(ms):,1000,2096,3730,6934,0,0,1,564345435473
Measurement_interval(ms):,1000,2088,3730,6934,0,0,1,564346435182
Measurement_interval(ms):,1000,2088,3730,6934,0,0,1,564347435227
Measurement_interval(ms):,1000,2096,3730,6934,0,0,1,564348435215
Measurement_interval(ms):,1000,2088,3730,6934,0,0,1,564349435210
Measurement_interval(ms):,1000,2096,3730,6934,0,0,1,564350435192
Measurement_interval(ms):,1000,2088,3730,6934,0,0,1,564351435222
Measurement_interval(ms):,1000,2096,3730,6934,0,0,1,564352435312
Measurement_interval(ms):,1000,2088,3730,6934,0,0,1,564353435211
Measurement_interval(ms):,1000,2096,3730,6934,0,0,1,564354435706
Measurement_interval(ms):,1000,2088,3730,6934,0,0,1,564355435182
Measurement_interval(ms):,1000,2088,3730,6934,0,0,1,564356435213
Measurement_interval(ms):,1000,2096,3730,6934,0,0,1,564357435223
Measurement_interval(ms):,1000,2088,3730,6934,0,0,1,564358435182
Measurement_interval(ms):,1000,2096,3730,6934,0,0,1,564359435212
Measurement_interval(ms):,1000,2088,3730,6934,0,0,1,564360435207
Measurement_interval(ms):,1000,2096,3730,6934,0,0,1,564361435180
