Measurement_interval(ms):,1000,0,0,0,0,0,1,499493341430
Measurement_interval(ms):,1000,0,0,0,0,0,1,499503360803
Measurement_interval(ms):,1000,0,0,0,0,0,1,499503360805
Measurement_interval(ms):,1000,0,0,0,0,0,1,499503360808
Measurement_interval(ms):,1000,0,0,0,0,0,1,499503360809
Measurement_interval(ms):,1000,0,0,0,0,0,1,499503360811
Measurement_interval(ms):,1000,0,0,0,0,0,1,499503360811
Measurement_interval(ms):,1000,0,0,0,0,0,1,499503360812
Measurement_interval(ms):,1000,0,0,0,0,0,1,499503360813
Measurement_interval(ms):,1000,0,0,0,0,0,1,499503360856
Measurement_interval(ms):,1000,0,0,0,0,0,1,499503360857
Measurement_interval(ms):,1000,0,0,0,0,0,1,499504927584
Measurement_interval(ms):,1000,352,1904,15842,0,0,1,499505299196
Measurement_interval(ms):,1000,1112,1844,10872,0,0,1,499506299459
Measurement_interval(ms):,1000,1110,1834,7464,0,0,1,499507299200
Measurement_interval(ms):,1000,1112,1804,5050,0,0,1,499508299179
Measurement_interval(ms):,1000,1110,1804,3914,0,0,1,499509299167
Measurement_interval(ms):,1000,1112,1804,3204,0,0,1,499510299561
Measurement_interval(ms):,1000,1110,1804,3204,0,0,1,499511299182
Measurement_interval(ms):,1000,1110,1804,3204,0,0,1,499512299195
Measurement_interval(ms):,1000,1112,1804,3204,0,0,1,499513299180
Measurement_interval(ms):,1000,1110,1804,3204,0,0,1,499514299205
Measurement_interval(ms):,1000,1112,1804,3204,0,0,1,499515299221
Measurement_interval(ms):,1000,1110,1804,3204,0,0,1,499516299214
Measurement_interval(ms):,1000,1112,1804,3204,0,0,1,499517299170
Measurement_interval(ms):,1000,1110,1804,3204,0,0,1,499518299175
Measurement_interval(ms):,1000,1112,1804,3204,0,0,1,499519299191
Measurement_interval(ms):,1000,1110,1804,3204,0,0,1,499520299205
Measurement_interval(ms):,1000,1112,1804,3204,0,0,1,499521299222
Measurement_interval(ms):,1000,1112,1804,3204,0,0,1,499522299474
Measurement_interval(ms):,1000,1110,1804,3204,0,0,1,499523299179
Measurement_interval(ms):,1000,1112,1804,3204,0,0,1,499524299223
Measurement_interval(ms):,1000,1110,1804,3204,0,0,1,499525299205
Measurement_interval(ms):,1000,1112,1804,3204,0,0,1,499526299219
Measurement_interval(ms):,1000,1110,1804,3204,0,0,1,499527299191
Measurement_interval(ms):,1000,1112,1804,3204,0,0,1,499528299182
Measurement_interval(ms):,1000,1110,1804,3204,0,0,1,499529299229
Measurement_interval(ms):,1000,1112,1804,3204,0,0,1,499530299187
Measurement_interval(ms):,1000,1112,1804,3204,0,0,1,499531299432
Measurement_interval(ms):,1000,1110,1804,3204,0,0,1,499532299221
Measurement_interval(ms):,1000,1112,1804,3204,0,0,1,499533299204
Measurement_interval(ms):,1000,1112,1804,3204,0,0,1,499534299681
Measurement_interval(ms):,1000,1110,1804,3204,0,0,1,499535299220
Measurement_interval(ms):,1000,1112,1804,3204,0,0,1,499536299255
Measurement_interval(ms):,1000,1110,1804,3204,0,0,1,499537299213
