Measurement_interval(ms):,1000,0,0,0,0,0,1,500300095560
Measurement_interval(ms):,1000,0,0,0,0,0,1,500308218155
Measurement_interval(ms):,1000,0,0,0,0,0,1,500308218156
Measurement_interval(ms):,1000,0,0,0,0,0,1,500308218159
Measurement_interval(ms):,1000,0,0,0,0,0,1,500308218160
Measurement_interval(ms):,1000,0,0,0,0,0,1,500308218162
Measurement_interval(ms):,1000,0,0,0,0,0,1,500308218162
Measurement_interval(ms):,1000,0,0,0,0,0,1,500308218164
Measurement_interval(ms):,1000,0,0,0,0,0,1,500308218164
Measurement_interval(ms):,1000,0,0,0,0,0,1,500309789363
Measurement_interval(ms):,1000,0,0,0,0,0,1,500309789366
Measurement_interval(ms):,1000,1312,2513,8767,0,0,1,500310660787
Measurement_interval(ms):,1000,1600,2487,7583,0,0,1,500311661089
Measurement_interval(ms):,1000,1596,2474,6843,0,0,1,500312660796
Measurement_interval(ms):,1000,1596,2474,6769,0,0,1,500313660790
Measurement_interval(ms):,1000,1600,2474,6325,0,0,1,500314660792
Measurement_interval(ms):,1000,1596,2474,5955,0,0,1,500315660811
Measurement_interval(ms):,1000,1576,2474,11653,0,0,1,500316660832
Measurement_interval(ms):,1000,1620,2474,9063,0,0,1,500317660956
Measurement_interval(ms):,1000,1600,2474,8397,0,0,1,500318661205
Measurement_interval(ms):,1000,1600,2474,7879,0,0,1,500319660824
Measurement_interval(ms):,1000,1600,2474,7583,0,0,1,500320660834
Measurement_interval(ms):,1000,1596,2474,6843,0,0,1,500321660820
Measurement_interval(ms):,1000,1596,2474,6843,0,0,1,500322660848
Measurement_interval(ms):,1000,1596,2474,6843,0,0,1,500323660820
Measurement_interval(ms):,1000,1596,2474,6769,0,0,1,500324661224
Measurement_interval(ms):,1000,1592,2474,6621,0,0,1,500325660819
Measurement_interval(ms):,1000,1596,2474,6399,0,0,1,500326660841
Measurement_interval(ms):,1000,1600,2474,6325,0,0,1,500327660837
Measurement_interval(ms):,1000,1596,2474,6177,0,0,1,500328661115
Measurement_interval(ms):,1000,1596,2474,6029,0,0,1,500329661397
Measurement_interval(ms):,1000,1592,2474,5955,0,0,1,500330660846
Measurement_interval(ms):,1000,1596,2474,5881,0,0,1,500331660822
Measurement_interval(ms):,1000,1592,2474,5733,0,0,1,500332660813
Measurement_interval(ms):,1000,1596,2474,5733,0,0,1,500333660854
Measurement_interval(ms):,1000,1596,2474,5585,0,0,1,500334660850
Measurement_interval(ms):,1000,1592,2474,5511,0,0,1,500335660820
Measurement_interval(ms):,1000,1600,2474,5363,0,0,1,500336661239
Measurement_interval(ms):,1000,1592,2474,5289,0,0,1,500337660823
Measurement_interval(ms):,1000,1596,2474,5289,0,0,1,500338660832
Measurement_interval(ms):,1000,1596,2474,5215,0,0,1,500339660821
Measurement_interval(ms):,1000,1596,2474,5141,0,0,1,500340660889
Measurement_interval(ms):,1000,1592,2474,5067,0,0,1,500341660837
