Measurement_interval(ms):,1000,0,0,0,0,0,1,498405147528
Measurement_interval(ms):,1000,0,0,0,0,0,1,498409720147
Measurement_interval(ms):,1000,0,0,0,0,0,1,498409720149
Measurement_interval(ms):,1000,0,0,0,0,0,1,498409720151
Measurement_interval(ms):,1000,0,0,0,0,0,1,498409720152
Measurement_interval(ms):,1000,0,0,0,0,0,1,498411285465
Measurement_interval(ms):,1000,0,0,0,0,0,1,498411285469
Measurement_interval(ms):,1000,531,1580,18330,0,0,1,498412098166
Measurement_interval(ms):,1000,705,1476,8507,0,0,1,498413098195
Measurement_interval(ms):,1000,705,1476,3909,0,0,1,498414098181
Measurement_interval(ms):,1000,705,1476,2655,0,0,1,498415098153
Measurement_interval(ms):,1000,706,1476,2655,0,0,1,498416098497
Measurement_interval(ms):,1000,705,1476,2655,0,0,1,498417098236
Measurement_interval(ms):,1000,705,1476,2655,0,0,1,498418098192
Measurement_interval(ms):,1000,705,1468,2655,0,0,1,498419098187
Measurement_interval(ms):,1000,705,1468,2655,0,0,1,498420098187
Measurement_interval(ms):,1000,705,1468,2655,0,0,1,498421098184
Measurement_interval(ms):,1000,706,1468,2655,0,0,1,498422098391
Measurement_interval(ms):,1000,704,1460,2655,0,0,1,498423098172
Measurement_interval(ms):,1000,705,1436,2655,0,0,1,498424098161
Measurement_interval(ms):,1000,705,1428,2655,0,0,1,498425098146
Measurement_interval(ms):,1000,706,1428,2446,0,0,1,498426098313
Measurement_interval(ms):,1000,705,1428,2446,0,0,1,498427098170
Measurement_interval(ms):,1000,705,1428,2446,0,0,1,498428098192
Measurement_interval(ms):,1000,705,1428,2446,0,0,1,498429098166
Measurement_interval(ms):,1000,705,1428,2446,0,0,1,498430098163
Measurement_interval(ms):,1000,705,1428,2446,0,0,1,498431098185
Measurement_interval(ms):,1000,705,1428,2446,0,0,1,498432098144
Measurement_interval(ms):,1000,705,1428,2446,0,0,1,498433098180
Measurement_interval(ms):,1000,704,1428,2446,0,0,1,498434098195
Measurement_interval(ms):,1000,705,1428,2446,0,0,1,498435098159
Measurement_interval(ms):,1000,705,1428,2446,0,0,1,498436098148
Measurement_interval(ms):,1000,706,1428,2446,0,0,1,498437098418
Measurement_interval(ms):,1000,705,1428,2446,0,0,1,498438098264
Measurement_interval(ms):,1000,705,1428,2446,0,0,1,498439098145
Measurement_interval(ms):,1000,705,1428,2446,0,0,1,498440098163
Measurement_interval(ms):,1000,705,1428,2446,0,0,1,498441098156
Measurement_interval(ms):,1000,705,1428,2446,0,0,1,498442098180
Measurement_interval(ms):,1000,705,1428,2446,0,0,1,498443098165
Measurement_interval(ms):,1000,705,1428,2446,0,0,1,498444098157
Measurement_interval(ms):,1000,706,1428,2446,0,0,1,498445098509
