Measurement_interval(ms):,1000,0,0,0,0,0,1,565927302125
Measurement_interval(ms):,1000,0,0,0,0,0,1,565934950521
Measurement_interval(ms):,1000,0,0,0,0,0,1,565934950523
Measurement_interval(ms):,1000,0,0,0,0,0,1,565934950526
Measurement_interval(ms):,1000,0,0,0,0,0,1,565934950527
Measurement_interval(ms):,1000,0,0,0,0,0,1,565934950528
Measurement_interval(ms):,1000,0,0,0,0,0,1,565934950529
Measurement_interval(ms):,1000,0,0,0,0,0,1,565934950575
Measurement_interval(ms):,1000,0,0,0,0,0,1,565936544581
Measurement_interval(ms):,1000,0,0,0,0,0,1,565936544584
Measurement_interval(ms):,1000,1472,0,0,0,0,1,565937216922
Measurement_interval(ms):,1000,2720,10936,22064,0,0,1,565938216911
Measurement_interval(ms):,1000,2688,10936,22064,0,0,1,565939216874
Measurement_interval(ms):,1000,2688,10936,22064,0,0,1,565940216908
Measurement_interval(ms):,1000,2688,10936,22174,0,0,1,565941216887
Measurement_interval(ms):,1000,2720,10936,22174,0,0,1,565942216910
Measurement_interval(ms):,1000,2688,10936,22174,0,0,1,565943216875
Measurement_interval(ms):,1000,2688,10936,22174,0,0,1,565944216877
Measurement_interval(ms):,1000,2688,10936,22174,0,0,1,565945216911
Measurement_interval(ms):,1000,2720,10936,22174,0,0,1,565946216923
Measurement_interval(ms):,1000,2688,10936,22174,0,0,1,565947216893
Measurement_interval(ms):,1000,2688,10936,22174,0,0,1,565948216894
Measurement_interval(ms):,1000,2720,10936,22174,0,0,1,565949217127
Measurement_interval(ms):,1000,2688,10936,22174,0,0,1,565950216895
Measurement_interval(ms):,1000,2688,10936,22174,0,0,1,565951216902
Measurement_interval(ms):,1000,2720,10936,22174,0,0,1,565952216920
Measurement_interval(ms):,1000,2688,10936,22174,0,0,1,565953216880
Measurement_interval(ms):,1000,2688,10936,22174,0,0,1,565954216912
Measurement_interval(ms):,1000,2688,10936,22174,0,0,1,565955216912
Measurement_interval(ms):,1000,2720,10936,22174,0,0,1,565956216881
Measurement_interval(ms):,1000,2688,10936,22174,0,0,1,565957216903
Measurement_interval(ms):,1000,2688,10936,22174,0,0,1,565958216887
Measurement_interval(ms):,1000,2720,10936,22174,0,0,1,565959216883
Measurement_interval(ms):,1000,2688,10936,22174,0,0,1,565960216903
Measurement_interval(ms):,1000,2688,10936,22174,0,0,1,565961216901
Measurement_interval(ms):,1000,2720,10936,22174,0,0,1,565962217429
Measurement_interval(ms):,1000,2688,10936,22174,0,0,1,565963216908
Measurement_interval(ms):,1000,2688,10936,22174,0,0,1,565964216916
Measurement_interval(ms):,1000,2688,10936,22174,0,0,1,565965216897
Measurement_interval(ms):,1000,2720,10936,22174,0,0,1,565966216888
Measurement_interval(ms):,1000,2688,10936,22174,0,0,1,565967216885
Measurement_interval(ms):,1000,2688,10936,22174,0,0,1,565968216932
Measurement_interval(ms):,1000,2720,10936,22174,0,0,1,565969217573
Measurement_interval(ms):,1000,2688,10936,22174,0,0,1,565970216886
Measurement_interval(ms):,1000,2688,10936,22174,0,0,1,565971216917
Measurement_interval(ms):,1000,2688,10936,22174,0,0,1,565972216890
