Measurement_interval(ms):,1000,0,0,0,0,0,1,565002586032
Measurement_interval(ms):,1000,0,0,0,0,0,1,565007042440
Measurement_interval(ms):,1000,0,0,0,0,0,1,565007042442
Measurement_interval(ms):,1000,0,0,0,0,0,1,565007042445
Measurement_interval(ms):,1000,0,0,0,0,0,1,565007042446
Measurement_interval(ms):,1000,0,0,0,0,0,1,565007042447
Measurement_interval(ms):,1000,0,0,0,0,0,1,565008623539
Measurement_interval(ms):,1000,0,0,0,0,0,1,565008623543
Measurement_interval(ms):,1000,2032,5947,11421,0,0,1,565009494293
Measurement_interval(ms):,1000,2608,5947,11421,0,0,1,565010494329
Measurement_interval(ms):,1000,2608,5947,11421,0,0,1,565011494287
Measurement_interval(ms):,1000,2608,5947,11421,0,0,1,565012494857
Measurement_interval(ms):,1000,2592,5947,11421,0,0,1,565013494299
Measurement_interval(ms):,1000,2608,5947,11421,0,0,1,565014494287
Measurement_interval(ms):,1000,2608,5947,11421,0,0,1,565015494327
Measurement_interval(ms):,1000,2608,5947,11421,0,0,1,565016494297
Measurement_interval(ms):,1000,2592,5947,11421,0,0,1,565017494332
Measurement_interval(ms):,1000,2608,5947,11421,0,0,1,565018494323
Measurement_interval(ms):,1000,2608,5947,11421,0,0,1,565019494304
Measurement_interval(ms):,1000,2608,5947,11421,0,0,1,565020494329
Measurement_interval(ms):,1000,2608,5947,11421,0,0,1,565021494701
Measurement_interval(ms):,1000,2592,5947,11421,0,0,1,565022494329
Measurement_interval(ms):,1000,2608,5917,11421,0,0,1,565023494310
Measurement_interval(ms):,1000,2608,5917,11421,0,0,1,565024495218
Measurement_interval(ms):,1000,2592,5917,11421,0,0,1,565025494290
Measurement_interval(ms):,1000,2608,5917,11421,0,0,1,565026494325
Measurement_interval(ms):,1000,2608,5917,11421,0,0,1,565027494294
Measurement_interval(ms):,1000,2608,5917,11421,0,0,1,565028494327
Measurement_interval(ms):,1000,2608,5917,11421,0,0,1,565029494837
Measurement_interval(ms):,1000,2592,5917,11421,0,0,1,565030494306
Measurement_interval(ms):,1000,2608,5917,11421,0,0,1,565031494328
Measurement_interval(ms):,1000,2608,5917,11421,0,0,1,565032494320
Measurement_interval(ms):,1000,2608,5917,11421,0,0,1,565033494317
Measurement_interval(ms):,1000,2608,5917,11421,0,0,1,565034494341
