Measurement_interval(ms):,1000,0,0,0,0,0,1,585415884320
Measurement_interval(ms):,1000,0,0,0,0,0,1,585424653845
Measurement_interval(ms):,1000,0,0,0,0,0,1,585424653847
Measurement_interval(ms):,1000,0,0,0,0,0,1,585424653850
Measurement_interval(ms):,1000,0,0,0,0,0,1,585424653851
Measurement_interval(ms):,1000,0,0,0,0,0,1,585424653852
Measurement_interval(ms):,1000,0,0,0,0,0,1,585424653853
Measurement_interval(ms):,1000,0,0,0,0,0,1,585424653900
Measurement_interval(ms):,1000,0,0,0,0,0,1,585424653900
Measurement_interval(ms):,1000,0,0,0,0,0,1,585424653902
Measurement_interval(ms):,1000,0,0,0,0,0,1,585426385909
Measurement_interval(ms):,1000,0,0,0,0,0,1,585426385913
Measurement_interval(ms):,1000,32,0,0,0,0,1,585427435335
Measurement_interval(ms):,1000,224,0,0,0,0,1,585427854202
Measurement_interval(ms):,1000,512,0,0,0,0,1,585428854226
Measurement_interval(ms):,1000,512,0,0,0,0,1,585429854228
Measurement_interval(ms):,1000,544,0,0,0,0,1,585430854211
Measurement_interval(ms):,1000,512,0,0,0,0,1,585431854212
Measurement_interval(ms):,1000,512,0,0,0,0,1,585432854194
Measurement_interval(ms):,1000,512,0,0,0,0,1,585433854184
Measurement_interval(ms):,1000,512,60106,121339,0,0,1,585434854228
Measurement_interval(ms):,1000,512,60106,121339,0,0,1,585435854225
Measurement_interval(ms):,1000,544,60106,121339,0,0,1,585436854184
Measurement_interval(ms):,1000,512,60106,121339,0,0,1,585437854218
Measurement_interval(ms):,1000,512,60106,121339,0,0,1,585438854215
Measurement_interval(ms):,1000,512,60106,121339,0,0,1,585439854194
Measurement_interval(ms):,1000,512,60106,121339,0,0,1,585440854214
Measurement_interval(ms):,1000,512,60106,121339,0,0,1,585441854225
Measurement_interval(ms):,1000,544,60106,121339,0,0,1,585442854204
Measurement_interval(ms):,1000,512,60106,121339,0,0,1,585443854228
Measurement_interval(ms):,1000,512,60106,121339,0,0,1,585444854206
Measurement_interval(ms):,1000,512,60106,121339,0,0,1,585445854198
Measurement_interval(ms):,1000,512,60106,121339,0,0,1,585446854237
Measurement_interval(ms):,1000,544,60106,121339,0,0,1,585447854217
Measurement_interval(ms):,1000,512,60106,121339,0,0,1,585448854236
Measurement_interval(ms):,1000,512,60106,121339,0,0,1,585449854210
Measurement_interval(ms):,1000,512,60106,121339,0,0,1,585450854197
Measurement_interval(ms):,1000,512,60106,121339,0,0,1,585451854228
Measurement_interval(ms):,1000,512,60106,121339,0,0,1,585452854213
Measurement_interval(ms):,1000,544,60106,121339,0,0,1,585453854221
Measurement_interval(ms):,1000,512,60106,121339,0,0,1,585454854218
Measurement_interval(ms):,1000,512,60106,121339,0,0,1,585455854199
Measurement_interval(ms):,1000,512,60106,121339,0,0,1,585456854248
Measurement_interval(ms):,1000,512,60106,121339,0,0,1,585457854237
Measurement_interval(ms):,1000,512,60106,121339,0,0,1,585458854201
