Measurement_interval(ms):,1000,0,0,0,0,0,1,574754669415
Measurement_interval(ms):,1000,0,0,0,0,0,1,574757815122
Measurement_interval(ms):,1000,0,0,0,0,0,1,574757815124
Measurement_interval(ms):,1000,0,0,0,0,0,1,574757815127
Measurement_interval(ms):,1000,0,0,0,0,0,1,574757815127
Measurement_interval(ms):,1000,0,0,0,0,0,1,574757815129
Measurement_interval(ms):,1000,0,0,0,0,0,1,574757815130
Measurement_interval(ms):,1000,0,0,0,0,0,1,574759405068
Measurement_interval(ms):,1000,0,0,0,0,0,1,574759405071
Measurement_interval(ms):,1000,70,0,0,0,0,1,574760312614
Measurement_interval(ms):,1000,218,9525,18242,0,0,1,574761312626
Measurement_interval(ms):,1000,218,9525,18242,0,0,1,574762312628
Measurement_interval(ms):,1000,218,9476,18242,0,0,1,574763312640
Measurement_interval(ms):,1000,218,9476,18242,0,0,1,574764312591
Measurement_interval(ms):,1000,218,9476,18242,0,0,1,574765312621
Measurement_interval(ms):,1000,218,9476,18148,0,0,1,574766312635
Measurement_interval(ms):,1000,218,9476,18148,0,0,1,574767312602
Measurement_interval(ms):,1000,220,9476,18148,0,0,1,574768312595
Measurement_interval(ms):,1000,218,9476,18148,0,0,1,574769312633
Measurement_interval(ms):,1000,218,9476,18148,0,0,1,574770312591
Measurement_interval(ms):,1000,218,9476,18148,0,0,1,574771312607
Measurement_interval(ms):,1000,218,9427,18148,0,0,1,574772312604
Measurement_interval(ms):,1000,218,9427,18148,0,0,1,574773312611
Measurement_interval(ms):,1000,220,9280,17866,0,0,1,574774312600
Measurement_interval(ms):,1000,218,9280,17866,0,0,1,574775312620
Measurement_interval(ms):,1000,218,9280,17866,0,0,1,574776312620
Measurement_interval(ms):,1000,218,9280,17866,0,0,1,574777312895
Measurement_interval(ms):,1000,218,9280,17866,0,0,1,574778312587
Measurement_interval(ms):,1000,218,9280,17866,0,0,1,574779312627
Measurement_interval(ms):,1000,218,9280,17866,0,0,1,574780312632
Measurement_interval(ms):,1000,218,9280,17866,0,0,1,574781312631
Measurement_interval(ms):,1000,220,9280,17866,0,0,1,574782312990
Measurement_interval(ms):,1000,218,9280,17866,0,0,1,574783312592
Measurement_interval(ms):,1000,218,9280,17866,0,0,1,574784312607
Measurement_interval(ms):,1000,218,9280,17866,0,0,1,574785312594
Measurement_interval(ms):,1000,218,9280,17866,0,0,1,574786312602
Measurement_interval(ms):,1000,218,9280,17866,0,0,1,574787312602
Measurement_interval(ms):,1000,218,9280,17866,0,0,1,574788312612
Measurement_interval(ms):,1000,218,9280,17866,0,0,1,574789312590
Measurement_interval(ms):,1000,220,9280,17866,0,0,1,574790313138
Measurement_interval(ms):,1000,218,9280,17866,0,0,1,574791312616
Measurement_interval(ms):,1000,218,9280,17866,0,0,1,574792312612
Measurement_interval(ms):,1000,218,9280,17866,0,0,1,574793312616
Measurement_interval(ms):,1000,218,9280,17866,0,0,1,574794312591
Measurement_interval(ms):,1000,218,9280,17866,0,0,1,574795312577
Measurement_interval(ms):,1000,218,9280,17866,0,0,1,574796312607
Measurement_interval(ms):,1000,218,9280,17866,0,0,1,574797312612
