Measurement_interval(ms):,1000,0,0,0,0,0,1,584254262601
Measurement_interval(ms):,1000,0,0,0,0,0,1,584256707968
Measurement_interval(ms):,1000,0,0,0,0,0,1,584256707971
Measurement_interval(ms):,1000,0,0,0,0,0,1,584256707974
Measurement_interval(ms):,1000,0,0,0,0,0,1,584256707974
Measurement_interval(ms):,1000,0,0,0,0,0,1,584256707976
Measurement_interval(ms):,1000,0,0,0,0,0,1,584258323771
Measurement_interval(ms):,1000,0,0,0,0,0,1,584258323774
Measurement_interval(ms):,1000,16,0,0,0,0,1,584259542050
Measurement_interval(ms):,1000,144,0,0,0,0,1,584259819386
Measurement_interval(ms):,1000,512,0,0,0,0,1,584260819401
Measurement_interval(ms):,1000,512,0,0,0,0,1,584261819408
Measurement_interval(ms):,1000,496,0,0,0,0,1,584262819398
Measurement_interval(ms):,1000,512,31474,62277,0,0,1,584263819380
Measurement_interval(ms):,1000,512,31474,62277,0,0,1,584264819388
Measurement_interval(ms):,1000,512,31474,62277,0,0,1,584265819384
Measurement_interval(ms):,1000,512,31474,62277,0,0,1,584266819542
Measurement_interval(ms):,1000,496,31474,62277,0,0,1,584267819367
Measurement_interval(ms):,1000,512,31474,62277,0,0,1,584268819383
Measurement_interval(ms):,1000,512,31474,62277,0,0,1,584269819367
Measurement_interval(ms):,1000,512,31474,62277,0,0,1,584270819385
Measurement_interval(ms):,1000,496,31474,62277,0,0,1,584271819367
Measurement_interval(ms):,1000,512,31474,62277,0,0,1,584272819402
Measurement_interval(ms):,1000,512,31474,62277,0,0,1,584273819390
Measurement_interval(ms):,1000,512,31474,62277,0,0,1,584274819419
Measurement_interval(ms):,1000,512,31474,62277,0,0,1,584275819387
Measurement_interval(ms):,1000,496,31474,62277,0,0,1,584276819383
Measurement_interval(ms):,1000,512,31474,62277,0,0,1,584277819384
Measurement_interval(ms):,1000,512,31474,62277,0,0,1,584278819412
Measurement_interval(ms):,1000,512,31474,62277,0,0,1,584279819374
Measurement_interval(ms):,1000,496,31474,62277,0,0,1,584280819407
Measurement_interval(ms):,1000,512,31474,62277,0,0,1,584281819402
Measurement_interval(ms):,1000,512,31474,62277,0,0,1,584282819407
Measurement_interval(ms):,1000,512,31474,62277,0,0,1,584283819402
Measurement_interval(ms):,1000,512,31474,62277,0,0,1,584284819371
Measurement_interval(ms):,1000,496,31474,62277,0,0,1,584285819379
Measurement_interval(ms):,1000,512,31474,62277,0,0,1,584286819397
Measurement_interval(ms):,1000,512,31474,62277,0,0,1,584287819399
Measurement_interval(ms):,1000,512,31474,62277,0,0,1,584288819417
Measurement_interval(ms):,1000,512,31474,62277,0,0,1,584289819576
Measurement_interval(ms):,1000,496,31474,62277,0,0,1,584290819406
Measurement_interval(ms):,1000,512,31474,62277,0,0,1,584291819410
Measurement_interval(ms):,1000,512,31474,62277,0,0,1,584292819414
Measurement_interval(ms):,1000,512,31474,62277,0,0,1,584293819386
Measurement_interval(ms):,1000,496,31474,62277,0,0,1,584294819411
Measurement_interval(ms):,1000,512,31474,62277,0,0,1,584295819413
Measurement_interval(ms):,1000,512,31474,62277,0,0,1,584296819400
Measurement_interval(ms):,1000,512,31474,62277,0,0,1,584297819415
Measurement_interval(ms):,1000,512,31474,62277,0,0,1,584298819388
Measurement_interval(ms):,1000,496,31474,62277,0,0,1,584299819378
Measurement_interval(ms):,1000,512,31474,62277,0,0,1,584300819394
Measurement_interval(ms):,1000,512,31474,62277,0,0,1,584301819404
Measurement_interval(ms):,1000,512,31474,62277,0,0,1,584302819413
Measurement_interval(ms):,1000,496,31474,62277,0,0,1,584303819382
Measurement_interval(ms):,1000,512,31474,62277,0,0,1,584304819388
Measurement_interval(ms):,1000,512,31474,62277,0,0,1,584305819395
Measurement_interval(ms):,1000,512,31474,62277,0,0,1,584306819413
Measurement_interval(ms):,1000,512,31474,62277,0,0,1,584307819398
Measurement_interval(ms):,1000,496,31474,62277,0,0,1,584308819412
Measurement_interval(ms):,1000,512,31474,62277,0,0,1,584309819379
Measurement_interval(ms):,1000,512,31474,62277,0,0,1,584310819406
Measurement_interval(ms):,1000,512,31474,62277,0,0,1,584311819375
Measurement_interval(ms):,1000,512,31474,62277,0,0,1,584312819388
Measurement_interval(ms):,1000,496,31474,62277,0,0,1,584313819400
Measurement_interval(ms):,1000,512,31474,62277,0,0,1,584314819383
Measurement_interval(ms):,1000,512,31474,62277,0,0,1,584315819380
