Measurement_interval(ms):,1000,0,0,0,0,0,1,583188065622
Measurement_interval(ms):,1000,0,0,0,0,0,1,583192559770
Measurement_interval(ms):,1000,0,0,0,0,0,1,583192559772
Measurement_interval(ms):,1000,0,0,0,0,0,1,583192559775
Measurement_interval(ms):,1000,0,0,0,0,0,1,583192559775
Measurement_interval(ms):,1000,0,0,0,0,0,1,583192559776
Measurement_interval(ms):,1000,0,0,0,0,0,1,583192559777
Measurement_interval(ms):,1000,0,0,0,0,0,1,583194173848
Measurement_interval(ms):,1000,0,0,0,0,0,1,583194173852
Measurement_interval(ms):,1000,88,0,0,0,0,1,583195113788
Measurement_interval(ms):,1000,328,0,0,0,0,1,583196113795
Measurement_interval(ms):,1000,328,0,0,0,0,1,583197113779
Measurement_interval(ms):,1000,320,25081,49777,0,0,1,583198113807
Measurement_interval(ms):,1000,328,25081,49777,0,0,1,583199113790
Measurement_interval(ms):,1000,328,24827,48761,0,0,1,583200113792
Measurement_interval(ms):,1000,320,24827,48761,0,0,1,583201113798
Measurement_interval(ms):,1000,328,24827,48761,0,0,1,583202113794
Measurement_interval(ms):,1000,328,24827,48761,0,0,1,583203113793
Measurement_interval(ms):,1000,320,24827,48761,0,0,1,583204113792
Measurement_interval(ms):,1000,328,24700,48761,0,0,1,583205113790
Measurement_interval(ms):,1000,328,24700,48761,0,0,1,583206113758
Measurement_interval(ms):,1000,328,24700,48761,0,0,1,583207113759
Measurement_interval(ms):,1000,320,24700,48761,0,0,1,583208113790
Measurement_interval(ms):,1000,328,24700,48761,0,0,1,583209113759
Measurement_interval(ms):,1000,328,24700,48507,0,0,1,583210113796
Measurement_interval(ms):,1000,320,24700,48507,0,0,1,583211113774
Measurement_interval(ms):,1000,328,24700,48507,0,0,1,583212113766
Measurement_interval(ms):,1000,328,24700,48761,0,0,1,583213113782
Measurement_interval(ms):,1000,320,24700,48761,0,0,1,583214113789
Measurement_interval(ms):,1000,328,24700,48507,0,0,1,583215113788
Measurement_interval(ms):,1000,328,24700,48507,0,0,1,583216113782
Measurement_interval(ms):,1000,328,24700,48507,0,0,1,583217113771
Measurement_interval(ms):,1000,320,24700,48507,0,0,1,583218113769
Measurement_interval(ms):,1000,328,24700,48507,0,0,1,583219113785
Measurement_interval(ms):,1000,328,24700,48507,0,0,1,583220113784
Measurement_interval(ms):,1000,320,24700,48507,0,0,1,583221113746
Measurement_interval(ms):,1000,328,24700,48507,0,0,1,583222113732
Measurement_interval(ms):,1000,328,24700,48507,0,0,1,583223113773
Measurement_interval(ms):,1000,328,24700,48507,0,0,1,583224114657
Measurement_interval(ms):,1000,320,24700,48507,0,0,1,583225113743
Measurement_interval(ms):,1000,328,24700,48507,0,0,1,583226113728
Measurement_interval(ms):,1000,328,24700,48507,0,0,1,583227113763
Measurement_interval(ms):,1000,320,24700,48507,0,0,1,583228113735
Measurement_interval(ms):,1000,328,24700,48507,0,0,1,583229113748
Measurement_interval(ms):,1000,328,24700,48507,0,0,1,583230113747
Measurement_interval(ms):,1000,320,24700,48507,0,0,1,583231113770
Measurement_interval(ms):,1000,328,24700,48507,0,0,1,583232113768
Measurement_interval(ms):,1000,328,24700,48507,0,0,1,583233113734
