Measurement_interval(ms):,1000,0,0,0,0,0,1,574055504506
Measurement_interval(ms):,1000,0,0,0,0,0,1,574058985786
Measurement_interval(ms):,1000,0,0,0,0,0,1,574058985789
Measurement_interval(ms):,1000,0,0,0,0,0,1,574058985792
Measurement_interval(ms):,1000,0,0,0,0,0,1,574058985793
Measurement_interval(ms):,1000,0,0,0,0,0,1,574060560094
Measurement_interval(ms):,1000,0,0,0,0,0,1,574060560097
Measurement_interval(ms):,1000,66,0,0,0,0,1,574061506619
Measurement_interval(ms):,1000,183,5790,10905,0,0,1,574062506604
Measurement_interval(ms):,1000,184,5790,10905,0,0,1,574063506607
Measurement_interval(ms):,1000,184,5790,10848,0,0,1,574064506600
Measurement_interval(ms):,1000,184,5790,10848,0,0,1,574065506622
Measurement_interval(ms):,1000,184,5790,10848,0,0,1,574066506848
Measurement_interval(ms):,1000,184,5790,10848,0,0,1,574067506599
Measurement_interval(ms):,1000,184,5790,10848,0,0,1,574068506590
Measurement_interval(ms):,1000,184,5760,10848,0,0,1,574069506606
Measurement_interval(ms):,1000,184,5760,10848,0,0,1,574070506585
Measurement_interval(ms):,1000,184,5760,10848,0,0,1,574071506596
Measurement_interval(ms):,1000,184,5760,10848,0,0,1,574072506604
Measurement_interval(ms):,1000,185,5760,10848,0,0,1,574073506663
Measurement_interval(ms):,1000,184,5760,10848,0,0,1,574074506579
Measurement_interval(ms):,1000,183,5760,10848,0,0,1,574075506609
Measurement_interval(ms):,1000,184,5730,10791,0,0,1,574076506584
Measurement_interval(ms):,1000,184,5730,10677,0,0,1,574077506622
Measurement_interval(ms):,1000,184,5670,10620,0,0,1,574078506596
Measurement_interval(ms):,1000,184,5550,10506,0,0,1,574079506612
Measurement_interval(ms):,1000,185,5550,10449,0,0,1,574080507169
Measurement_interval(ms):,1000,183,5520,10449,0,0,1,574081506571
Measurement_interval(ms):,1000,184,5520,10449,0,0,1,574082506589
Measurement_interval(ms):,1000,183,5520,10392,0,0,1,574083506616
Measurement_interval(ms):,1000,184,5520,10392,0,0,1,574084506603
Measurement_interval(ms):,1000,183,5520,10392,0,0,1,574085506614
Measurement_interval(ms):,1000,184,5520,10392,0,0,1,574086506615
Measurement_interval(ms):,1000,184,5520,10392,0,0,1,574087506589
Measurement_interval(ms):,1000,185,5520,10392,0,0,1,574088506613
Measurement_interval(ms):,1000,184,5520,10392,0,0,1,574089506591
Measurement_interval(ms):,1000,184,5520,10392,0,0,1,574090506590
Measurement_interval(ms):,1000,184,5520,10392,0,0,1,574091506609
Measurement_interval(ms):,1000,184,5520,10392,0,0,1,574092506592
Measurement_interval(ms):,1000,184,5520,10392,0,0,1,574093506608
Measurement_interval(ms):,1000,185,5520,10392,0,0,1,574094506830
