Measurement_interval(ms):,1000,0,0,0,0,0,1,575671899244
Measurement_interval(ms):,1000,0,0,0,0,0,1,575677606178
Measurement_interval(ms):,1000,0,0,0,0,0,1,575677606180
Measurement_interval(ms):,1000,0,0,0,0,0,1,575677606183
Measurement_interval(ms):,1000,0,0,0,0,0,1,575677606184
Measurement_interval(ms):,1000,0,0,0,0,0,1,575677606186
Measurement_interval(ms):,1000,0,0,0,0,0,1,575677606187
Measurement_interval(ms):,1000,0,0,0,0,0,1,575679191488
Measurement_interval(ms):,1000,0,0,0,0,0,1,575679191493
Measurement_interval(ms):,1000,20,0,0,0,0,1,575679892346
Measurement_interval(ms):,1000,256,0,0,0,0,1,575680892344
Measurement_interval(ms):,1000,256,16500,32064,0,0,1,575681892358
Measurement_interval(ms):,1000,256,16500,32064,0,0,1,575682892345
Measurement_interval(ms):,1000,256,16328,32064,0,0,1,575683893000
Measurement_interval(ms):,1000,252,15812,31563,0,0,1,575684892336
Measurement_interval(ms):,1000,256,15812,31563,0,0,1,575685892307
Measurement_interval(ms):,1000,256,15812,30895,0,0,1,575686892307
Measurement_interval(ms):,1000,256,15812,30895,0,0,1,575687892354
Measurement_interval(ms):,1000,256,15812,30895,0,0,1,575688892337
Measurement_interval(ms):,1000,256,15812,30895,0,0,1,575689892321
Measurement_interval(ms):,1000,256,15812,30895,0,0,1,575690892357
Measurement_interval(ms):,1000,256,15812,30895,0,0,1,575691892313
Measurement_interval(ms):,1000,256,15812,30895,0,0,1,575692892320
Measurement_interval(ms):,1000,256,15812,30895,0,0,1,575693892353
Measurement_interval(ms):,1000,256,15812,30895,0,0,1,575694892493
Measurement_interval(ms):,1000,252,15812,30895,0,0,1,575695892305
Measurement_interval(ms):,1000,256,15812,30895,0,0,1,575696892314
Measurement_interval(ms):,1000,256,15812,30895,0,0,1,575697892337
Measurement_interval(ms):,1000,256,15812,30895,0,0,1,575698892332
Measurement_interval(ms):,1000,256,15812,30895,0,0,1,575699892330
Measurement_interval(ms):,1000,256,15812,30895,0,0,1,575700892306
Measurement_interval(ms):,1000,256,15812,30895,0,0,1,575701892337
Measurement_interval(ms):,1000,256,15812,30895,0,0,1,575702892353
Measurement_interval(ms):,1000,256,15812,30895,0,0,1,575703892326
Measurement_interval(ms):,1000,256,15812,30895,0,0,1,575704892337
Measurement_interval(ms):,1000,256,15812,30895,0,0,1,575705892331
Measurement_interval(ms):,1000,256,15812,30895,0,0,1,575706892323
Measurement_interval(ms):,1000,256,15812,30895,0,0,1,575707892327
Measurement_interval(ms):,1000,252,15812,30895,0,0,1,575708892321
Measurement_interval(ms):,1000,256,15812,30895,0,0,1,575709892317
Measurement_interval(ms):,1000,256,15812,30895,0,0,1,575710892316
Measurement_interval(ms):,1000,256,15812,30895,0,0,1,575711892320
Measurement_interval(ms):,1000,256,15812,30895,0,0,1,575712892331
Measurement_interval(ms):,1000,256,15812,30895,0,0,1,575713892316
