Measurement_interval(ms):,250,0,0,0,0,0,1,30874958637,0,0
Measurement_interval(ms):,250,0,0,0,0,0,1,30875477314,0,0
Measurement_interval(ms):,250,0,0,0,0,0,1,30875477315,0,0
Measurement_interval(ms):,250,0,0,0,0,0,1,30875477319,0,0
Measurement_interval(ms):,250,0,0,0,0,0,1,30875477320,0,0
Measurement_interval(ms):,250,0,0,0,0,0,1,30875477322,0,0
Measurement_interval(ms):,250,0,0,0,0,0,1,30875477323,0,0
Measurement_interval(ms):,250,0,0,0,0,0,1,30875477369,0,0
Measurement_interval(ms):,250,0,0,0,0,0,1,30875477370,0,0
Measurement_interval(ms):,250,0,0,0,0,0,1,30875477373,0,0
Measurement_interval(ms):,250,0,0,0,0,0,1,30875477374,0,0
Measurement_interval(ms):,250,0,0,0,0,0,1,30875477375,0,0
Measurement_interval(ms):,250,0,0,0,0,0,1,30875477376,0,0
Measurement_interval(ms):,250,0,0,0,0,0,1,30875477378,0,0
Measurement_interval(ms):,250,0,0,0,0,0,1,30875477379,0,0
Measurement_interval(ms):,250,0,0,0,0,0,1,30875477380,0,0
Measurement_interval(ms):,250,0,0,0,0,0,1,30875477381,0,0
Measurement_interval(ms):,250,0,0,0,0,0,1,30875477424,0,0
Measurement_interval(ms):,250,0,0,0,0,0,1,30875477425,0,0
Measurement_interval(ms):,250,0,0,0,0,0,1,30875477428,0,0
Measurement_interval(ms):,250,0,0,0,0,0,1,30875477429,0,0
Measurement_interval(ms):,250,0,0,0,0,0,1,30875477431,0,0
Measurement_interval(ms):,250,0,0,0,0,0,1,30875477432,0,0
Measurement_interval(ms):,250,0,0,0,0,0,1,30875477434,0,0
Measurement_interval(ms):,250,0,0,0,0,0,1,30875477435,0,0
Measurement_interval(ms):,250,0,0,0,0,0,1,30875477479,0,0
Measurement_interval(ms):,250,0,0,0,0,0,1,30875477480,0,0
Measurement_interval(ms):,250,0,0,0,0,0,1,30875477483,0,0
Measurement_interval(ms):,250,0,0,0,0,0,1,30875477484,0,0
Measurement_interval(ms):,250,0,0,0,0,0,1,30875477486,0,0
Measurement_interval(ms):,250,0,0,0,0,0,1,30875477487,0,0
Measurement_interval(ms):,250,0,0,0,0,0,1,30875477488,0,0
Measurement_interval(ms):,250,0,0,0,0,0,1,30875477489,0,0
Measurement_interval(ms):,250,0,0,0,0,0,1,30875477490,0,0
Measurement_interval(ms):,250,0,0,0,0,0,1,30875477491,0,0
Measurement_interval(ms):,250,0,0,0,0,0,1,30875477534,0,0
Measurement_interval(ms):,250,0,0,0,0,0,1,30875477535,0,0
Measurement_interval(ms):,250,0,0,0,0,0,1,30875477538,0,0
Measurement_interval(ms):,250,0,0,0,0,0,1,30875477538,0,0
Measurement_interval(ms):,250,0,0,0,0,0,1,30875477541,0,0
Measurement_interval(ms):,250,0,0,0,0,0,1,30875477542,0,0
Measurement_interval(ms):,250,0,0,0,0,0,1,30875477543,0,0
Measurement_interval(ms):,250,24,0,0,0,0,1,30875584149,6,0
Measurement_interval(ms):,250,88,0,0,0,0,1,30875834191,28,0
Measurement_interval(ms):,250,88,0,0,0,0,1,30876084152,50,0
Measurement_interval(ms):,250,88,0,0,0,0,1,30876334168,72,0
Measurement_interval(ms):,250,88,0,0,0,0,1,30876584164,94,0
Measurement_interval(ms):,250,88,0,0,0,0,1,30876834169,116,0
Measurement_interval(ms):,250,88,0,0,0,0,1,30877084181,138,0
Measurement_interval(ms):,250,88,0,0,0,0,1,30877334189,160,0
Measurement_interval(ms):,250,88,0,0,0,0,1,30877584155,182,0
Measurement_interval(ms):,250,88,0,0,0,0,1,30877834195,204,0
Measurement_interval(ms):,250,88,22859,144089,0,0,1,30878084174,226,0
Measurement_interval(ms):,250,88,22859,144089,0,0,1,30878334187,248,0
Measurement_interval(ms):,250,88,22859,144089,0,0,1,30878584149,270,0
Measurement_interval(ms):,250,88,22859,144089,0,0,1,30878834192,292,0
Measurement_interval(ms):,250,88,22859,144089,0,0,1,30879084151,314,0
Measurement_interval(ms):,250,88,22859,144089,0,0,1,30879334174,336,0
Measurement_interval(ms):,250,88,22859,144089,0,0,1,30879584166,358,0
Measurement_interval(ms):,250,88,22859,144089,0,0,1,30879834181,380,0
Measurement_interval(ms):,250,88,22859,144089,0,0,1,30880084188,402,0
Measurement_interval(ms):,250,88,22859,144089,0,0,1,30880334179,424,0
Measurement_interval(ms):,250,88,22859,144089,0,0,1,30880584173,446,0
Measurement_interval(ms):,250,88,22859,144089,0,0,1,30880834193,468,0
Measurement_interval(ms):,250,88,22859,144089,0,0,1,30881084142,490,0
Measurement_interval(ms):,250,88,22859,144089,0,0,1,30881334163,512,0
Measurement_interval(ms):,250,88,22859,144089,0,0,1,30881584155,534,0
Measurement_interval(ms):,250,96,22859,144089,0,0,1,30881834277,558,0
Measurement_interval(ms):,250,88,22859,144089,0,0,1,30882084157,580,0
Measurement_interval(ms):,250,88,22859,144089,0,0,1,30882334157,602,0
Measurement_interval(ms):,250,88,22859,144089,0,0,1,30882584170,624,0
Measurement_interval(ms):,250,88,22859,144089,0,0,1,30882834178,646,0
Measurement_interval(ms):,250,88,22859,144089,0,0,1,30883084190,668,0
Measurement_interval(ms):,250,88,22859,144089,0,0,1,30883334155,690,0
Measurement_interval(ms):,250,88,22859,144089,0,0,1,30883584180,712,0
Measurement_interval(ms):,250,88,22859,144089,0,0,1,30883834172,734,0
Measurement_interval(ms):,250,88,22859,144089,0,0,1,30884084139,756,0
Measurement_interval(ms):,250,88,22859,144089,0,0,1,30884334160,778,0
Measurement_interval(ms):,250,88,22859,144089,0,0,1,30884584149,800,0
Measurement_interval(ms):,250,88,22859,144089,0,0,1,30884834144,822,0
Measurement_interval(ms):,250,88,22859,144089,0,0,1,30885084172,844,0
Measurement_interval(ms):,250,88,22859,144089,0,0,1,30885334153,866,0
Measurement_interval(ms):,250,88,22859,144089,0,0,1,30885584187,888,0
Measurement_interval(ms):,250,88,22859,144089,0,0,1,30885834179,910,0
Measurement_interval(ms):,250,88,22859,144089,0,0,1,30886084150,932,0
Measurement_interval(ms):,250,88,22859,144089,0,0,1,30886334177,954,0
Measurement_interval(ms):,250,88,22859,144089,0,0,1,30886584161,976,0
Measurement_interval(ms):,250,88,22859,144089,0,0,1,30886834142,998,0
Measurement_interval(ms):,250,88,22859,144089,0,0,1,30887084135,1020,0
Measurement_interval(ms):,250,88,22859,144089,0,0,1,30887334163,1042,0
Measurement_interval(ms):,250,88,22859,144089,0,0,1,30887584180,1064,0
Measurement_interval(ms):,250,88,22859,144089,0,0,1,30887834182,1086,0
Measurement_interval(ms):,250,96,22859,144089,0,0,1,30888084173,1110,0
Measurement_interval(ms):,250,88,22859,144089,0,0,1,30888334165,1132,0
Measurement_interval(ms):,250,88,22859,144089,0,0,1,30888584160,1154,0
Measurement_interval(ms):,250,88,22859,144089,0,0,1,30888834180,1176,0
Measurement_interval(ms):,250,88,22859,144089,0,0,1,30889084162,1198,0
Measurement_interval(ms):,250,88,22859,144089,0,0,1,30889334166,1220,0
Measurement_interval(ms):,250,88,22859,144089,0,0,1,30889584182,1242,0
Measurement_interval(ms):,250,88,22859,144089,0,0,1,30889834141,1264,0
Measurement_interval(ms):,250,88,22859,144089,0,0,1,30890084141,1286,0
Measurement_interval(ms):,250,88,22859,144089,0,0,1,30890334132,1308,0
Measurement_interval(ms):,250,88,22859,144089,0,0,1,30890584133,1330,0
Measurement_interval(ms):,250,88,22859,144089,0,0,1,30890834153,1352,0
Measurement_interval(ms):,250,88,22859,144089,0,0,1,30891084180,1374,0
Measurement_interval(ms):,250,88,22859,144089,0,0,1,30891334151,1396,0
Measurement_interval(ms):,250,88,22859,144089,0,0,1,30891584141,1418,0
Measurement_interval(ms):,250,88,22859,144089,0,0,1,30891834146,1440,0
Measurement_interval(ms):,250,88,22859,144089,0,0,1,30892084166,1462,0
Measurement_interval(ms):,250,88,22859,144089,0,0,1,30892334167,1484,0
Measurement_interval(ms):,250,88,22859,144089,0,0,1,30892584143,1506,0
Measurement_interval(ms):,250,88,22859,144089,0,0,1,30892834143,1528,0
Measurement_interval(ms):,250,88,22859,144089,0,0,1,30893084139,1550,0
Measurement_interval(ms):,250,88,22859,144089,0,0,1,30893334127,1572,0
Measurement_interval(ms):,250,88,22859,144089,0,0,1,30893584148,1594,0
Measurement_interval(ms):,250,88,22859,144089,0,0,1,30893834136,1616,0
Measurement_interval(ms):,250,96,22859,144089,0,0,1,30894084128,1640,0
Measurement_interval(ms):,250,88,22859,144089,0,0,1,30894334172,1662,0
Measurement_interval(ms):,250,88,22859,144089,0,0,1,30894584163,1684,0
Measurement_interval(ms):,250,88,22859,144089,0,0,1,30894834164,1706,0
Measurement_interval(ms):,250,88,22859,144089,0,0,1,30895084128,1728,0
Measurement_interval(ms):,250,88,22859,144089,0,0,1,30895334143,1750,0
Measurement_interval(ms):,250,88,22859,144089,0,0,1,30895584149,1772,0
Measurement_interval(ms):,250,88,22859,144089,0,0,1,30895834140,1794,0
Measurement_interval(ms):,250,88,22859,144089,0,0,1,30896084141,1816,0
Measurement_interval(ms):,250,88,22859,144089,0,0,1,30896334136,1838,0
Measurement_interval(ms):,250,88,22859,144089,0,0,1,30896584163,1860,0
Measurement_interval(ms):,250,88,22859,144089,0,0,1,30896834130,1882,0
Measurement_interval(ms):,250,88,22859,144089,0,0,1,30897084138,1904,0
Measurement_interval(ms):,250,88,22859,144089,0,0,1,30897334123,1926,0
Measurement_interval(ms):,250,88,22859,144089,0,0,1,30897584166,1948,0
Measurement_interval(ms):,250,88,22859,144089,0,0,1,30897834164,1970,0
Measurement_interval(ms):,250,88,22859,144089,0,0,1,30898084173,1992,0
Measurement_interval(ms):,250,88,22859,144089,0,0,1,30898334121,2014,0
Measurement_interval(ms):,250,88,22859,144089,0,0,1,30898584158,2036,0
Measurement_interval(ms):,250,88,22859,144089,0,0,1,30898834162,2058,0
Measurement_interval(ms):,250,88,22859,144089,0,0,1,30899084138,2080,0
Measurement_interval(ms):,250,88,22859,144089,0,0,1,30899334168,2102,0
Measurement_interval(ms):,250,96,22859,144089,0,0,1,30899584182,2126,0
Measurement_interval(ms):,250,88,22859,144089,0,0,1,30899834159,2148,0
Measurement_interval(ms):,250,88,22859,144089,0,0,1,30900084136,2170,0
Measurement_interval(ms):,250,88,22859,144089,0,0,1,30900334130,2192,0
Measurement_interval(ms):,250,88,22859,144089,0,0,1,30900584135,2214,0
Measurement_interval(ms):,250,88,22859,144089,0,0,1,30900834154,2236,0
Measurement_interval(ms):,250,88,22859,144089,0,0,1,30901084120,2258,0
Measurement_interval(ms):,250,88,22859,144089,0,0,1,30901334127,2280,0
Measurement_interval(ms):,250,88,22859,144089,0,0,1,30901584154,2302,0
Measurement_interval(ms):,250,88,22859,144089,0,0,1,30901834131,2324,0
Measurement_interval(ms):,250,88,22859,144089,0,0,1,30902084150,2346,0
Measurement_interval(ms):,250,88,22859,144089,0,0,1,30902334128,2368,0
Measurement_interval(ms):,250,88,22859,144089,0,0,1,30902584134,2390,0
Measurement_interval(ms):,250,88,22859,144089,0,0,1,30902834119,2412,0
Measurement_interval(ms):,250,88,22859,144089,0,0,1,30903084139,2434,0
Measurement_interval(ms):,250,88,22859,144089,0,0,1,30903334144,2456,0
Measurement_interval(ms):,250,88,22859,144089,0,0,1,30903584142,2478,0
Measurement_interval(ms):,250,88,22859,144089,0,0,1,30903834148,2500,0
Measurement_interval(ms):,250,88,22859,144089,0,0,1,30904084138,2522,0
Measurement_interval(ms):,250,88,22859,144089,0,0,1,30904334143,2544,0
Measurement_interval(ms):,250,88,22859,144089,0,0,1,30904584115,2566,0
Measurement_interval(ms):,250,88,22859,144089,0,0,1,30904834127,2588,0
Measurement_interval(ms):,250,96,22859,144089,0,0,1,30905084142,2612,0
Measurement_interval(ms):,250,88,22859,144089,0,0,1,30905334113,2634,0
Measurement_interval(ms):,250,88,22859,144089,0,0,1,30905584135,2656,0
Measurement_interval(ms):,250,88,22859,144089,0,0,1,30905834118,2678,0
Measurement_interval(ms):,250,88,22859,144089,0,0,1,30906084111,2700,0
Measurement_interval(ms):,250,88,22859,144089,0,0,1,30906334114,2722,0
Measurement_interval(ms):,250,88,22859,144089,0,0,1,30906584116,2744,0
Measurement_interval(ms):,250,88,22859,144089,0,0,1,30906834143,2766,0
Measurement_interval(ms):,250,88,22859,144089,0,0,1,30907084139,2788,0
Measurement_interval(ms):,250,88,22859,144089,0,0,1,30907334122,2810,0
Measurement_interval(ms):,250,88,22859,144089,0,0,1,30907584137,2832,0
Measurement_interval(ms):,250,88,22859,144089,0,0,1,30907834122,2854,0
Measurement_interval(ms):,250,88,22859,144089,0,0,1,30908084152,2876,0
Measurement_interval(ms):,250,88,22859,144089,0,0,1,30908334119,2898,0
Measurement_interval(ms):,250,88,22859,144089,0,0,1,30908584109,2920,0
Measurement_interval(ms):,250,88,22859,144089,0,0,1,30908834158,2942,0
Measurement_interval(ms):,250,88,22859,144089,0,0,1,30909084144,2964,0
Measurement_interval(ms):,250,88,22859,144089,0,0,1,30909334128,2986,0
Measurement_interval(ms):,250,88,22859,144089,0,0,1,30909584116,3008,0
Measurement_interval(ms):,250,88,22859,144089,0,0,1,30909834128,3030,0
Measurement_interval(ms):,250,88,22859,144089,0,0,1,30910084134,3052,0
Measurement_interval(ms):,250,88,22859,144089,0,0,1,30910334108,3074,0
Measurement_interval(ms):,250,96,22859,144089,0,0,1,30910584283,3098,0
Measurement_interval(ms):,250,88,22859,144089,0,0,1,30910834133,3120,0
Measurement_interval(ms):,250,88,22859,144089,0,0,1,30911084138,3142,0
Measurement_interval(ms):,250,88,22859,144089,0,0,1,30911334157,3164,0
Measurement_interval(ms):,250,88,22859,144089,0,0,1,30911584147,3186,0
Measurement_interval(ms):,250,88,22859,144089,0,0,1,30911834141,3208,0
Measurement_interval(ms):,250,88,22859,144089,0,0,1,30912084118,3230,0
Measurement_interval(ms):,250,88,22859,144089,0,0,1,30912334113,3252,0
Measurement_interval(ms):,250,88,22859,144089,0,0,1,30912584140,3274,0
Measurement_interval(ms):,250,88,22859,144089,0,0,1,30912834128,3296,0
Measurement_interval(ms):,250,88,22859,144089,0,0,1,30913084148,3318,0
Measurement_interval(ms):,250,88,22859,144089,0,0,1,30913334112,3340,0
Measurement_interval(ms):,250,88,22859,144089,0,0,1,30913584135,3362,0
Measurement_interval(ms):,250,88,22859,144089,0,0,1,30913834124,3384,0
Measurement_interval(ms):,250,88,22859,144089,0,0,1,30914084121,3406,0
Measurement_interval(ms):,250,88,22859,144089,0,0,1,30914334107,3428,0
Measurement_interval(ms):,250,88,22859,144089,0,0,1,30914584128,3450,0
Measurement_interval(ms):,250,88,22859,144089,0,0,1,30914834113,3472,0
Measurement_interval(ms):,250,88,22859,144089,0,0,1,30915084131,3494,0
Measurement_interval(ms):,250,88,22859,144089,0,0,1,30915334140,3516,0
Measurement_interval(ms):,250,88,22859,144089,0,0,1,30915584136,3538,0
Measurement_interval(ms):,250,88,22859,144089,0,0,1,30915834103,3560,0
Measurement_interval(ms):,250,88,22859,144089,0,0,1,30916084130,3582,0
Measurement_interval(ms):,250,96,22859,144089,0,0,1,30916334426,3606,0
Measurement_interval(ms):,250,88,22859,144089,0,0,1,30916584104,3628,0
Measurement_interval(ms):,250,88,22859,144089,0,0,1,30916834116,3650,0
Measurement_interval(ms):,250,88,22859,144089,0,0,1,30917084147,3672,0
Measurement_interval(ms):,250,88,22859,144089,0,0,1,30917334117,3694,0
Measurement_interval(ms):,250,88,22859,144089,0,0,1,30917584098,3716,0
Measurement_interval(ms):,250,88,22859,144089,0,0,1,30917834134,3738,0
Measurement_interval(ms):,250,88,22859,144089,0,0,1,30918084141,3760,0
Measurement_interval(ms):,250,88,22859,144089,0,0,1,30918334137,3782,0
Measurement_interval(ms):,250,88,22859,144089,0,0,1,30918584118,3804,0
Measurement_interval(ms):,250,88,22859,144089,0,0,1,30918834145,3826,0
Measurement_interval(ms):,250,88,22859,144089,0,0,1,30919084105,3848,0
Measurement_interval(ms):,250,88,22859,144089,0,0,1,30919334134,3870,0
Measurement_interval(ms):,250,88,22859,144089,0,0,1,30919584137,3892,0
Measurement_interval(ms):,250,88,22859,144089,0,0,1,30919834113,3914,0
Measurement_interval(ms):,250,88,22859,144089,0,0,1,30920084134,3936,0
Measurement_interval(ms):,250,88,22859,144089,0,0,1,30920334111,3958,0
Measurement_interval(ms):,250,88,22859,144089,0,0,1,30920584116,3980,0
Measurement_interval(ms):,250,88,22859,144089,0,0,1,30920834113,4002,0
Measurement_interval(ms):,250,88,22859,144089,0,0,1,30921084124,4024,0
Measurement_interval(ms):,250,88,22859,144089,0,0,1,30921334121,4046,0
Measurement_interval(ms):,250,88,22859,144089,0,0,1,30921584128,4068,0
Measurement_interval(ms):,250,96,22859,144089,0,0,1,30921834649,4092,0
Measurement_interval(ms):,250,88,22859,144089,0,0,1,30922084095,4114,0
Measurement_interval(ms):,250,88,22859,144089,0,0,1,30922334116,4136,0
Measurement_interval(ms):,250,88,22859,144089,0,0,1,30922584124,4158,0
Measurement_interval(ms):,250,88,22859,144089,0,0,1,30922834133,4180,0
Measurement_interval(ms):,250,88,22859,144089,0,0,1,30923084110,4202,0
Measurement_interval(ms):,250,88,22859,144089,0,0,1,30923334124,4224,0
Measurement_interval(ms):,250,88,22859,144089,0,0,1,30923584132,4246,0
Measurement_interval(ms):,250,88,22859,144089,0,0,1,30923834139,4268,0
Measurement_interval(ms):,250,88,22859,144089,0,0,1,30924084134,4290,0
Measurement_interval(ms):,250,88,22859,144089,0,0,1,30924334111,4312,0
Measurement_interval(ms):,250,88,22859,144089,0,0,1,30924584089,4334,0
Measurement_interval(ms):,250,88,22859,144089,0,0,1,30924834106,4356,0
Measurement_interval(ms):,250,88,22859,144089,0,0,1,30925084110,4378,0
Measurement_interval(ms):,250,88,22859,144089,0,0,1,30925334112,4400,0
Measurement_interval(ms):,250,88,22859,144089,0,0,1,30925584109,4422,0
Measurement_interval(ms):,250,88,22859,144089,0,0,1,30925834121,4444,0
Measurement_interval(ms):,250,88,22859,144089,0,0,1,30926084112,4466,0
Measurement_interval(ms):,250,88,22859,144089,0,0,1,30926334138,4488,0
Measurement_interval(ms):,250,88,22859,144089,0,0,1,30926584087,4510,0
Measurement_interval(ms):,250,88,22859,144089,0,0,1,30926834135,4532,0
Measurement_interval(ms):,250,88,22859,144089,0,0,1,30927084088,4554,0
Measurement_interval(ms):,250,88,22859,144089,0,0,1,30927334103,4576,0
Measurement_interval(ms):,250,96,22859,144089,0,0,1,30927584123,4600,0
Measurement_interval(ms):,250,88,22859,144089,0,0,1,30927834123,4622,0
Measurement_interval(ms):,250,88,22859,144089,0,0,1,30928084109,4644,0
Measurement_interval(ms):,250,88,22859,144089,0,0,1,30928334122,4666,0
Measurement_interval(ms):,250,88,22859,144089,0,0,1,30928584102,4688,0
Measurement_interval(ms):,250,88,22859,144089,0,0,1,30928834116,4710,0
Measurement_interval(ms):,250,88,22859,144089,0,0,1,30929084092,4732,0
Measurement_interval(ms):,250,88,22859,144089,0,0,1,30929334088,4754,0
Measurement_interval(ms):,250,88,22859,144089,0,0,1,30929584096,4776,0
Measurement_interval(ms):,250,88,22859,144089,0,0,1,30929834112,4798,0
Measurement_interval(ms):,250,88,22859,144089,0,0,1,30930084084,4820,0
Measurement_interval(ms):,250,88,22859,144089,0,0,1,30930334129,4842,0
Measurement_interval(ms):,250,88,22859,144089,0,0,1,30930584111,4864,0
Measurement_interval(ms):,250,88,22859,144089,0,0,1,30930834112,4886,0
Measurement_interval(ms):,250,88,22859,144089,0,0,1,30931084092,4908,0
Measurement_interval(ms):,250,88,22859,144089,0,0,1,30931334111,4930,0
Measurement_interval(ms):,250,88,22859,144089,0,0,1,30931584111,4952,0
Measurement_interval(ms):,250,88,22859,144089,0,0,1,30931834097,4974,0
Measurement_interval(ms):,250,88,22859,144089,0,0,1,30932084093,4996,0
Measurement_interval(ms):,250,88,22859,144089,0,0,1,30932334123,5018,0
Measurement_interval(ms):,250,88,22859,144089,0,0,1,30932584094,5040,0
Measurement_interval(ms):,250,88,22859,144089,0,0,1,30932834080,5062,0
Measurement_interval(ms):,250,96,22859,144089,0,0,1,30933084639,5086,0
Measurement_interval(ms):,250,88,22859,144089,0,0,1,30933334112,5108,0
Measurement_interval(ms):,250,88,22859,144089,0,0,1,30933584123,5130,0
Measurement_interval(ms):,250,88,22859,144089,0,0,1,30933834114,5152,0
Measurement_interval(ms):,250,88,22859,144089,0,0,1,30934084126,5174,0
Measurement_interval(ms):,250,88,22859,144089,0,0,1,30934334101,5196,0
Measurement_interval(ms):,250,88,22859,144089,0,0,1,30934584117,5218,0
Measurement_interval(ms):,250,88,22859,144089,0,0,1,30934834101,5240,0
Measurement_interval(ms):,250,88,22859,144089,0,0,1,30935084120,5262,0
Measurement_interval(ms):,250,88,22859,144089,0,0,1,30935334096,5284,0
Measurement_interval(ms):,250,88,22859,144089,0,0,1,30935584099,5306,0
