Measurement_interval(ms):,250,0,0,0,0,0,1,31130490577,0,0
Measurement_interval(ms):,250,0,0,0,0,0,1,31130490583,0,0
Measurement_interval(ms):,250,0,0,0,0,0,1,31130490585,0,0
Measurement_interval(ms):,250,0,0,0,0,0,1,31130490588,0,0
Measurement_interval(ms):,250,0,0,0,0,0,1,31130490590,0,0
Measurement_interval(ms):,250,0,0,0,0,0,1,31130490591,0,0
Measurement_interval(ms):,250,0,0,0,0,0,1,31130490592,0,0
Measurement_interval(ms):,250,0,0,0,0,0,1,31130490656,0,0
Measurement_interval(ms):,250,0,0,0,0,0,1,31130490657,0,0
Measurement_interval(ms):,250,0,0,0,0,0,1,31130490660,0,0
Measurement_interval(ms):,250,0,0,0,0,0,1,31130490661,0,0
Measurement_interval(ms):,250,0,0,0,0,0,1,31130490664,0,0
Measurement_interval(ms):,250,0,0,0,0,0,1,31130490665,0,0
Measurement_interval(ms):,250,0,0,0,0,0,1,31130490667,0,0
Measurement_interval(ms):,250,0,0,0,0,0,1,31130490668,0,0
Measurement_interval(ms):,250,0,0,0,0,0,1,31130490669,0,0
Measurement_interval(ms):,250,0,0,0,0,0,1,31130490670,0,0
Measurement_interval(ms):,250,0,0,0,0,0,1,31130490672,0,0
Measurement_interval(ms):,250,0,0,0,0,0,1,31130490673,0,0
Measurement_interval(ms):,250,0,0,0,0,0,1,31130490711,0,0
Measurement_interval(ms):,250,0,0,0,0,0,1,31130490712,0,0
Measurement_interval(ms):,250,0,0,0,0,0,1,31130490715,0,0
Measurement_interval(ms):,250,0,0,0,0,0,1,31130490716,0,0
Measurement_interval(ms):,250,0,0,0,0,0,1,31130490719,0,0
Measurement_interval(ms):,250,0,0,0,0,0,1,31130490719,0,0
Measurement_interval(ms):,250,0,0,0,0,0,1,31130490766,0,0
Measurement_interval(ms):,250,0,0,0,0,0,1,31130490767,0,0
Measurement_interval(ms):,250,0,0,0,0,0,1,31130490770,0,0
Measurement_interval(ms):,250,0,0,0,0,0,1,31130490771,0,0
Measurement_interval(ms):,250,0,0,0,0,0,1,31130490774,0,0
Measurement_interval(ms):,250,0,0,0,0,0,1,31130490775,0,0
Measurement_interval(ms):,250,0,0,0,0,0,1,31130490776,0,0
Measurement_interval(ms):,250,0,0,0,0,0,1,31130490777,0,0
Measurement_interval(ms):,250,0,0,0,0,0,1,31130490778,0,0
Measurement_interval(ms):,250,0,0,0,0,0,1,31130490779,0,0
Measurement_interval(ms):,250,0,0,0,0,0,1,31130490821,0,0
Measurement_interval(ms):,250,256,0,0,0,0,1,31130737785,64,0
Measurement_interval(ms):,250,384,0,0,0,0,1,31130987813,160,0
Measurement_interval(ms):,250,512,0,0,0,0,1,31131237811,288,0
Measurement_interval(ms):,250,384,0,0,0,0,1,31131487801,384,0
Measurement_interval(ms):,250,384,0,0,0,0,1,31131737807,480,0
Measurement_interval(ms):,250,384,0,0,0,0,1,31131987798,576,0
Measurement_interval(ms):,250,384,0,0,0,0,1,31132237795,672,0
Measurement_interval(ms):,250,384,0,0,0,0,1,31132487825,768,0
Measurement_interval(ms):,250,512,0,0,0,0,1,31132737802,896,0
Measurement_interval(ms):,250,384,0,0,0,0,1,31132987798,992,0
Measurement_interval(ms):,250,384,0,0,0,0,1,31133237806,1088,0
Measurement_interval(ms):,250,384,0,0,0,0,1,31133487774,1184,0
Measurement_interval(ms):,250,384,0,0,0,0,1,31133737812,1280,0
Measurement_interval(ms):,250,384,0,0,0,0,1,31133987816,1376,0
Measurement_interval(ms):,250,512,0,0,0,0,1,31134237798,1504,0
Measurement_interval(ms):,250,384,0,0,0,0,1,31134487808,1600,0
Measurement_interval(ms):,250,384,0,0,0,0,1,31134737776,1696,0
Measurement_interval(ms):,250,384,0,0,0,0,1,31134987778,1792,0
Measurement_interval(ms):,250,384,0,0,0,0,1,31135237802,1888,0
Measurement_interval(ms):,250,384,0,0,0,0,1,31135487803,1984,0
Measurement_interval(ms):,250,384,0,0,0,0,1,31135737775,2080,0
Measurement_interval(ms):,250,512,0,0,0,0,1,31135987804,2208,0
Measurement_interval(ms):,250,384,0,0,0,0,1,31136237778,2304,0
Measurement_interval(ms):,250,384,0,0,0,0,1,31136487770,2400,0
Measurement_interval(ms):,250,384,0,0,0,0,1,31136737787,2496,0
Measurement_interval(ms):,250,384,0,0,0,0,1,31136987780,2592,0
Measurement_interval(ms):,250,384,0,0,0,0,1,31137237802,2688,0
Measurement_interval(ms):,250,512,0,0,0,0,1,31137487802,2816,0
Measurement_interval(ms):,250,384,0,0,0,0,1,31137737813,2912,0
Measurement_interval(ms):,250,384,0,0,0,0,1,31137987807,3008,0
Measurement_interval(ms):,250,384,0,0,0,0,1,31138237778,3104,0
Measurement_interval(ms):,250,384,0,0,0,0,1,31138487795,3200,0
Measurement_interval(ms):,250,384,0,0,0,0,1,31138737785,3296,0
Measurement_interval(ms):,250,512,0,0,0,0,1,31138987810,3424,0
Measurement_interval(ms):,250,384,64710,143197,0,0,1,31139237782,3520,0
Measurement_interval(ms):,250,384,64710,143197,0,0,1,31139487764,3616,0
Measurement_interval(ms):,250,384,64710,143197,0,0,1,31139737796,3712,0
Measurement_interval(ms):,250,384,64710,143197,0,0,1,31139987766,3808,0
Measurement_interval(ms):,250,384,64710,143197,0,0,1,31140237786,3904,0
Measurement_interval(ms):,250,512,64710,143197,0,0,1,31140487769,4032,0
Measurement_interval(ms):,250,384,64710,143197,0,0,1,31140737765,4128,0
Measurement_interval(ms):,250,384,64710,143197,0,0,1,31140987763,4224,0
Measurement_interval(ms):,250,384,64710,143197,0,0,1,31141237803,4320,0
Measurement_interval(ms):,250,384,64710,143197,0,0,1,31141487811,4416,0
Measurement_interval(ms):,250,384,64710,143197,0,0,1,31141737781,4512,0
Measurement_interval(ms):,250,512,64710,143197,0,0,1,31141987803,4640,0
Measurement_interval(ms):,250,384,64710,143197,0,0,1,31142237762,4736,0
Measurement_interval(ms):,250,384,64710,143197,0,0,1,31142487784,4832,0
Measurement_interval(ms):,250,384,64710,143197,0,0,1,31142737790,4928,0
Measurement_interval(ms):,250,384,64710,143197,0,0,1,31142987777,5024,0
Measurement_interval(ms):,250,384,64710,143197,0,0,1,31143237760,5120,0
Measurement_interval(ms):,250,512,64710,143197,0,0,1,31143487767,5248,0
Measurement_interval(ms):,250,384,64710,143197,0,0,1,31143737799,5344,0
Measurement_interval(ms):,250,384,64710,143197,0,0,1,31143987807,5440,0
Measurement_interval(ms):,250,384,64710,143197,0,0,1,31144237769,5536,0
Measurement_interval(ms):,250,384,64710,143197,0,0,1,31144487767,5632,0
Measurement_interval(ms):,250,384,64710,143197,0,0,1,31144737794,5728,0
Measurement_interval(ms):,250,512,64710,143197,0,0,1,31144987794,5856,0
Measurement_interval(ms):,250,384,64710,143197,0,0,1,31145237791,5952,0
Measurement_interval(ms):,250,384,64710,143197,0,0,1,31145487758,6048,0
Measurement_interval(ms):,250,384,64710,143197,0,0,1,31145737801,6144,0
Measurement_interval(ms):,250,384,64710,143197,0,0,1,31145987765,6240,0
Measurement_interval(ms):,250,384,64710,143197,0,0,1,31146237790,6336,0
Measurement_interval(ms):,250,512,64710,143197,0,0,1,31146487761,6464,0
Measurement_interval(ms):,250,384,64710,143197,0,0,1,31146737791,6560,0
Measurement_interval(ms):,250,384,64710,143197,0,0,1,31146987789,6656,0
Measurement_interval(ms):,250,384,64710,143197,0,0,1,31147237784,6752,0
Measurement_interval(ms):,250,384,64710,143197,0,0,1,31147487756,6848,0
Measurement_interval(ms):,250,384,64710,143197,0,0,1,31147737780,6944,0
Measurement_interval(ms):,250,512,64710,143197,0,0,1,31147987806,7072,0
Measurement_interval(ms):,250,384,64710,143197,0,0,1,31148237759,7168,0
Measurement_interval(ms):,250,384,64710,143197,0,0,1,31148487757,7264,0
Measurement_interval(ms):,250,384,64710,143197,0,0,1,31148737778,7360,0
Measurement_interval(ms):,250,384,64710,143197,0,0,1,31148987802,7456,0
Measurement_interval(ms):,250,384,64710,143197,0,0,1,31149237768,7552,0
Measurement_interval(ms):,250,384,64710,143197,0,0,1,31149487752,7648,0
Measurement_interval(ms):,250,512,64710,143197,0,0,1,31149737778,7776,0
Measurement_interval(ms):,250,384,64710,143197,0,0,1,31149987799,7872,0
Measurement_interval(ms):,250,384,64710,143197,0,0,1,31150237791,7968,0
Measurement_interval(ms):,250,384,64710,143197,0,0,1,31150487768,8064,0
Measurement_interval(ms):,250,384,64710,143197,0,0,1,31150737775,8160,0
Measurement_interval(ms):,250,384,64710,143197,0,0,1,31150987764,8256,0
Measurement_interval(ms):,250,512,64710,143197,0,0,1,31151237753,8384,0
Measurement_interval(ms):,250,384,64710,143197,0,0,1,31151487796,8480,0
Measurement_interval(ms):,250,384,64710,143197,0,0,1,31151737774,8576,0
Measurement_interval(ms):,250,384,64710,143197,0,0,1,31151987771,8672,0
Measurement_interval(ms):,250,384,64710,143197,0,0,1,31152237773,8768,0
Measurement_interval(ms):,250,384,64710,143197,0,0,1,31152487763,8864,0
Measurement_interval(ms):,250,512,64710,143197,0,0,1,31152737767,8992,0
Measurement_interval(ms):,250,384,64710,143197,0,0,1,31152987759,9088,0
Measurement_interval(ms):,250,384,64710,143197,0,0,1,31153237780,9184,0
Measurement_interval(ms):,250,384,64710,143197,0,0,1,31153487753,9280,0
Measurement_interval(ms):,250,384,64710,143197,0,0,1,31153737774,9376,0
Measurement_interval(ms):,250,384,64710,143197,0,0,1,31153987747,9472,0
Measurement_interval(ms):,250,512,64710,143197,0,0,1,31154237745,9600,0
Measurement_interval(ms):,250,384,64710,143197,0,0,1,31154487753,9696,0
Measurement_interval(ms):,250,384,64710,143197,0,0,1,31154737783,9792,0
Measurement_interval(ms):,250,384,64710,143197,0,0,1,31154987785,9888,0
Measurement_interval(ms):,250,384,64710,143197,0,0,1,31155237749,9984,0
Measurement_interval(ms):,250,384,64710,143197,0,0,1,31155487768,10080,0
Measurement_interval(ms):,250,512,64710,143197,0,0,1,31155737744,10208,0
Measurement_interval(ms):,250,384,64710,143197,0,0,1,31155987761,10304,0
Measurement_interval(ms):,250,384,64710,143197,0,0,1,31156237747,10400,0
Measurement_interval(ms):,250,384,64710,143197,0,0,1,31156487767,10496,0
Measurement_interval(ms):,250,384,64710,143197,0,0,1,31156737768,10592,0
Measurement_interval(ms):,250,384,64710,143197,0,0,1,31156987748,10688,0
Measurement_interval(ms):,250,512,64710,143197,0,0,1,31157237777,10816,0
Measurement_interval(ms):,250,384,64710,143197,0,0,1,31157487756,10912,0
Measurement_interval(ms):,250,384,64710,143197,0,0,1,31157737766,11008,0
Measurement_interval(ms):,250,384,64710,143197,0,0,1,31157987760,11104,0
Measurement_interval(ms):,250,384,64710,143197,0,0,1,31158237773,11200,0
Measurement_interval(ms):,250,384,64710,143197,0,0,1,31158487765,11296,0
Measurement_interval(ms):,250,512,64710,143197,0,0,1,31158737749,11424,0
Measurement_interval(ms):,250,384,64710,143197,0,0,1,31158987754,11520,0
Measurement_interval(ms):,250,384,64710,143197,0,0,1,31159237750,11616,0
Measurement_interval(ms):,250,384,64710,143197,0,0,1,31159487774,11712,0
Measurement_interval(ms):,250,384,64710,143197,0,0,1,31159737764,11808,0
Measurement_interval(ms):,250,384,64710,143197,0,0,1,31159987738,11904,0
Measurement_interval(ms):,250,512,64710,143197,0,0,1,31160237747,12032,0
Measurement_interval(ms):,250,384,64710,143197,0,0,1,31160488458,12128,0
Measurement_interval(ms):,250,384,64710,143197,0,0,1,31160737737,12224,0
Measurement_interval(ms):,250,384,64710,143197,0,0,1,31160987740,12320,0
Measurement_interval(ms):,250,384,64710,143197,0,0,1,31161237785,12416,0
Measurement_interval(ms):,250,384,64710,143197,0,0,1,31161487742,12512,0
Measurement_interval(ms):,250,512,64710,143197,0,0,1,31161737737,12640,0
Measurement_interval(ms):,250,384,64710,143197,0,0,1,31161987737,12736,0
Measurement_interval(ms):,250,384,64710,143197,0,0,1,31162237750,12832,0
Measurement_interval(ms):,250,384,64710,143197,0,0,1,31162487741,12928,0
Measurement_interval(ms):,250,384,64710,143197,0,0,1,31162737758,13024,0
Measurement_interval(ms):,250,384,64710,143197,0,0,1,31162987744,13120,0
Measurement_interval(ms):,250,384,64710,143197,0,0,1,31163237770,13216,0
Measurement_interval(ms):,250,512,64710,143197,0,0,1,31163487765,13344,0
Measurement_interval(ms):,250,384,64710,143197,0,0,1,31163737769,13440,0
Measurement_interval(ms):,250,384,64710,143197,0,0,1,31163987747,13536,0
Measurement_interval(ms):,250,384,64710,143197,0,0,1,31164237737,13632,0
Measurement_interval(ms):,250,384,64710,143197,0,0,1,31164487767,13728,0
Measurement_interval(ms):,250,384,64710,143197,0,0,1,31164737775,13824,0
Measurement_interval(ms):,250,512,64710,143197,0,0,1,31164987774,13952,0
Measurement_interval(ms):,250,384,64710,143197,0,0,1,31165237748,14048,0
Measurement_interval(ms):,250,384,64710,143197,0,0,1,31165487736,14144,0
Measurement_interval(ms):,250,384,64710,143197,0,0,1,31165737775,14240,0
Measurement_interval(ms):,250,384,64710,143197,0,0,1,31165987780,14336,0
Measurement_interval(ms):,250,384,64710,143197,0,0,1,31166237732,14432,0
Measurement_interval(ms):,250,512,64710,143197,0,0,1,31166487765,14560,0
Measurement_interval(ms):,250,384,64710,143197,0,0,1,31166737763,14656,0
Measurement_interval(ms):,250,384,64710,143197,0,0,1,31166987769,14752,0
Measurement_interval(ms):,250,384,64710,143197,0,0,1,31167237751,14848,0
Measurement_interval(ms):,250,384,64710,143197,0,0,1,31167487746,14944,0
Measurement_interval(ms):,250,384,64710,143197,0,0,1,31167737772,15040,0
Measurement_interval(ms):,250,512,64710,143197,0,0,1,31167987755,15168,0
Measurement_interval(ms):,250,384,64710,143197,0,0,1,31168237734,15264,0
Measurement_interval(ms):,250,384,64710,143197,0,0,1,31168487763,15360,0
Measurement_interval(ms):,250,384,64710,143197,0,0,1,31168737729,15456,0
Measurement_interval(ms):,250,384,64710,143197,0,0,1,31168987740,15552,0
Measurement_interval(ms):,250,384,64710,143197,0,0,1,31169237749,15648,0
Measurement_interval(ms):,250,512,64710,143197,0,0,1,31169487778,15776,0
Measurement_interval(ms):,250,384,64710,143197,0,0,1,31169737765,15872,0
Measurement_interval(ms):,250,384,64710,143197,0,0,1,31169987733,15968,0
Measurement_interval(ms):,250,384,64710,143197,0,0,1,31170237755,16064,0
Measurement_interval(ms):,250,384,64710,143197,0,0,1,31170487755,16160,0
Measurement_interval(ms):,250,384,64710,143197,0,0,1,31170737767,16256,0
Measurement_interval(ms):,250,512,64710,143197,0,0,1,31170987740,16384,0
Measurement_interval(ms):,250,384,64710,143197,0,0,1,31171237767,16480,0
Measurement_interval(ms):,250,384,64710,143197,0,0,1,31171487732,16576,0
Measurement_interval(ms):,250,384,64710,143197,0,0,1,31171737763,16672,0
Measurement_interval(ms):,250,384,64710,143197,0,0,1,31171987770,16768,0
Measurement_interval(ms):,250,384,64710,143197,0,0,1,31172237729,16864,0
Measurement_interval(ms):,250,512,64710,143197,0,0,1,31172487757,16992,0
Measurement_interval(ms):,250,384,64710,143197,0,0,1,31172737723,17088,0
