Measurement_interval(ms):,250,0,0,0,0,0,1,30823547237,0,0
Measurement_interval(ms):,250,0,0,0,0,0,1,30827214117,0,0
Measurement_interval(ms):,250,0,0,0,0,0,1,30827214119,0,0
Measurement_interval(ms):,250,0,0,0,0,0,1,30827214123,0,0
Measurement_interval(ms):,250,0,0,0,0,0,1,30827214124,0,0
Measurement_interval(ms):,250,0,0,0,0,0,1,30827214172,0,0
Measurement_interval(ms):,250,0,0,0,0,0,1,30827214173,0,0
Measurement_interval(ms):,250,0,0,0,0,0,1,30827214175,0,0
Measurement_interval(ms):,250,0,0,0,0,0,1,30827214176,0,0
Measurement_interval(ms):,250,0,0,0,0,0,1,30827214177,0,0
Measurement_interval(ms):,250,0,0,0,0,0,1,30827214178,0,0
Measurement_interval(ms):,250,0,0,0,0,0,1,30827214179,0,0
Measurement_interval(ms):,250,0,0,0,0,0,1,30827214180,0,0
Measurement_interval(ms):,250,0,0,0,0,0,1,30827214227,0,0
Measurement_interval(ms):,250,0,0,0,0,0,1,30827214228,0,0
Measurement_interval(ms):,250,0,0,0,0,0,1,30827214232,0,0
Measurement_interval(ms):,250,0,0,0,0,0,1,30827214233,0,0
Measurement_interval(ms):,250,0,0,0,0,0,1,30827214235,0,0
Measurement_interval(ms):,250,0,0,0,0,0,1,30827214236,0,0
Measurement_interval(ms):,250,0,0,0,0,0,1,30827214238,0,0
Measurement_interval(ms):,250,0,0,0,0,0,1,30827214239,0,0
Measurement_interval(ms):,250,0,0,0,0,0,1,30827214240,0,0
Measurement_interval(ms):,250,0,0,0,0,0,1,30827214241,0,0
Measurement_interval(ms):,250,0,0,0,0,0,1,30827214242,0,0
Measurement_interval(ms):,250,0,0,0,0,0,1,30827214243,0,0
Measurement_interval(ms):,250,0,0,0,0,0,1,30827214282,0,0
Measurement_interval(ms):,250,0,0,0,0,0,1,30827214283,0,0
Measurement_interval(ms):,250,0,0,0,0,0,1,30827214286,0,0
Measurement_interval(ms):,250,0,0,0,0,0,1,30827214287,0,0
Measurement_interval(ms):,250,0,0,0,0,0,1,30827214289,0,0
Measurement_interval(ms):,250,0,0,0,0,0,1,30827214290,0,0
Measurement_interval(ms):,250,0,0,0,0,0,1,30827214291,0,0
Measurement_interval(ms):,250,0,0,0,0,0,1,30827214292,0,0
Measurement_interval(ms):,250,0,0,0,0,0,1,30827214293,0,0
Measurement_interval(ms):,250,0,0,0,0,0,1,30827214294,0,0
Measurement_interval(ms):,250,0,0,0,0,0,1,30827214296,0,0
Measurement_interval(ms):,250,0,0,0,0,0,1,30827214297,0,0
Measurement_interval(ms):,250,0,0,0,0,0,1,30827214337,0,0
Measurement_interval(ms):,250,0,0,0,0,0,1,30827214338,0,0
Measurement_interval(ms):,250,0,0,0,0,0,1,30827214341,0,0
Measurement_interval(ms):,250,0,0,0,0,0,1,30827214342,0,0
Measurement_interval(ms):,250,0,0,0,0,0,1,30827214344,0,0
Measurement_interval(ms):,250,0,0,0,0,0,1,30827214345,0,0
Measurement_interval(ms):,250,0,0,0,0,0,1,30827214346,0,0
Measurement_interval(ms):,250,0,0,0,0,0,1,30827214347,0,0
Measurement_interval(ms):,250,0,0,0,0,0,1,30827214349,0,0
Measurement_interval(ms):,250,0,0,0,0,0,1,30827214350,0,0
Measurement_interval(ms):,250,0,0,0,0,0,1,30827214392,0,0
Measurement_interval(ms):,250,0,0,0,0,0,1,30827214393,0,0
Measurement_interval(ms):,250,0,0,0,0,0,1,30827214396,0,0
Measurement_interval(ms):,250,20,0,0,0,0,1,30827294622,5,0
Measurement_interval(ms):,250,72,0,0,0,0,1,30827544606,23,0
Measurement_interval(ms):,250,72,0,0,0,0,1,30827794609,41,0
Measurement_interval(ms):,250,72,0,0,0,0,1,30828044618,59,0
Measurement_interval(ms):,250,72,0,0,0,0,1,30828294590,77,0
Measurement_interval(ms):,250,76,0,0,0,0,1,30828544620,96,0
Measurement_interval(ms):,250,72,13880,104950,0,0,1,30828794640,114,0
Measurement_interval(ms):,250,72,13880,104950,0,0,1,30829044631,132,0
Measurement_interval(ms):,250,72,13880,104950,0,0,1,30829294628,150,0
Measurement_interval(ms):,250,72,13880,104950,0,0,1,30829544599,168,0
Measurement_interval(ms):,250,76,13880,104950,0,0,1,30829794606,187,0
Measurement_interval(ms):,250,72,13880,104950,0,0,1,30830044631,205,0
Measurement_interval(ms):,250,72,13880,104950,0,0,1,30830294638,223,0
Measurement_interval(ms):,250,72,13880,104950,0,0,1,30830544635,241,0
Measurement_interval(ms):,250,72,13880,104950,0,0,1,30830794611,259,0
Measurement_interval(ms):,250,76,13880,104950,0,0,1,30831044638,278,0
Measurement_interval(ms):,250,72,13880,104950,0,0,1,30831294637,296,0
Measurement_interval(ms):,250,72,13880,104950,0,0,1,30831544590,314,0
Measurement_interval(ms):,250,72,13880,104950,0,0,1,30831794599,332,0
Measurement_interval(ms):,250,72,13880,104950,0,0,1,30832044635,350,0
Measurement_interval(ms):,250,76,13880,104950,0,0,1,30832294638,369,0
Measurement_interval(ms):,250,72,13880,104950,0,0,1,30832544619,387,0
Measurement_interval(ms):,250,72,13880,104950,0,0,1,30832794633,405,0
Measurement_interval(ms):,250,72,13880,104950,0,0,1,30833044590,423,0
Measurement_interval(ms):,250,72,13880,104950,0,0,1,30833294637,441,0
Measurement_interval(ms):,250,76,13880,104950,0,0,1,30833544618,460,0
Measurement_interval(ms):,250,72,13880,104950,0,0,1,30833794637,478,0
Measurement_interval(ms):,250,72,13880,104950,0,0,1,30834044608,496,0
Measurement_interval(ms):,250,72,13880,104950,0,0,1,30834294629,514,0
Measurement_interval(ms):,250,72,13880,104950,0,0,1,30834544593,532,0
Measurement_interval(ms):,250,76,13880,104950,0,0,1,30834794708,551,0
Measurement_interval(ms):,250,72,13880,104950,0,0,1,30835044586,569,0
Measurement_interval(ms):,250,72,13880,104950,0,0,1,30835294633,587,0
Measurement_interval(ms):,250,72,13880,104950,0,0,1,30835544612,605,0
Measurement_interval(ms):,250,72,13880,104950,0,0,1,30835794600,623,0
Measurement_interval(ms):,250,72,13880,104950,0,0,1,30836044594,641,0
Measurement_interval(ms):,250,76,13880,104950,0,0,1,30836294591,660,0
Measurement_interval(ms):,250,72,13880,104950,0,0,1,30836544611,678,0
Measurement_interval(ms):,250,72,13880,104950,0,0,1,30836794584,696,0
Measurement_interval(ms):,250,72,13880,104950,0,0,1,30837044606,714,0
Measurement_interval(ms):,250,72,13880,104950,0,0,1,30837294628,732,0
Measurement_interval(ms):,250,76,13880,104950,0,0,1,30837544612,751,0
Measurement_interval(ms):,250,72,13880,104950,0,0,1,30837794612,769,0
Measurement_interval(ms):,250,72,13880,104950,0,0,1,30838044624,787,0
Measurement_interval(ms):,250,72,13880,104950,0,0,1,30838294635,805,0
Measurement_interval(ms):,250,72,13880,104950,0,0,1,30838544584,823,0
Measurement_interval(ms):,250,76,13880,104950,0,0,1,30838794600,842,0
Measurement_interval(ms):,250,72,13880,104950,0,0,1,30839044625,860,0
Measurement_interval(ms):,250,72,13880,104950,0,0,1,30839294629,878,0
Measurement_interval(ms):,250,72,13880,104950,0,0,1,30839544608,896,0
Measurement_interval(ms):,250,72,13880,104950,0,0,1,30839794592,914,0
Measurement_interval(ms):,250,76,13880,104950,0,0,1,30840044583,933,0
Measurement_interval(ms):,250,72,13880,104950,0,0,1,30840294618,951,0
Measurement_interval(ms):,250,72,13880,104950,0,0,1,30840544611,969,0
Measurement_interval(ms):,250,72,13880,104950,0,0,1,30840794583,987,0
Measurement_interval(ms):,250,72,13880,104950,0,0,1,30841044614,1005,0
Measurement_interval(ms):,250,76,13880,104950,0,0,1,30841294596,1024,0
Measurement_interval(ms):,250,72,13880,104950,0,0,1,30841544625,1042,0
Measurement_interval(ms):,250,72,13880,104950,0,0,1,30841794622,1060,0
Measurement_interval(ms):,250,72,13880,104950,0,0,1,30842044591,1078,0
Measurement_interval(ms):,250,72,13880,104950,0,0,1,30842294629,1096,0
Measurement_interval(ms):,250,76,13880,104950,0,0,1,30842544581,1115,0
Measurement_interval(ms):,250,72,13880,104950,0,0,1,30842794595,1133,0
Measurement_interval(ms):,250,72,13880,104950,0,0,1,30843044605,1151,0
Measurement_interval(ms):,250,72,13880,104950,0,0,1,30843294602,1169,0
Measurement_interval(ms):,250,72,13880,104950,0,0,1,30843544583,1187,0
Measurement_interval(ms):,250,76,13880,104950,0,0,1,30843794582,1206,0
Measurement_interval(ms):,250,72,13880,104950,0,0,1,30844044613,1224,0
Measurement_interval(ms):,250,72,13880,104950,0,0,1,30844294599,1242,0
Measurement_interval(ms):,250,72,13880,104950,0,0,1,30844544621,1260,0
Measurement_interval(ms):,250,72,13880,104950,0,0,1,30844794613,1278,0
Measurement_interval(ms):,250,76,13880,104950,0,0,1,30845044596,1297,0
Measurement_interval(ms):,250,72,13880,104950,0,0,1,30845294607,1315,0
Measurement_interval(ms):,250,72,13880,104950,0,0,1,30845544598,1333,0
Measurement_interval(ms):,250,72,13880,104950,0,0,1,30845794608,1351,0
Measurement_interval(ms):,250,72,13880,104950,0,0,1,30846044630,1369,0
Measurement_interval(ms):,250,76,13880,104950,0,0,1,30846294591,1388,0
Measurement_interval(ms):,250,72,13880,104950,0,0,1,30846544620,1406,0
Measurement_interval(ms):,250,72,13880,104950,0,0,1,30846794615,1424,0
Measurement_interval(ms):,250,72,13880,104950,0,0,1,30847044621,1442,0
Measurement_interval(ms):,250,72,13880,104950,0,0,1,30847294627,1460,0
Measurement_interval(ms):,250,76,13880,104950,0,0,1,30847544600,1479,0
Measurement_interval(ms):,250,72,13880,104950,0,0,1,30847794616,1497,0
Measurement_interval(ms):,250,72,13880,104950,0,0,1,30848044619,1515,0
Measurement_interval(ms):,250,72,13880,104950,0,0,1,30848294616,1533,0
Measurement_interval(ms):,250,72,13880,104950,0,0,1,30848544625,1551,0
Measurement_interval(ms):,250,76,13880,104950,0,0,1,30848794608,1570,0
Measurement_interval(ms):,250,72,13880,104950,0,0,1,30849044578,1588,0
Measurement_interval(ms):,250,72,13880,104950,0,0,1,30849294595,1606,0
Measurement_interval(ms):,250,72,13880,104950,0,0,1,30849544578,1624,0
Measurement_interval(ms):,250,72,13880,104950,0,0,1,30849794598,1642,0
Measurement_interval(ms):,250,76,13880,104950,0,0,1,30850044619,1661,0
Measurement_interval(ms):,250,72,13880,104950,0,0,1,30850294609,1679,0
Measurement_interval(ms):,250,72,13880,104950,0,0,1,30850544581,1697,0
Measurement_interval(ms):,250,72,13880,104950,0,0,1,30850794601,1715,0
Measurement_interval(ms):,250,72,13880,104950,0,0,1,30851044624,1733,0
Measurement_interval(ms):,250,76,13880,104950,0,0,1,30851294602,1752,0
Measurement_interval(ms):,250,72,13880,104950,0,0,1,30851544595,1770,0
Measurement_interval(ms):,250,60,13880,104950,0,0,1,30852727777,1785,0
