Measurement_interval(ms):,250,0,0,0,0,0,1,31071648040,0,0
Measurement_interval(ms):,250,0,0,0,0,0,1,31075481336,0,0
Measurement_interval(ms):,250,0,0,0,0,0,1,31075481338,0,0
Measurement_interval(ms):,250,0,0,0,0,0,1,31075481341,0,0
Measurement_interval(ms):,250,0,0,0,0,0,1,31075481342,0,0
Measurement_interval(ms):,250,0,0,0,0,0,1,31075481344,0,0
Measurement_interval(ms):,250,0,0,0,0,0,1,31075481345,0,0
Measurement_interval(ms):,250,0,0,0,0,0,1,31075481387,0,0
Measurement_interval(ms):,250,0,0,0,0,0,1,31075481388,0,0
Measurement_interval(ms):,250,0,0,0,0,0,1,31075481391,0,0
Measurement_interval(ms):,250,0,0,0,0,0,1,31075481391,0,0
Measurement_interval(ms):,250,0,0,0,0,0,1,31075481393,0,0
Measurement_interval(ms):,250,0,0,0,0,0,1,31075481394,0,0
Measurement_interval(ms):,250,0,0,0,0,0,1,31075481443,0,0
Measurement_interval(ms):,250,0,0,0,0,0,1,31075481444,0,0
Measurement_interval(ms):,250,0,0,0,0,0,1,31075481447,0,0
Measurement_interval(ms):,250,0,0,0,0,0,1,31075481447,0,0
Measurement_interval(ms):,250,0,0,0,0,0,1,31075481450,0,0
Measurement_interval(ms):,250,0,0,0,0,0,1,31075481451,0,0
Measurement_interval(ms):,250,0,0,0,0,0,1,31075481453,0,0
Measurement_interval(ms):,250,0,0,0,0,0,1,31075481453,0,0
Measurement_interval(ms):,250,0,0,0,0,0,1,31075481498,0,0
Measurement_interval(ms):,250,0,0,0,0,0,1,31075481499,0,0
Measurement_interval(ms):,250,0,0,0,0,0,1,31075481502,0,0
Measurement_interval(ms):,250,0,0,0,0,0,1,31075481503,0,0
Measurement_interval(ms):,250,0,0,0,0,0,1,31075481505,0,0
Measurement_interval(ms):,250,0,0,0,0,0,1,31075481506,0,0
Measurement_interval(ms):,250,0,0,0,0,0,1,31075481508,0,0
Measurement_interval(ms):,250,0,0,0,0,0,1,31075481508,0,0
Measurement_interval(ms):,250,0,0,0,0,0,1,31075481510,0,0
Measurement_interval(ms):,250,0,0,0,0,0,1,31075481511,0,0
Measurement_interval(ms):,250,0,0,0,0,0,1,31075481512,0,0
Measurement_interval(ms):,250,0,0,0,0,0,1,31075481513,0,0
Measurement_interval(ms):,250,0,0,0,0,0,1,31075481553,0,0
Measurement_interval(ms):,250,0,0,0,0,0,1,31075481554,0,0
Measurement_interval(ms):,250,0,0,0,0,0,1,31075481557,0,0
Measurement_interval(ms):,250,0,0,0,0,0,1,31075481558,0,0
Measurement_interval(ms):,250,0,0,0,0,0,1,31075481560,0,0
Measurement_interval(ms):,250,0,0,0,0,0,1,31075481561,0,0
Measurement_interval(ms):,250,0,0,0,0,0,1,31075481562,0,0
Measurement_interval(ms):,250,0,0,0,0,0,1,31075481563,0,0
Measurement_interval(ms):,250,0,0,0,0,0,1,31075481607,0,0
Measurement_interval(ms):,250,0,0,0,0,0,1,31075481608,0,0
Measurement_interval(ms):,250,0,0,0,0,0,1,31075481611,0,0
Measurement_interval(ms):,250,0,0,0,0,0,1,31075481612,0,0
Measurement_interval(ms):,250,0,0,0,0,0,1,31075481615,0,0
Measurement_interval(ms):,250,0,0,0,0,0,1,31075481616,0,0
Measurement_interval(ms):,250,0,0,0,0,0,1,31075481617,0,0
Measurement_interval(ms):,250,0,0,0,0,0,1,31075481618,0,0
Measurement_interval(ms):,250,0,0,0,0,0,1,31075481620,0,0
Measurement_interval(ms):,250,0,0,0,0,0,1,31075481620,0,0
Measurement_interval(ms):,250,128,0,0,0,0,1,31075642270,32,0
Measurement_interval(ms):,250,448,0,0,0,0,1,31075892226,144,0
Measurement_interval(ms):,250,384,0,0,0,0,1,31076142244,240,0
Measurement_interval(ms):,250,384,0,0,0,0,1,31076392258,336,0
Measurement_interval(ms):,250,384,0,0,0,0,1,31076642262,432,0
Measurement_interval(ms):,250,384,0,0,0,0,1,31076892225,528,0
Measurement_interval(ms):,250,384,0,0,0,0,1,31077142230,624,0
Measurement_interval(ms):,250,384,0,0,0,0,1,31077392253,720,0
Measurement_interval(ms):,250,384,0,0,0,0,1,31077642229,816,0
Measurement_interval(ms):,250,384,0,0,0,0,1,31077892228,912,0
Measurement_interval(ms):,250,384,0,0,0,0,1,31078142269,1008,0
Measurement_interval(ms):,250,384,0,0,0,0,1,31078392227,1104,0
Measurement_interval(ms):,250,384,0,0,0,0,1,31078642262,1200,0
Measurement_interval(ms):,250,384,0,0,0,0,1,31078892270,1296,0
Measurement_interval(ms):,250,384,0,0,0,0,1,31079142264,1392,0
Measurement_interval(ms):,250,384,0,0,0,0,1,31079392270,1488,0
Measurement_interval(ms):,250,448,0,0,0,0,1,31079642225,1600,0
Measurement_interval(ms):,250,384,0,0,0,0,1,31079892255,1696,0
Measurement_interval(ms):,250,384,41430,81997,0,0,1,31080142247,1792,0
Measurement_interval(ms):,250,384,41430,81997,0,0,1,31080392241,1888,0
Measurement_interval(ms):,250,384,41430,81997,0,0,1,31080642269,1984,0
Measurement_interval(ms):,250,384,41430,81997,0,0,1,31080892238,2080,0
Measurement_interval(ms):,250,384,41430,81997,0,0,1,31081142223,2176,0
Measurement_interval(ms):,250,384,41430,81997,0,0,1,31081392254,2272,0
Measurement_interval(ms):,250,384,41430,81997,0,0,1,31081642247,2368,0
Measurement_interval(ms):,250,384,41430,81997,0,0,1,31081892233,2464,0
Measurement_interval(ms):,250,384,41430,81997,0,0,1,31082142222,2560,0
Measurement_interval(ms):,250,384,41430,81997,0,0,1,31082392249,2656,0
Measurement_interval(ms):,250,384,41430,81997,0,0,1,31082642260,2752,0
Measurement_interval(ms):,250,384,41430,81997,0,0,1,31082892246,2848,0
Measurement_interval(ms):,250,448,41430,81997,0,0,1,31083142271,2960,0
Measurement_interval(ms):,250,384,41430,81997,0,0,1,31083392221,3056,0
Measurement_interval(ms):,250,384,41430,81997,0,0,1,31083642226,3152,0
Measurement_interval(ms):,250,384,41430,81997,0,0,1,31083892235,3248,0
Measurement_interval(ms):,250,384,41430,81997,0,0,1,31084142221,3344,0
Measurement_interval(ms):,250,384,41430,81997,0,0,1,31084392239,3440,0
Measurement_interval(ms):,250,384,41430,81997,0,0,1,31084642239,3536,0
Measurement_interval(ms):,250,384,41430,81997,0,0,1,31084892260,3632,0
Measurement_interval(ms):,250,384,41430,81997,0,0,1,31085142222,3728,0
Measurement_interval(ms):,250,384,41430,81997,0,0,1,31085392262,3824,0
Measurement_interval(ms):,250,384,41430,81997,0,0,1,31085642270,3920,0
Measurement_interval(ms):,250,384,41430,81997,0,0,1,31085892244,4016,0
Measurement_interval(ms):,250,384,41430,81997,0,0,1,31086142246,4112,0
Measurement_interval(ms):,250,448,41430,81997,0,0,1,31086392891,4224,0
Measurement_interval(ms):,250,384,41430,81997,0,0,1,31086642260,4320,0
Measurement_interval(ms):,250,384,41430,81997,0,0,1,31086892265,4416,0
Measurement_interval(ms):,250,384,41430,81997,0,0,1,31087142224,4512,0
Measurement_interval(ms):,250,384,41430,81997,0,0,1,31087392222,4608,0
Measurement_interval(ms):,250,384,41430,81997,0,0,1,31087642225,4704,0
Measurement_interval(ms):,250,384,41430,81997,0,0,1,31087892247,4800,0
Measurement_interval(ms):,250,384,41430,81997,0,0,1,31088142260,4896,0
Measurement_interval(ms):,250,384,41430,81997,0,0,1,31088392267,4992,0
Measurement_interval(ms):,250,384,41430,81997,0,0,1,31088642233,5088,0
Measurement_interval(ms):,250,384,41430,81997,0,0,1,31088892265,5184,0
Measurement_interval(ms):,250,384,41430,81997,0,0,1,31089142222,5280,0
Measurement_interval(ms):,250,384,41430,81997,0,0,1,31089392261,5376,0
Measurement_interval(ms):,250,384,41430,81997,0,0,1,31089642243,5472,0
Measurement_interval(ms):,250,448,41430,81997,0,0,1,31089892218,5584,0
Measurement_interval(ms):,250,384,41430,81997,0,0,1,31090142225,5680,0
Measurement_interval(ms):,250,384,41430,81997,0,0,1,31090392244,5776,0
Measurement_interval(ms):,250,384,41430,81997,0,0,1,31090642248,5872,0
Measurement_interval(ms):,250,384,41430,81997,0,0,1,31090892244,5968,0
Measurement_interval(ms):,250,384,41430,81997,0,0,1,31091142231,6064,0
Measurement_interval(ms):,250,384,41430,81997,0,0,1,31091392238,6160,0
Measurement_interval(ms):,250,384,41430,81997,0,0,1,31091642246,6256,0
Measurement_interval(ms):,250,384,41430,81997,0,0,1,31091892245,6352,0
Measurement_interval(ms):,250,384,41430,81997,0,0,1,31092142217,6448,0
Measurement_interval(ms):,250,384,41430,81997,0,0,1,31092392219,6544,0
Measurement_interval(ms):,250,384,41430,81997,0,0,1,31092642229,6640,0
Measurement_interval(ms):,250,384,41430,81997,0,0,1,31092892217,6736,0
Measurement_interval(ms):,250,448,41430,81997,0,0,1,31093142222,6848,0
Measurement_interval(ms):,250,384,41430,81997,0,0,1,31093392221,6944,0
Measurement_interval(ms):,250,384,41430,81997,0,0,1,31093642217,7040,0
Measurement_interval(ms):,250,384,41430,81997,0,0,1,31093892243,7136,0
Measurement_interval(ms):,250,384,41430,81997,0,0,1,31094142245,7232,0
Measurement_interval(ms):,250,384,41430,81997,0,0,1,31094392230,7328,0
Measurement_interval(ms):,250,384,41430,81997,0,0,1,31094642260,7424,0
Measurement_interval(ms):,250,384,41430,81997,0,0,1,31094892230,7520,0
Measurement_interval(ms):,250,384,41430,81997,0,0,1,31095142239,7616,0
Measurement_interval(ms):,250,384,41430,81997,0,0,1,31095392260,7712,0
Measurement_interval(ms):,250,384,41430,81997,0,0,1,31095642224,7808,0
Measurement_interval(ms):,250,384,41430,81997,0,0,1,31095892227,7904,0
Measurement_interval(ms):,250,384,41430,81997,0,0,1,31096142239,8000,0
Measurement_interval(ms):,250,448,41430,81997,0,0,1,31096392215,8112,0
Measurement_interval(ms):,250,384,41430,81997,0,0,1,31096642252,8208,0
Measurement_interval(ms):,250,384,41430,81997,0,0,1,31096892244,8304,0
Measurement_interval(ms):,250,384,41430,81997,0,0,1,31097142266,8400,0
Measurement_interval(ms):,250,384,41430,81997,0,0,1,31097392237,8496,0
Measurement_interval(ms):,250,384,41430,81997,0,0,1,31097642215,8592,0
Measurement_interval(ms):,250,384,41430,81997,0,0,1,31097892216,8688,0
Measurement_interval(ms):,250,384,41430,81997,0,0,1,31098142214,8784,0
Measurement_interval(ms):,250,384,41430,81997,0,0,1,31098392232,8880,0
Measurement_interval(ms):,250,384,41430,81997,0,0,1,31098642223,8976,0
Measurement_interval(ms):,250,384,41430,81997,0,0,1,31098892241,9072,0
Measurement_interval(ms):,250,384,41430,81997,0,0,1,31099142260,9168,0
Measurement_interval(ms):,250,384,41430,81997,0,0,1,31099392245,9264,0
Measurement_interval(ms):,250,448,41430,81997,0,0,1,31099642872,9376,0
Measurement_interval(ms):,250,384,41430,81997,0,0,1,31099892233,9472,0
Measurement_interval(ms):,250,384,41430,81997,0,0,1,31100142213,9568,0
Measurement_interval(ms):,250,384,41430,81997,0,0,1,31100392238,9664,0
Measurement_interval(ms):,250,384,41637,81997,0,0,1,31100642246,9760,0
Measurement_interval(ms):,250,384,41637,81997,0,0,1,31100892249,9856,0
Measurement_interval(ms):,250,384,41637,81997,0,0,1,31101142214,9952,0
Measurement_interval(ms):,250,384,41637,81997,0,0,1,31101392241,10048,0
Measurement_interval(ms):,250,384,41637,81997,0,0,1,31101642234,10144,0
Measurement_interval(ms):,250,384,41637,81997,0,0,1,31101892213,10240,0
Measurement_interval(ms):,250,384,41637,81997,0,0,1,31102142221,10336,0
Measurement_interval(ms):,250,384,41637,81997,0,0,1,31102392216,10432,0
Measurement_interval(ms):,250,384,41637,81997,0,0,1,31102642233,10528,0
Measurement_interval(ms):,250,384,41637,81997,0,0,1,31102892235,10624,0
Measurement_interval(ms):,250,384,41637,81997,0,0,1,31103142255,10720,0
Measurement_interval(ms):,250,384,41637,81997,0,0,1,31103392236,10816,0
Measurement_interval(ms):,250,448,41637,81997,0,0,1,31103642254,10928,0
Measurement_interval(ms):,250,384,41637,81997,0,0,1,31103892227,11024,0
Measurement_interval(ms):,250,384,41637,81997,0,0,1,31104142247,11120,0
Measurement_interval(ms):,250,384,41637,81997,0,0,1,31104392211,11216,0
Measurement_interval(ms):,250,384,41637,81997,0,0,1,31104642221,11312,0
Measurement_interval(ms):,250,384,41637,82514,0,0,1,31104892243,11408,0
Measurement_interval(ms):,250,384,41637,82514,0,0,1,31105142214,11504,0
Measurement_interval(ms):,250,384,41637,82514,0,0,1,31105392237,11600,0
Measurement_interval(ms):,250,384,41637,82514,0,0,1,31105642238,11696,0
Measurement_interval(ms):,250,384,41637,82514,0,0,1,31105892220,11792,0
Measurement_interval(ms):,250,384,41637,82514,0,0,1,31106142213,11888,0
Measurement_interval(ms):,250,384,41637,82514,0,0,1,31106392238,11984,0
Measurement_interval(ms):,250,384,41637,82514,0,0,1,31106642222,12080,0
Measurement_interval(ms):,250,384,41637,82514,0,0,1,31106892234,12176,0
