Measurement_interval(ms):,250,0,0,0,0,0,1,30958422308,0,0
Measurement_interval(ms):,250,0,0,0,0,0,1,30958422315,0,0
Measurement_interval(ms):,250,0,0,0,0,0,1,30958422317,0,0
Measurement_interval(ms):,250,0,0,0,0,0,1,30958422319,0,0
Measurement_interval(ms):,250,0,0,0,0,0,1,30958422320,0,0
Measurement_interval(ms):,250,0,0,0,0,0,1,30958422322,0,0
Measurement_interval(ms):,250,0,0,0,0,0,1,30958422323,0,0
Measurement_interval(ms):,250,0,0,0,0,0,1,30958422377,0,0
Measurement_interval(ms):,250,0,0,0,0,0,1,30958422378,0,0
Measurement_interval(ms):,250,0,0,0,0,0,1,30958422381,0,0
Measurement_interval(ms):,250,0,0,0,0,0,1,30958422382,0,0
Measurement_interval(ms):,250,0,0,0,0,0,1,30958422385,0,0
Measurement_interval(ms):,250,0,0,0,0,0,1,30958422386,0,0
Measurement_interval(ms):,250,0,0,0,0,0,1,30958422388,0,0
Measurement_interval(ms):,250,0,0,0,0,0,1,30958422389,0,0
Measurement_interval(ms):,250,0,0,0,0,0,1,30958422390,0,0
Measurement_interval(ms):,250,0,0,0,0,0,1,30958422391,0,0
Measurement_interval(ms):,250,0,0,0,0,0,1,30958422392,0,0
Measurement_interval(ms):,250,0,0,0,0,0,1,30958422393,0,0
Measurement_interval(ms):,250,0,0,0,0,0,1,30958422431,0,0
Measurement_interval(ms):,250,0,0,0,0,0,1,30958422432,0,0
Measurement_interval(ms):,250,0,0,0,0,0,1,30958422435,0,0
Measurement_interval(ms):,250,0,0,0,0,0,1,30958422436,0,0
Measurement_interval(ms):,250,0,0,0,0,0,1,30958422438,0,0
Measurement_interval(ms):,250,0,0,0,0,0,1,30958422439,0,0
Measurement_interval(ms):,250,0,0,0,0,0,1,30958422441,0,0
Measurement_interval(ms):,250,0,0,0,0,0,1,30958422442,0,0
Measurement_interval(ms):,250,0,0,0,0,0,1,30958422443,0,0
Measurement_interval(ms):,250,0,0,0,0,0,1,30958422444,0,0
Measurement_interval(ms):,250,0,0,0,0,0,1,30958422445,0,0
Measurement_interval(ms):,250,0,0,0,0,0,1,30958422446,0,0
Measurement_interval(ms):,250,0,0,0,0,0,1,30958422486,0,0
Measurement_interval(ms):,250,0,0,0,0,0,1,30958422487,0,0
Measurement_interval(ms):,250,0,0,0,0,0,1,30958422490,0,0
Measurement_interval(ms):,250,0,0,0,0,0,1,30958422491,0,0
Measurement_interval(ms):,250,0,0,0,0,0,1,30958422494,0,0
Measurement_interval(ms):,250,0,0,0,0,0,1,30958422495,0,0
Measurement_interval(ms):,250,0,0,0,0,0,1,30958422496,0,0
Measurement_interval(ms):,250,0,0,0,0,0,1,30958433929,0,0
Measurement_interval(ms):,250,144,0,0,0,0,1,30958683930,36,0
Measurement_interval(ms):,250,144,0,0,0,0,1,30958933969,72,0
Measurement_interval(ms):,250,160,0,0,0,0,1,30959183929,112,0
Measurement_interval(ms):,250,160,0,0,0,0,1,30959433939,152,0
Measurement_interval(ms):,250,160,0,0,0,0,1,30959683940,192,0
Measurement_interval(ms):,250,160,0,0,0,0,1,30959933942,232,0
Measurement_interval(ms):,250,160,0,0,0,0,1,30960183968,272,0
Measurement_interval(ms):,250,160,0,0,0,0,1,30960433958,312,0
Measurement_interval(ms):,250,160,0,0,0,0,1,30960683973,352,0
Measurement_interval(ms):,250,144,0,0,0,0,1,30960933961,388,0
Measurement_interval(ms):,250,160,0,0,0,0,1,30961183930,428,0
Measurement_interval(ms):,250,160,25516,396581,0,0,1,30961433969,468,0
Measurement_interval(ms):,250,160,25516,396581,0,0,1,30961683943,508,0
Measurement_interval(ms):,250,160,25516,396581,0,0,1,30961933946,548,0
Measurement_interval(ms):,250,160,25516,396581,0,0,1,30962183951,588,0
Measurement_interval(ms):,250,160,25516,396581,0,0,1,30962433933,628,0
Measurement_interval(ms):,250,160,25516,396581,0,0,1,30962683966,668,0
Measurement_interval(ms):,250,160,25516,396581,0,0,1,30962933950,708,0
Measurement_interval(ms):,250,144,25516,396581,0,0,1,30963183941,744,0
Measurement_interval(ms):,250,160,25516,396581,0,0,1,30963433954,784,0
Measurement_interval(ms):,250,160,25516,396581,0,0,1,30963683934,824,0
Measurement_interval(ms):,250,160,25516,396581,0,0,1,30963933930,864,0
Measurement_interval(ms):,250,160,25516,396581,0,0,1,30964183947,904,0
Measurement_interval(ms):,250,160,25516,396581,0,0,1,30964433950,944,0
Measurement_interval(ms):,250,160,25516,396581,0,0,1,30964683929,984,0
Measurement_interval(ms):,250,160,25516,396581,0,0,1,30964933975,1024,0
Measurement_interval(ms):,250,160,25516,396581,0,0,1,30965183959,1064,0
Measurement_interval(ms):,250,160,25516,396581,0,0,1,30965434498,1104,0
Measurement_interval(ms):,250,144,25516,396581,0,0,1,30965683958,1140,0
Measurement_interval(ms):,250,160,25516,396581,0,0,1,30965933966,1180,0
Measurement_interval(ms):,250,160,25516,396581,0,0,1,30966183949,1220,0
Measurement_interval(ms):,250,160,25516,396581,0,0,1,30966433940,1260,0
Measurement_interval(ms):,250,160,25516,396581,0,0,1,30966683968,1300,0
Measurement_interval(ms):,250,160,25516,396581,0,0,1,30966933937,1340,0
Measurement_interval(ms):,250,160,25516,396581,0,0,1,30967183936,1380,0
Measurement_interval(ms):,250,160,25516,396581,0,0,1,30967433930,1420,0
Measurement_interval(ms):,250,160,25516,396581,0,0,1,30967684495,1460,0
Measurement_interval(ms):,250,144,25516,396581,0,0,1,30967933970,1496,0
Measurement_interval(ms):,250,160,25516,396581,0,0,1,30968183946,1536,0
Measurement_interval(ms):,250,160,25516,396581,0,0,1,30968433942,1576,0
Measurement_interval(ms):,250,160,25516,396581,0,0,1,30968683936,1616,0
Measurement_interval(ms):,250,160,25516,396581,0,0,1,30968933951,1656,0
Measurement_interval(ms):,250,160,25516,396581,0,0,1,30969183939,1696,0
Measurement_interval(ms):,250,160,25516,396581,0,0,1,30969433935,1736,0
Measurement_interval(ms):,250,160,25516,396581,0,0,1,30969683963,1776,0
Measurement_interval(ms):,250,160,25516,396581,0,0,1,30969934188,1816,0
Measurement_interval(ms):,250,144,25516,396581,0,0,1,30970183962,1852,0
Measurement_interval(ms):,250,160,25516,396581,0,0,1,30970433968,1892,0
Measurement_interval(ms):,250,160,25516,396581,0,0,1,30970683947,1932,0
Measurement_interval(ms):,250,160,25516,396581,0,0,1,30970933973,1972,0
Measurement_interval(ms):,250,160,25516,396581,0,0,1,30971183936,2012,0
Measurement_interval(ms):,250,160,25516,396581,0,0,1,30971433970,2052,0
Measurement_interval(ms):,250,160,25516,396581,0,0,1,30971683934,2092,0
Measurement_interval(ms):,250,160,25516,396581,0,0,1,30971933936,2132,0
Measurement_interval(ms):,250,160,25516,396581,0,0,1,30972184218,2172,0
Measurement_interval(ms):,250,144,25516,396581,0,0,1,30972433959,2208,0
Measurement_interval(ms):,250,160,25516,396581,0,0,1,30972683956,2248,0
Measurement_interval(ms):,250,160,25516,396581,0,0,1,30972933933,2288,0
Measurement_interval(ms):,250,160,25516,396581,0,0,1,30973183938,2328,0
Measurement_interval(ms):,250,160,25516,396581,0,0,1,30973433955,2368,0
Measurement_interval(ms):,250,160,25516,396581,0,0,1,30973683929,2408,0
Measurement_interval(ms):,250,160,25516,396581,0,0,1,30973933956,2448,0
Measurement_interval(ms):,250,160,25516,396581,0,0,1,30974183963,2488,0
Measurement_interval(ms):,250,160,25516,396581,0,0,1,30974433970,2528,0
Measurement_interval(ms):,250,144,25516,396581,0,0,1,30974683950,2564,0
Measurement_interval(ms):,250,160,25516,396581,0,0,1,30974933933,2604,0
Measurement_interval(ms):,250,160,25516,396581,0,0,1,30975183956,2644,0
Measurement_interval(ms):,250,160,25516,396581,0,0,1,30975433947,2684,0
Measurement_interval(ms):,250,160,25516,396581,0,0,1,30975683980,2724,0
Measurement_interval(ms):,250,160,25516,396581,0,0,1,30975933934,2764,0
Measurement_interval(ms):,250,160,25516,396581,0,0,1,30976183969,2804,0
Measurement_interval(ms):,250,160,25516,396581,0,0,1,30976433953,2844,0
Measurement_interval(ms):,250,160,25516,396581,0,0,1,30976683948,2884,0
Measurement_interval(ms):,250,144,25516,396581,0,0,1,30976933972,2920,0
Measurement_interval(ms):,250,160,25516,396581,0,0,1,30977183934,2960,0
Measurement_interval(ms):,250,160,25516,396581,0,0,1,30977433929,3000,0
Measurement_interval(ms):,250,160,25516,396581,0,0,1,30977683964,3040,0
Measurement_interval(ms):,250,160,25516,396581,0,0,1,30977933951,3080,0
Measurement_interval(ms):,250,160,25516,396581,0,0,1,30978183942,3120,0
Measurement_interval(ms):,250,160,25516,396581,0,0,1,30978433935,3160,0
Measurement_interval(ms):,250,160,25516,396581,0,0,1,30978683962,3200,0
Measurement_interval(ms):,250,160,25516,396581,0,0,1,30978933963,3240,0
Measurement_interval(ms):,250,160,25516,396581,0,0,1,30979183939,3280,0
Measurement_interval(ms):,250,144,25516,396581,0,0,1,30979433936,3316,0
Measurement_interval(ms):,250,160,25516,396581,0,0,1,30979683941,3356,0
Measurement_interval(ms):,250,160,25516,396581,0,0,1,30979933932,3396,0
Measurement_interval(ms):,250,160,25516,396581,0,0,1,30980183972,3436,0
Measurement_interval(ms):,250,160,25516,396581,0,0,1,30980433943,3476,0
Measurement_interval(ms):,250,160,25516,396581,0,0,1,30980683965,3516,0
Measurement_interval(ms):,250,160,25516,396581,0,0,1,30980933977,3556,0
Measurement_interval(ms):,250,160,25516,396581,0,0,1,30981183955,3596,0
Measurement_interval(ms):,250,160,25516,396581,0,0,1,30981433976,3636,0
Measurement_interval(ms):,250,144,25516,396581,0,0,1,30981683968,3672,0
Measurement_interval(ms):,250,160,25516,396581,0,0,1,30981933947,3712,0
Measurement_interval(ms):,250,160,25516,396581,0,0,1,30982183954,3752,0
Measurement_interval(ms):,250,160,25516,396581,0,0,1,30982433947,3792,0
Measurement_interval(ms):,250,160,25516,396581,0,0,1,30982683949,3832,0
Measurement_interval(ms):,250,160,25516,396581,0,0,1,30982933972,3872,0
Measurement_interval(ms):,250,160,25516,396581,0,0,1,30983183952,3912,0
Measurement_interval(ms):,250,160,25516,396581,0,0,1,30983433929,3952,0
Measurement_interval(ms):,250,160,25516,396581,0,0,1,30983683947,3992,0
Measurement_interval(ms):,250,160,25516,396581,0,0,1,30983933969,4032,0
Measurement_interval(ms):,250,144,25516,396581,0,0,1,30984183960,4068,0
Measurement_interval(ms):,250,160,25516,396581,0,0,1,30984433945,4108,0
Measurement_interval(ms):,250,160,25516,396581,0,0,1,30984683977,4148,0
Measurement_interval(ms):,250,160,25516,396581,0,0,1,30984933933,4188,0
Measurement_interval(ms):,250,160,25516,396581,0,0,1,30985183932,4228,0
Measurement_interval(ms):,250,160,25516,396581,0,0,1,30985433950,4268,0
Measurement_interval(ms):,250,160,25516,396581,0,0,1,30985683949,4308,0
Measurement_interval(ms):,250,160,25516,396581,0,0,1,30985933934,4348,0
Measurement_interval(ms):,250,160,25516,396581,0,0,1,30986183948,4388,0
Measurement_interval(ms):,250,160,25516,396581,0,0,1,30986434143,4428,0
Measurement_interval(ms):,250,144,25389,396581,0,0,1,30986683929,4464,0
Measurement_interval(ms):,250,160,25389,396581,0,0,1,30986933940,4504,0
Measurement_interval(ms):,250,160,25389,396581,0,0,1,30987183936,4544,0
Measurement_interval(ms):,250,160,25389,396581,0,0,1,30987433933,4584,0
Measurement_interval(ms):,250,160,25389,396581,0,0,1,30987683971,4624,0
