Measurement_interval(ms):,250,0,0,0,0,0,1,31196823704,0,0
Measurement_interval(ms):,250,0,0,0,0,0,1,31201462319,0,0
Measurement_interval(ms):,250,0,0,0,0,0,1,31201462321,0,0
Measurement_interval(ms):,250,0,0,0,0,0,1,31201462325,0,0
Measurement_interval(ms):,250,0,0,0,0,0,1,31201462326,0,0
Measurement_interval(ms):,250,0,0,0,0,0,1,31201462426,0,0
Measurement_interval(ms):,250,0,0,0,0,0,1,31201462427,0,0
Measurement_interval(ms):,250,0,0,0,0,0,1,31201462430,0,0
Measurement_interval(ms):,250,0,0,0,0,0,1,31201462431,0,0
Measurement_interval(ms):,250,0,0,0,0,0,1,31201462432,0,0
Measurement_interval(ms):,250,0,0,0,0,0,1,31201462433,0,0
Measurement_interval(ms):,250,0,0,0,0,0,1,31201462435,0,0
Measurement_interval(ms):,250,0,0,0,0,0,1,31201462436,0,0
Measurement_interval(ms):,250,0,0,0,0,0,1,31201462481,0,0
Measurement_interval(ms):,250,0,0,0,0,0,1,31201462482,0,0
Measurement_interval(ms):,250,0,0,0,0,0,1,31201462485,0,0
Measurement_interval(ms):,250,0,0,0,0,0,1,31201462486,0,0
Measurement_interval(ms):,250,0,0,0,0,0,1,31201462489,0,0
Measurement_interval(ms):,250,0,0,0,0,0,1,31201462490,0,0
Measurement_interval(ms):,250,0,0,0,0,0,1,31201462491,0,0
Measurement_interval(ms):,250,0,0,0,0,0,1,31201462492,0,0
Measurement_interval(ms):,250,0,0,0,0,0,1,31201462536,0,0
Measurement_interval(ms):,250,0,0,0,0,0,1,31201462537,0,0
Measurement_interval(ms):,250,0,0,0,0,0,1,31201462540,0,0
Measurement_interval(ms):,250,0,0,0,0,0,1,31201462541,0,0
Measurement_interval(ms):,250,0,0,0,0,0,1,31201462544,0,0
Measurement_interval(ms):,250,0,0,0,0,0,1,31201462545,0,0
Measurement_interval(ms):,250,0,0,0,0,0,1,31201462546,0,0
Measurement_interval(ms):,250,0,0,0,0,0,1,31201462547,0,0
Measurement_interval(ms):,250,0,0,0,0,0,1,31201462548,0,0
Measurement_interval(ms):,250,0,0,0,0,0,1,31201462549,0,0
Measurement_interval(ms):,250,0,0,0,0,0,1,31201462591,0,0
Measurement_interval(ms):,250,0,0,0,0,0,1,31201462592,0,0
Measurement_interval(ms):,250,0,0,0,0,0,1,31201462595,0,0
Measurement_interval(ms):,250,0,0,0,0,0,1,31201462596,0,0
Measurement_interval(ms):,250,0,0,0,0,0,1,31201462598,0,0
Measurement_interval(ms):,250,0,0,0,0,0,1,31201462599,0,0
Measurement_interval(ms):,250,0,0,0,0,0,1,31201462601,0,0
Measurement_interval(ms):,250,0,0,0,0,0,1,31201462602,0,0
Measurement_interval(ms):,250,0,0,0,0,0,1,31201462646,0,0
Measurement_interval(ms):,250,0,0,0,0,0,1,31201462647,0,0
Measurement_interval(ms):,250,0,0,0,0,0,1,31201462650,0,0
Measurement_interval(ms):,250,0,0,0,0,0,1,31201462651,0,0
Measurement_interval(ms):,250,0,0,0,0,0,1,31201462653,0,0
Measurement_interval(ms):,250,0,0,0,0,0,1,31201462654,0,0
Measurement_interval(ms):,250,0,0,0,0,0,1,31201462656,0,0
Measurement_interval(ms):,250,0,0,0,0,0,1,31201462656,0,0
Measurement_interval(ms):,250,0,0,0,0,0,1,31201462658,0,0
Measurement_interval(ms):,250,0,0,0,0,0,1,31201462659,0,0
Measurement_interval(ms):,250,0,0,0,0,0,1,31201462701,0,0
Measurement_interval(ms):,250,0,0,0,0,0,1,31201462702,0,0
Measurement_interval(ms):,250,0,0,0,0,0,1,31201462705,0,0
Measurement_interval(ms):,250,0,0,0,0,0,1,31201462706,0,0
Measurement_interval(ms):,250,0,0,0,0,0,1,31201462709,0,0
Measurement_interval(ms):,250,108,0,0,0,0,1,31201578717,27,0
Measurement_interval(ms):,250,480,0,0,0,0,1,31201828697,147,0
Measurement_interval(ms):,250,380,0,0,0,0,1,31202078727,242,0
Measurement_interval(ms):,250,480,0,0,0,0,1,31202328693,362,0
Measurement_interval(ms):,250,480,0,0,0,0,1,31202578678,482,0
Measurement_interval(ms):,250,480,0,0,0,0,1,31202828726,602,0
Measurement_interval(ms):,250,480,0,0,0,0,1,31203078705,722,0
Measurement_interval(ms):,250,480,0,0,0,0,1,31203328677,842,0
Measurement_interval(ms):,250,340,0,0,0,0,1,31203578725,927,0
Measurement_interval(ms):,250,480,0,0,0,0,1,31203828721,1047,0
Measurement_interval(ms):,250,480,0,0,0,0,1,31204078716,1167,0
Measurement_interval(ms):,250,480,0,0,0,0,1,31204328709,1287,0
Measurement_interval(ms):,250,480,0,0,0,0,1,31204578718,1407,0
Measurement_interval(ms):,250,480,0,0,0,0,1,31204828676,1527,0
Measurement_interval(ms):,250,480,0,0,0,0,1,31205078704,1647,0
Measurement_interval(ms):,250,380,0,0,0,0,1,31205328706,1742,0
Measurement_interval(ms):,250,480,0,0,0,0,1,31205578674,1862,0
Measurement_interval(ms):,250,480,0,0,0,0,1,31205828715,1982,0
Measurement_interval(ms):,250,480,0,0,0,0,1,31206078698,2102,0
Measurement_interval(ms):,250,480,0,0,0,0,1,31206328702,2222,0
Measurement_interval(ms):,250,340,0,0,0,0,1,31206578701,2307,0
Measurement_interval(ms):,250,480,0,0,0,0,1,31206828675,2427,0
Measurement_interval(ms):,250,480,0,0,0,0,1,31207078677,2547,0
Measurement_interval(ms):,250,480,0,0,0,0,1,31207328711,2667,0
Measurement_interval(ms):,250,480,0,0,0,0,1,31207578672,2787,0
Measurement_interval(ms):,250,480,0,0,0,0,1,31207828691,2907,0
Measurement_interval(ms):,250,480,0,0,0,0,1,31208078675,3027,0
Measurement_interval(ms):,250,380,0,0,0,0,1,31208328713,3122,0
Measurement_interval(ms):,250,480,77157,130776,0,0,1,31208578677,3242,0
Measurement_interval(ms):,250,480,77157,130776,0,0,1,31208828674,3362,0
Measurement_interval(ms):,250,480,77157,130776,0,0,1,31209078677,3482,0
Measurement_interval(ms):,250,480,77157,130776,0,0,1,31209328676,3602,0
Measurement_interval(ms):,250,480,77157,130776,0,0,1,31209579587,3722,0
Measurement_interval(ms):,250,340,77157,130776,0,0,1,31209828685,3807,0
Measurement_interval(ms):,250,480,77157,130776,0,0,1,31210078676,3927,0
Measurement_interval(ms):,250,480,77157,130776,0,0,1,31210328712,4047,0
Measurement_interval(ms):,250,480,77157,130776,0,0,1,31210578673,4167,0
Measurement_interval(ms):,250,480,77157,130776,0,0,1,31210828695,4287,0
Measurement_interval(ms):,250,480,77157,130776,0,0,1,31211078692,4407,0
Measurement_interval(ms):,250,480,77157,130776,0,0,1,31211328685,4527,0
Measurement_interval(ms):,250,380,77157,130776,0,0,1,31211578693,4622,0
Measurement_interval(ms):,250,480,77157,130776,0,0,1,31211828696,4742,0
Measurement_interval(ms):,250,480,77157,130776,0,0,1,31212078703,4862,0
Measurement_interval(ms):,250,480,77157,130776,0,0,1,31212328670,4982,0
Measurement_interval(ms):,250,480,77157,130776,0,0,1,31212578669,5102,0
Measurement_interval(ms):,250,340,77157,130776,0,0,1,31212828708,5187,0
Measurement_interval(ms):,250,480,77157,130776,0,0,1,31213078706,5307,0
Measurement_interval(ms):,250,480,77157,130776,0,0,1,31213328692,5427,0
Measurement_interval(ms):,250,480,77157,130776,0,0,1,31213578700,5547,0
Measurement_interval(ms):,250,480,77157,130776,0,0,1,31213828672,5667,0
Measurement_interval(ms):,250,480,77157,130776,0,0,1,31214078668,5787,0
Measurement_interval(ms):,250,480,77157,130776,0,0,1,31214329497,5907,0
Measurement_interval(ms):,250,380,77157,130776,0,0,1,31214578701,6002,0
Measurement_interval(ms):,250,480,77157,130776,0,0,1,31214828679,6122,0
Measurement_interval(ms):,250,480,77157,131524,0,0,1,31215078661,6242,0
Measurement_interval(ms):,250,480,77157,131524,0,0,1,31215328701,6362,0
Measurement_interval(ms):,250,480,77157,131524,0,0,1,31215579110,6482,0
Measurement_interval(ms):,250,340,77157,131524,0,0,1,31215828668,6567,0
Measurement_interval(ms):,250,480,77157,131524,0,0,1,31216078674,6687,0
Measurement_interval(ms):,250,480,77157,131524,0,0,1,31216328689,6807,0
Measurement_interval(ms):,250,480,77157,131524,0,0,1,31216578695,6927,0
Measurement_interval(ms):,250,480,77157,131524,0,0,1,31216828701,7047,0
Measurement_interval(ms):,250,480,77157,131524,0,0,1,31217078674,7167,0
Measurement_interval(ms):,250,380,77157,131524,0,0,1,31217328661,7262,0
Measurement_interval(ms):,250,480,77157,131524,0,0,1,31217578673,7382,0
Measurement_interval(ms):,250,480,77157,131524,0,0,1,31217828692,7502,0
Measurement_interval(ms):,250,480,77157,131524,0,0,1,31218078657,7622,0
Measurement_interval(ms):,250,480,77157,131524,0,0,1,31218328705,7742,0
Measurement_interval(ms):,250,340,77157,131524,0,0,1,31218578700,7827,0
Measurement_interval(ms):,250,480,77157,131524,0,0,1,31218828657,7947,0
Measurement_interval(ms):,250,480,77157,131524,0,0,1,31219078680,8067,0
Measurement_interval(ms):,250,480,77157,131524,0,0,1,31219328683,8187,0
Measurement_interval(ms):,250,480,77157,131524,0,0,1,31219578677,8307,0
Measurement_interval(ms):,250,480,77157,131524,0,0,1,31219828678,8427,0
Measurement_interval(ms):,250,480,77157,131524,0,0,1,31220078696,8547,0
Measurement_interval(ms):,250,380,77157,131524,0,0,1,31220328667,8642,0
Measurement_interval(ms):,250,480,77157,131524,0,0,1,31220578656,8762,0
Measurement_interval(ms):,250,480,77157,131524,0,0,1,31220828654,8882,0
Measurement_interval(ms):,250,480,77157,131524,0,0,1,31221078671,9002,0
Measurement_interval(ms):,250,480,77157,131524,0,0,1,31221328690,9122,0
Measurement_interval(ms):,250,340,77157,131524,0,0,1,31221578685,9207,0
Measurement_interval(ms):,250,480,77157,131524,0,0,1,31221828684,9327,0
Measurement_interval(ms):,250,480,77157,131524,0,0,1,31222078679,9447,0
Measurement_interval(ms):,250,480,77157,131524,0,0,1,31222328693,9567,0
Measurement_interval(ms):,250,480,77157,131524,0,0,1,31222578653,9687,0
Measurement_interval(ms):,250,480,77157,131524,0,0,1,31222828692,9807,0
Measurement_interval(ms):,250,480,77157,131524,0,0,1,31223078662,9927,0
Measurement_interval(ms):,250,380,77157,131524,0,0,1,31223328697,10022,0
Measurement_interval(ms):,250,480,77157,131524,0,0,1,31223578659,10142,0
Measurement_interval(ms):,250,480,77157,131524,0,0,1,31223828690,10262,0
Measurement_interval(ms):,250,480,77157,131524,0,0,1,31224078667,10382,0
Measurement_interval(ms):,250,480,77157,131524,0,0,1,31224329453,10502,0
Measurement_interval(ms):,250,340,77157,131524,0,0,1,31224578669,10587,0
Measurement_interval(ms):,250,480,77157,131524,0,0,1,31224828683,10707,0
Measurement_interval(ms):,250,480,77157,131524,0,0,1,31225078671,10827,0
Measurement_interval(ms):,250,480,77157,131524,0,0,1,31225328692,10947,0
Measurement_interval(ms):,250,480,77157,131524,0,0,1,31225578669,11067,0
Measurement_interval(ms):,250,480,77157,131524,0,0,1,31225828648,11187,0
Measurement_interval(ms):,250,380,77157,131524,0,0,1,31226078670,11282,0
Measurement_interval(ms):,250,480,77157,131524,0,0,1,31226328648,11402,0
Measurement_interval(ms):,250,480,77157,131524,0,0,1,31226578656,11522,0
Measurement_interval(ms):,250,480,77157,131524,0,0,1,31226828680,11642,0
Measurement_interval(ms):,250,480,77157,131524,0,0,1,31227078651,11762,0
Measurement_interval(ms):,250,340,77157,131524,0,0,1,31227328692,11847,0
Measurement_interval(ms):,250,480,77157,131524,0,0,1,31227578670,11967,0
Measurement_interval(ms):,250,480,77157,131524,0,0,1,31227828660,12087,0
Measurement_interval(ms):,250,480,77157,131524,0,0,1,31228078690,12207,0
Measurement_interval(ms):,250,480,77658,131524,0,0,1,31228328644,12327,0
Measurement_interval(ms):,250,480,77658,131524,0,0,1,31228578672,12447,0
Measurement_interval(ms):,250,480,77658,131524,0,0,1,31228828645,12567,0
Measurement_interval(ms):,250,380,77658,131524,0,0,1,31229078648,12662,0
Measurement_interval(ms):,250,480,77658,131524,0,0,1,31229328674,12782,0
Measurement_interval(ms):,250,480,77658,131524,0,0,1,31229578680,12902,0
Measurement_interval(ms):,250,480,77658,131524,0,0,1,31229828643,13022,0
Measurement_interval(ms):,250,480,77658,131524,0,0,1,31230078651,13142,0
Measurement_interval(ms):,250,340,77658,131524,0,0,1,31230328667,13227,0
Measurement_interval(ms):,250,480,77658,131524,0,0,1,31230578642,13347,0
Measurement_interval(ms):,250,480,77658,131524,0,0,1,31230828673,13467,0
Measurement_interval(ms):,250,480,77658,131524,0,0,1,31231078657,13587,0
Measurement_interval(ms):,250,480,77658,131524,0,0,1,31231328680,13707,0
Measurement_interval(ms):,250,480,77658,131524,0,0,1,31231578652,13827,0
Measurement_interval(ms):,250,380,77658,131524,0,0,1,31231828657,13922,0
Measurement_interval(ms):,250,480,77658,131524,0,0,1,31232078679,14042,0
Measurement_interval(ms):,250,480,77658,131524,0,0,1,31232328648,14162,0
Measurement_interval(ms):,250,480,77658,131524,0,0,1,31232578689,14282,0
Measurement_interval(ms):,250,480,77658,131524,0,0,1,31232828675,14402,0
Measurement_interval(ms):,250,340,77658,131524,0,0,1,31233078640,14487,0
Measurement_interval(ms):,250,480,77658,131524,0,0,1,31233328687,14607,0
Measurement_interval(ms):,250,480,77658,131524,0,0,1,31233578664,14727,0
Measurement_interval(ms):,250,480,77658,131524,0,0,1,31233828675,14847,0
Measurement_interval(ms):,250,480,77658,131524,0,0,1,31234078655,14967,0
Measurement_interval(ms):,250,480,77658,131524,0,0,1,31234328660,15087,0
Measurement_interval(ms):,250,480,77658,131524,0,0,1,31234578923,15207,0
Measurement_interval(ms):,250,380,77658,131524,0,0,1,31234828637,15302,0
Measurement_interval(ms):,250,480,77658,131524,0,0,1,31235078663,15422,0
Measurement_interval(ms):,250,480,77658,131524,0,0,1,31235328646,15542,0
Measurement_interval(ms):,250,480,77658,131524,0,0,1,31235578658,15662,0
Measurement_interval(ms):,250,340,77658,131524,0,0,1,31235828647,15747,0
Measurement_interval(ms):,250,480,77658,131524,0,0,1,31236078659,15867,0
Measurement_interval(ms):,250,480,77658,131524,0,0,1,31236328674,15987,0
Measurement_interval(ms):,250,480,77658,131524,0,0,1,31236578655,16107,0
Measurement_interval(ms):,250,480,77658,131524,0,0,1,31236828667,16227,0
Measurement_interval(ms):,250,480,77658,131524,0,0,1,31237078643,16347,0
Measurement_interval(ms):,250,480,77658,131524,0,0,1,31237328642,16467,0
Measurement_interval(ms):,250,380,77658,131524,0,0,1,31237578669,16562,0
Measurement_interval(ms):,250,480,77658,131524,0,0,1,31237828668,16682,0
