Measurement_interval(ms):,250,0,0,0,0,0,1,31011566941,0,0
Measurement_interval(ms):,250,0,0,0,0,0,1,31013313334,0,0
Measurement_interval(ms):,250,0,0,0,0,0,1,31013313337,0,0
Measurement_interval(ms):,250,0,0,0,0,0,1,31013313340,0,0
Measurement_interval(ms):,250,0,0,0,0,0,1,31013313341,0,0
Measurement_interval(ms):,250,0,0,0,0,0,1,31013313343,0,0
Measurement_interval(ms):,250,0,0,0,0,0,1,31013313344,0,0
Measurement_interval(ms):,250,0,0,0,0,0,1,31013313387,0,0
Measurement_interval(ms):,250,0,0,0,0,0,1,31013313388,0,0
Measurement_interval(ms):,250,0,0,0,0,0,1,31013313391,0,0
Measurement_interval(ms):,250,0,0,0,0,0,1,31013313392,0,0
Measurement_interval(ms):,250,0,0,0,0,0,1,31013313394,0,0
Measurement_interval(ms):,250,0,0,0,0,0,1,31013313395,0,0
Measurement_interval(ms):,250,0,0,0,0,0,1,31013313397,0,0
Measurement_interval(ms):,250,0,0,0,0,0,1,31013313398,0,0
Measurement_interval(ms):,250,0,0,0,0,0,1,31013313441,0,0
Measurement_interval(ms):,250,0,0,0,0,0,1,31013313442,0,0
Measurement_interval(ms):,250,0,0,0,0,0,1,31013313445,0,0
Measurement_interval(ms):,250,0,0,0,0,0,1,31013313446,0,0
Measurement_interval(ms):,250,0,0,0,0,0,1,31013313449,0,0
Measurement_interval(ms):,250,0,0,0,0,0,1,31013313450,0,0
Measurement_interval(ms):,250,0,0,0,0,0,1,31013313451,0,0
Measurement_interval(ms):,250,0,0,0,0,0,1,31013313452,0,0
Measurement_interval(ms):,250,0,0,0,0,0,1,31013313453,0,0
Measurement_interval(ms):,250,0,0,0,0,0,1,31013313454,0,0
Measurement_interval(ms):,250,0,0,0,0,0,1,31013313496,0,0
Measurement_interval(ms):,250,0,0,0,0,0,1,31013313497,0,0
Measurement_interval(ms):,250,0,0,0,0,0,1,31013313500,0,0
Measurement_interval(ms):,250,0,0,0,0,0,1,31013313501,0,0
Measurement_interval(ms):,250,0,0,0,0,0,1,31013313504,0,0
Measurement_interval(ms):,250,0,0,0,0,0,1,31013313505,0,0
Measurement_interval(ms):,250,0,0,0,0,0,1,31013313551,0,0
Measurement_interval(ms):,250,0,0,0,0,0,1,31013313552,0,0
Measurement_interval(ms):,250,0,0,0,0,0,1,31013313555,0,0
Measurement_interval(ms):,250,0,0,0,0,0,1,31013313556,0,0
Measurement_interval(ms):,250,0,0,0,0,0,1,31013313559,0,0
Measurement_interval(ms):,250,0,0,0,0,0,1,31013313560,0,0
Measurement_interval(ms):,250,0,0,0,0,0,1,31013313561,0,0
Measurement_interval(ms):,250,0,0,0,0,0,1,31013313562,0,0
Measurement_interval(ms):,250,0,0,0,0,0,1,31013313563,0,0
Measurement_interval(ms):,250,0,0,0,0,0,1,31013313564,0,0
Measurement_interval(ms):,250,0,0,0,0,0,1,31013313606,0,0
Measurement_interval(ms):,250,0,0,0,0,0,1,31013313607,0,0
Measurement_interval(ms):,250,0,0,0,0,0,1,31013313610,0,0
Measurement_interval(ms):,250,0,0,0,0,0,1,31013313611,0,0
Measurement_interval(ms):,250,0,0,0,0,0,1,31013313614,0,0
Measurement_interval(ms):,250,0,0,0,0,0,1,31013313615,0,0
Measurement_interval(ms):,250,0,0,0,0,0,1,31013313616,0,0
Measurement_interval(ms):,250,0,0,0,0,0,1,31013313617,0,0
Measurement_interval(ms):,250,0,0,0,0,0,1,31013313661,0,0
Measurement_interval(ms):,250,0,0,0,0,0,1,31013313662,0,0
Measurement_interval(ms):,250,32,0,0,0,0,1,31013393915,8,0
Measurement_interval(ms):,250,256,0,0,0,0,1,31013643951,72,0
Measurement_interval(ms):,250,256,0,0,0,0,1,31013893918,136,0
Measurement_interval(ms):,250,256,0,0,0,0,1,31014143930,200,0
Measurement_interval(ms):,250,288,0,0,0,0,1,31014393933,272,0
Measurement_interval(ms):,250,256,0,0,0,0,1,31014643950,336,0
Measurement_interval(ms):,250,256,0,0,0,0,1,31014893924,400,0
Measurement_interval(ms):,250,256,0,0,0,0,1,31015143932,464,0
Measurement_interval(ms):,250,256,0,0,0,0,1,31015393923,528,0
Measurement_interval(ms):,250,256,0,0,0,0,1,31015643938,592,0
Measurement_interval(ms):,250,256,0,0,0,0,1,31015893936,656,0
Measurement_interval(ms):,250,288,0,0,0,0,1,31016143910,728,0
Measurement_interval(ms):,250,256,0,0,0,0,1,31016393933,792,0
Measurement_interval(ms):,250,256,0,0,0,0,1,31016643931,856,0
Measurement_interval(ms):,250,256,30922,1535991,0,0,1,31016893917,920,0
Measurement_interval(ms):,250,256,30922,1535991,0,0,1,31017143955,984,0
Measurement_interval(ms):,250,256,30922,1535991,0,0,1,31017393956,1048,0
Measurement_interval(ms):,250,288,30922,1535991,0,0,1,31017643916,1120,0
Measurement_interval(ms):,250,256,30922,1535991,0,0,1,31017893908,1184,0
Measurement_interval(ms):,250,256,30922,1535991,0,0,1,31018143912,1248,0
Measurement_interval(ms):,250,256,30922,1535991,0,0,1,31018393919,1312,0
Measurement_interval(ms):,250,256,30922,1535991,0,0,1,31018643912,1376,0
Measurement_interval(ms):,250,256,30922,1535991,0,0,1,31018893934,1440,0
Measurement_interval(ms):,250,288,30922,1535991,0,0,1,31019144657,1512,0
Measurement_interval(ms):,250,256,30922,1535991,0,0,1,31019393954,1576,0
Measurement_interval(ms):,250,256,30922,1535991,0,0,1,31019643907,1640,0
Measurement_interval(ms):,250,256,30922,1415367,0,0,1,31019893911,1704,0
Measurement_interval(ms):,250,256,30922,1415367,0,0,1,31020143907,1768,0
Measurement_interval(ms):,250,256,30922,1415367,0,0,1,31020393928,1832,0
Measurement_interval(ms):,250,256,30922,1415367,0,0,1,31020643924,1896,0
Measurement_interval(ms):,250,288,30922,1415367,0,0,1,31020893925,1968,0
Measurement_interval(ms):,250,256,30922,1415367,0,0,1,31021143943,2032,0
Measurement_interval(ms):,250,256,30922,1415367,0,0,1,31021393931,2096,0
Measurement_interval(ms):,250,256,30922,1415367,0,0,1,31021643904,2160,0
Measurement_interval(ms):,250,256,30922,1415367,0,0,1,31021893909,2224,0
Measurement_interval(ms):,250,256,30922,1415367,0,0,1,31022143927,2288,0
Measurement_interval(ms):,250,288,30922,1415367,0,0,1,31022394233,2360,0
Measurement_interval(ms):,250,256,30922,1415367,0,0,1,31022643940,2424,0
Measurement_interval(ms):,250,256,30922,1415367,0,0,1,31022893930,2488,0
Measurement_interval(ms):,250,256,30922,1415367,0,0,1,31023143904,2552,0
Measurement_interval(ms):,250,256,30922,1415367,0,0,1,31023393945,2616,0
Measurement_interval(ms):,250,256,30922,1415367,0,0,1,31023643934,2680,0
Measurement_interval(ms):,250,256,30922,1415367,0,0,1,31023893937,2744,0
Measurement_interval(ms):,250,288,30922,1415367,0,0,1,31024143941,2816,0
Measurement_interval(ms):,250,256,30922,1415367,0,0,1,31024393936,2880,0
Measurement_interval(ms):,250,256,30922,1415367,0,0,1,31024643945,2944,0
Measurement_interval(ms):,250,256,30922,1415367,0,0,1,31024893944,3008,0
Measurement_interval(ms):,250,256,30922,1415367,0,0,1,31025143905,3072,0
Measurement_interval(ms):,250,256,30922,1415367,0,0,1,31025393938,3136,0
Measurement_interval(ms):,250,288,30922,1415367,0,0,1,31025644148,3208,0
Measurement_interval(ms):,250,256,30922,1415367,0,0,1,31025893901,3272,0
Measurement_interval(ms):,250,256,30922,1415367,0,0,1,31026143906,3336,0
Measurement_interval(ms):,250,256,30922,1415367,0,0,1,31026393900,3400,0
Measurement_interval(ms):,250,256,30922,1415367,0,0,1,31026643919,3464,0
Measurement_interval(ms):,250,256,30922,1415367,0,0,1,31026893932,3528,0
Measurement_interval(ms):,250,256,30922,1415367,0,0,1,31027143913,3592,0
Measurement_interval(ms):,250,288,30922,1415367,0,0,1,31027393947,3664,0
Measurement_interval(ms):,250,256,30922,1415367,0,0,1,31027643917,3728,0
Measurement_interval(ms):,250,256,30922,1415367,0,0,1,31027893920,3792,0
Measurement_interval(ms):,250,256,30922,1415367,0,0,1,31028143942,3856,0
Measurement_interval(ms):,250,256,30922,1415367,0,0,1,31028393944,3920,0
Measurement_interval(ms):,250,256,30922,1415367,0,0,1,31028643945,3984,0
Measurement_interval(ms):,250,288,30922,1415367,0,0,1,31028894416,4056,0
Measurement_interval(ms):,250,256,30922,1415367,0,0,1,31029143940,4120,0
Measurement_interval(ms):,250,256,30922,1415367,0,0,1,31029393921,4184,0
Measurement_interval(ms):,250,256,30922,1415367,0,0,1,31029643930,4248,0
Measurement_interval(ms):,250,256,30922,1415367,0,0,1,31029893912,4312,0
Measurement_interval(ms):,250,256,30922,1415367,0,0,1,31030143942,4376,0
Measurement_interval(ms):,250,256,30922,1415367,0,0,1,31030393937,4440,0
Measurement_interval(ms):,250,288,30922,1415367,0,0,1,31030643929,4512,0
Measurement_interval(ms):,250,256,30922,1415367,0,0,1,31030893900,4576,0
Measurement_interval(ms):,250,256,30922,1415367,0,0,1,31031143931,4640,0
Measurement_interval(ms):,250,256,30922,1415367,0,0,1,31031393940,4704,0
Measurement_interval(ms):,250,256,30922,1415367,0,0,1,31031643905,4768,0
Measurement_interval(ms):,250,256,30922,1415367,0,0,1,31031893897,4832,0
Measurement_interval(ms):,250,288,30922,1415367,0,0,1,31032143911,4904,0
Measurement_interval(ms):,250,256,30922,1415367,0,0,1,31032393905,4968,0
Measurement_interval(ms):,250,256,30922,1415367,0,0,1,31032643936,5032,0
Measurement_interval(ms):,250,256,30922,1415367,0,0,1,31032893927,5096,0
Measurement_interval(ms):,250,256,30922,1415367,0,0,1,31033143919,5160,0
Measurement_interval(ms):,250,256,30922,1415367,0,0,1,31033393902,5224,0
Measurement_interval(ms):,250,256,30922,1415367,0,0,1,31033643936,5288,0
Measurement_interval(ms):,250,288,30922,1415367,0,0,1,31033893907,5360,0
Measurement_interval(ms):,250,256,30922,1415367,0,0,1,31034143933,5424,0
Measurement_interval(ms):,250,256,30922,1415367,0,0,1,31034393943,5488,0
Measurement_interval(ms):,250,256,30922,1415367,0,0,1,31034643913,5552,0
Measurement_interval(ms):,250,256,30922,1415367,0,0,1,31034893918,5616,0
Measurement_interval(ms):,250,256,30922,1415367,0,0,1,31035143930,5680,0
Measurement_interval(ms):,250,288,30922,1415367,0,0,1,31035393907,5752,0
Measurement_interval(ms):,250,256,30922,1415367,0,0,1,31035643941,5816,0
Measurement_interval(ms):,250,256,30922,1415367,0,0,1,31035893932,5880,0
Measurement_interval(ms):,250,256,30922,1415367,0,0,1,31036143922,5944,0
Measurement_interval(ms):,250,256,30922,1415367,0,0,1,31036393932,6008,0
Measurement_interval(ms):,250,256,30922,1415367,0,0,1,31036643892,6072,0
Measurement_interval(ms):,250,288,30922,1415367,0,0,1,31036893912,6144,0
Measurement_interval(ms):,250,256,30922,1415367,0,0,1,31037143898,6208,0
Measurement_interval(ms):,250,256,30922,1415367,0,0,1,31037393941,6272,0
Measurement_interval(ms):,250,256,30922,1415367,0,0,1,31037643915,6336,0
Measurement_interval(ms):,250,256,30922,1415367,0,0,1,31037893935,6400,0
Measurement_interval(ms):,250,256,30922,1415367,0,0,1,31038143939,6464,0
Measurement_interval(ms):,250,288,30922,1415367,0,0,1,31038394599,6536,0
Measurement_interval(ms):,250,256,30922,1415367,0,0,1,31038643930,6600,0
Measurement_interval(ms):,250,256,30922,1415367,0,0,1,31038893913,6664,0
Measurement_interval(ms):,250,256,30922,1415367,0,0,1,31039143933,6728,0
Measurement_interval(ms):,250,256,30922,1415367,0,0,1,31039393889,6792,0
Measurement_interval(ms):,250,256,30922,1415367,0,0,1,31039643889,6856,0
Measurement_interval(ms):,250,256,30922,1415367,0,0,1,31039893918,6920,0
Measurement_interval(ms):,250,288,30922,1415367,0,0,1,31040143933,6992,0
Measurement_interval(ms):,250,256,30922,1415367,0,0,1,31040393914,7056,0
Measurement_interval(ms):,250,256,30922,1415367,0,0,1,31040643931,7120,0
Measurement_interval(ms):,250,256,30922,1415367,0,0,1,31040893896,7184,0
Measurement_interval(ms):,250,256,30922,1415367,0,0,1,31041143897,7248,0
Measurement_interval(ms):,250,256,30922,1415367,0,0,1,31041393913,7312,0
Measurement_interval(ms):,250,288,30922,1415367,0,0,1,31041643901,7384,0
Measurement_interval(ms):,250,256,30922,1415367,0,0,1,31041893924,7448,0
Measurement_interval(ms):,250,256,30922,1415367,0,0,1,31042143929,7512,0
Measurement_interval(ms):,250,256,30922,1415367,0,0,1,31042393906,7576,0
Measurement_interval(ms):,250,256,30922,1415367,0,0,1,31042643914,7640,0
Measurement_interval(ms):,250,256,30922,1415367,0,0,1,31042893921,7704,0
Measurement_interval(ms):,250,256,30922,1415367,0,0,1,31043143910,7768,0
Measurement_interval(ms):,250,288,30922,1415367,0,0,1,31043393907,7840,0
Measurement_interval(ms):,250,256,30922,1415367,0,0,1,31043643912,7904,0
Measurement_interval(ms):,250,256,30922,1415367,0,0,1,31043893921,7968,0
Measurement_interval(ms):,250,256,30922,1415367,0,0,1,31044143896,8032,0
Measurement_interval(ms):,250,256,30922,1415367,0,0,1,31044393886,8096,0
Measurement_interval(ms):,250,256,30922,1415367,0,0,1,31044643885,8160,0
Measurement_interval(ms):,250,288,30922,1415367,0,0,1,31044893891,8232,0
Measurement_interval(ms):,250,256,30922,1415367,0,0,1,31045143891,8296,0
Measurement_interval(ms):,250,256,30922,1415367,0,0,1,31045393907,8360,0
Measurement_interval(ms):,250,256,30922,1415367,0,0,1,31045643897,8424,0
