Measurement_interval(ms):,1000,0,0,0,0,0,1,148197898109
Measurement_interval(ms):,1000,0,0,0,0,0,1,148203144482
Measurement_interval(ms):,1000,0,0,0,0,0,1,148203144484
Measurement_interval(ms):,1000,0,0,0,0,0,1,148203144486
Measurement_interval(ms):,1000,0,0,0,0,0,1,148203144487
Measurement_interval(ms):,1000,0,0,0,0,0,1,148203144489
Measurement_interval(ms):,1000,0,0,0,0,0,1,148203144490
Measurement_interval(ms):,1000,0,0,0,0,0,1,148203144491
Measurement_interval(ms):,1000,0,0,0,0,0,1,148203144492
Measurement_interval(ms):,1000,38,0,0,0,0,1,148203176169
Measurement_interval(ms):,1000,1928,6875,13372,0,0,1,148204176194
Measurement_interval(ms):,1000,1926,6838,13301,0,0,1,148205176194
Measurement_interval(ms):,1000,2099,7504,13798,0,0,1,148206176770
Measurement_interval(ms):,1000,2208,7504,13798,0,0,1,148207176158
Measurement_interval(ms):,1000,2227,7504,13798,0,0,1,148208176193
Measurement_interval(ms):,1000,2221,7504,13798,0,0,1,148209176183
Measurement_interval(ms):,1000,2227,7504,13798,0,0,1,148210176146
Measurement_interval(ms):,1000,2208,7504,13798,0,0,1,148211176166
Measurement_interval(ms):,1000,2221,7504,13798,0,0,1,148212176181
Measurement_interval(ms):,1000,2227,7504,13798,0,0,1,148213176181
Measurement_interval(ms):,1000,2221,7504,13798,0,0,1,148214176188
Measurement_interval(ms):,1000,2227,7504,13798,0,0,1,148215176146
Measurement_interval(ms):,1000,2221,7504,13798,0,0,1,148216176185
Measurement_interval(ms):,1000,2227,7504,13798,0,0,1,148217176168
Measurement_interval(ms):,1000,2221,7504,13798,0,0,1,148218176145
Measurement_interval(ms):,1000,2227,7504,13798,0,0,1,148219176179
Measurement_interval(ms):,1000,2221,7504,13798,0,0,1,148220176187
Measurement_interval(ms):,1000,2227,7504,13798,0,0,1,148221176161
Measurement_interval(ms):,1000,2221,7504,13798,0,0,1,148222176172
Measurement_interval(ms):,1000,2227,7504,13798,0,0,1,148223176151
Measurement_interval(ms):,1000,2221,7504,13798,0,0,1,148224176172
Measurement_interval(ms):,1000,2227,7504,13798,0,0,1,148225176172
Measurement_interval(ms):,1000,2221,7504,13798,0,0,1,148226176164
Measurement_interval(ms):,1000,2227,7504,13798,0,0,1,148227176184
Measurement_interval(ms):,1000,2221,7504,13798,0,0,1,148228176161
Measurement_interval(ms):,1000,2227,7504,13798,0,0,1,148229176141
Measurement_interval(ms):,1000,2221,7504,13798,0,0,1,148230176146
Measurement_interval(ms):,1000,2227,7504,13798,0,0,1,148231176240
Measurement_interval(ms):,1000,2221,7504,13798,0,0,1,148232176155
Measurement_interval(ms):,1000,2227,7504,13798,0,0,1,148233176449
Measurement_interval(ms):,1000,2221,7504,13798,0,0,1,148234176179
Measurement_interval(ms):,1000,2227,7504,13798,0,0,1,148235176459
Measurement_interval(ms):,1000,2221,7504,13798,0,0,1,148236176307
