Measurement_interval(ms):,1000,0,0,0,0,0,1,80132326530
Measurement_interval(ms):,1000,0,0,0,0,0,1,80139387079
Measurement_interval(ms):,1000,0,0,0,0,0,1,80139387082
Measurement_interval(ms):,1000,0,0,0,0,0,1,80139387084
Measurement_interval(ms):,1000,0,0,0,0,0,1,80139387085
Measurement_interval(ms):,1000,0,0,0,0,0,1,80139387086
Measurement_interval(ms):,1000,0,0,0,0,0,1,80139387087
Measurement_interval(ms):,1000,0,0,0,0,0,1,80139387131
Measurement_interval(ms):,1000,0,0,0,0,0,1,80139387132
Measurement_interval(ms):,1000,0,0,0,0,0,1,80139387134
Measurement_interval(ms):,1000,0,0,0,0,0,1,80139387134
Measurement_interval(ms):,1000,320,0,0,0,0,1,80139575847
Measurement_interval(ms):,1000,2496,0,0,0,0,1,80140575846
Measurement_interval(ms):,1000,2944,10706,26799,0,0,1,80141575846
Measurement_interval(ms):,1000,2976,10649,26799,0,0,1,80142575989
Measurement_interval(ms):,1000,2944,10649,26799,0,0,1,80143575846
Measurement_interval(ms):,1000,2944,10649,26799,0,0,1,80144575821
Measurement_interval(ms):,1000,2944,10649,26799,0,0,1,80145575855
Measurement_interval(ms):,1000,2944,10649,26799,0,0,1,80146575820
Measurement_interval(ms):,1000,2944,10250,26467,0,0,1,80147575865
Measurement_interval(ms):,1000,2944,10022,26467,0,0,1,80148575822
Measurement_interval(ms):,1000,2944,9965,26135,0,0,1,80149575866
Measurement_interval(ms):,1000,2944,9965,26135,0,0,1,80150575865
Measurement_interval(ms):,1000,2976,9965,26135,0,0,1,80151575821
Measurement_interval(ms):,1000,2944,9965,26135,0,0,1,80152575849
Measurement_interval(ms):,1000,2944,9965,26135,0,0,1,80153575853
Measurement_interval(ms):,1000,2944,9965,26135,0,0,1,80154575824
Measurement_interval(ms):,1000,2944,9965,26135,0,0,1,80155575835
Measurement_interval(ms):,1000,2944,9965,26135,0,0,1,80156575826
Measurement_interval(ms):,1000,2944,9965,26135,0,0,1,80157575858
Measurement_interval(ms):,1000,2976,9965,26135,0,0,1,80158575973
Measurement_interval(ms):,1000,2944,9965,26135,0,0,1,80159575889
Measurement_interval(ms):,1000,2944,9965,26135,0,0,1,80160575850
Measurement_interval(ms):,1000,2944,9965,26135,0,0,1,80161575837
Measurement_interval(ms):,1000,2944,9965,26135,0,0,1,80162575857
Measurement_interval(ms):,1000,2944,9965,26135,0,0,1,80163575822
Measurement_interval(ms):,1000,2944,9965,25969,0,0,1,80164575844
Measurement_interval(ms):,1000,2944,9965,25969,0,0,1,80165575845
Measurement_interval(ms):,1000,2976,9965,25969,0,0,1,80166575827
Measurement_interval(ms):,1000,2944,9965,25969,0,0,1,80167575850
Measurement_interval(ms):,1000,2944,9965,25969,0,0,1,80168575860
Measurement_interval(ms):,1000,2944,9965,25969,0,0,1,80169575828
Measurement_interval(ms):,1000,2944,9965,20491,0,0,1,80170575838
Measurement_interval(ms):,1000,2944,9965,20491,0,0,1,80171575871
Measurement_interval(ms):,1000,2976,9965,20491,0,0,1,80172575870
