Measurement_interval(ms):,1000,0,0,0,0,0,1,80074864279
Measurement_interval(ms):,1000,0,0,0,0,0,1,80078885395
Measurement_interval(ms):,1000,0,0,0,0,0,1,80078885396
Measurement_interval(ms):,1000,0,0,0,0,0,1,80078885399
Measurement_interval(ms):,1000,0,0,0,0,0,1,80078885400
Measurement_interval(ms):,1000,0,0,0,0,0,1,80078885401
Measurement_interval(ms):,1000,0,0,0,0,0,1,80078885402
Measurement_interval(ms):,1000,0,0,0,0,0,1,80078885403
Measurement_interval(ms):,1000,0,0,0,0,0,1,80078885404
Measurement_interval(ms):,1000,0,0,0,0,0,1,80078885449
Measurement_interval(ms):,1000,1136,0,0,0,0,1,80079418819
Measurement_interval(ms):,1000,2208,7067,17265,0,0,1,80080418801
Measurement_interval(ms):,1000,2208,7032,13866,0,0,1,80081418831
Measurement_interval(ms):,1000,2208,7032,13866,0,0,1,80082418834
Measurement_interval(ms):,1000,2208,7032,13866,0,0,1,80083418799
Measurement_interval(ms):,1000,2208,7032,13866,0,0,1,80084418840
Measurement_interval(ms):,1000,2208,7032,13866,0,0,1,80085418836
Measurement_interval(ms):,1000,2208,7032,13866,0,0,1,80086418804
Measurement_interval(ms):,1000,2208,7032,13866,0,0,1,80087418821
Measurement_interval(ms):,1000,2208,7032,13866,0,0,1,80088418826
Measurement_interval(ms):,1000,2208,7032,13866,0,0,1,80089418793
Measurement_interval(ms):,1000,2208,7032,13866,0,0,1,80090418825
Measurement_interval(ms):,1000,2208,7032,13866,0,0,1,80091418825
Measurement_interval(ms):,1000,2208,7032,13866,0,0,1,80092418839
Measurement_interval(ms):,1000,2208,7032,13866,0,0,1,80093418798
Measurement_interval(ms):,1000,2208,7032,13866,0,0,1,80094418792
Measurement_interval(ms):,1000,2208,7032,13866,0,0,1,80095418827
Measurement_interval(ms):,1000,2208,7032,13866,0,0,1,80096418833
Measurement_interval(ms):,1000,2208,7032,13866,0,0,1,80097418835
Measurement_interval(ms):,1000,2208,7032,13866,0,0,1,80098418838
Measurement_interval(ms):,1000,2208,7032,13866,0,0,1,80099418810
Measurement_interval(ms):,1000,2208,7032,13866,0,0,1,80100418826
Measurement_interval(ms):,1000,2208,7032,13866,0,0,1,80101418833
Measurement_interval(ms):,1000,2208,7032,13866,0,0,1,80102418811
Measurement_interval(ms):,1000,2208,7032,13866,0,0,1,80103418810
Measurement_interval(ms):,1000,2208,7032,13866,0,0,1,80104418789
Measurement_interval(ms):,1000,2208,7032,13866,0,0,1,80105418816
Measurement_interval(ms):,1000,2208,7032,13866,0,0,1,80106418812
Measurement_interval(ms):,1000,2208,7032,13866,0,0,1,80107418796
Measurement_interval(ms):,1000,2208,7032,13866,0,0,1,80108418800
Measurement_interval(ms):,1000,2208,7032,13866,0,0,1,80109418788
Measurement_interval(ms):,1000,2208,7032,13866,0,0,1,80110418788
Measurement_interval(ms):,1000,2208,7032,13866,0,0,1,80111418796
