Measurement_interval(ms):,1000,0,0,0,0,0,1,80021114662
Measurement_interval(ms):,1000,0,0,0,0,0,1,80025377459
Measurement_interval(ms):,1000,0,0,0,0,0,1,80025377461
Measurement_interval(ms):,1000,0,0,0,0,0,1,80025377463
Measurement_interval(ms):,1000,0,0,0,0,0,1,80025377464
Measurement_interval(ms):,1000,0,0,0,0,0,1,80025377466
Measurement_interval(ms):,1000,0,0,0,0,0,1,80025377466
Measurement_interval(ms):,1000,0,0,0,0,0,1,80025377513
Measurement_interval(ms):,1000,0,0,0,0,0,1,80025377514
Measurement_interval(ms):,1000,0,0,0,0,0,1,80025377517
Measurement_interval(ms):,1000,0,0,0,0,0,1,80025377517
Measurement_interval(ms):,1000,600,0,0,0,0,1,80025797794
Measurement_interval(ms):,1000,1456,5448,10521,0,0,1,80026797784
Measurement_interval(ms):,1000,1456,5448,10521,0,0,1,80027797799
Measurement_interval(ms):,1000,1464,5448,10521,0,0,1,80028797784
Measurement_interval(ms):,1000,1456,5448,10521,0,0,1,80029797808
Measurement_interval(ms):,1000,1456,5448,10521,0,0,1,80030797823
Measurement_interval(ms):,1000,1456,5448,10521,0,0,1,80031797777
Measurement_interval(ms):,1000,1456,5448,10521,0,0,1,80032797789
Measurement_interval(ms):,1000,1464,5421,10521,0,0,1,80033797808
Measurement_interval(ms):,1000,1456,5448,10521,0,0,1,80034797772
Measurement_interval(ms):,1000,1456,5448,10521,0,0,1,80035797804
Measurement_interval(ms):,1000,1456,5448,10521,0,0,1,80036797791
Measurement_interval(ms):,1000,1464,5448,10521,0,0,1,80037797873
Measurement_interval(ms):,1000,1456,5448,10521,0,0,1,80038797790
Measurement_interval(ms):,1000,1456,5448,10521,0,0,1,80039797798
Measurement_interval(ms):,1000,1456,5448,10521,0,0,1,80040797799
Measurement_interval(ms):,1000,1464,5448,10521,0,0,1,80041797798
Measurement_interval(ms):,1000,1456,5448,10521,0,0,1,80042797788
Measurement_interval(ms):,1000,1456,5421,10521,0,0,1,80043797801
Measurement_interval(ms):,1000,1456,5448,10521,0,0,1,80044797771
Measurement_interval(ms):,1000,1464,5448,10521,0,0,1,80045797771
Measurement_interval(ms):,1000,1456,5448,10521,0,0,1,80046797769
Measurement_interval(ms):,1000,1456,5448,10521,0,0,1,80047797810
Measurement_interval(ms):,1000,1464,5448,10521,0,0,1,80048797780
Measurement_interval(ms):,1000,1456,5448,10521,0,0,1,80049797782
Measurement_interval(ms):,1000,1456,5448,10521,0,0,1,80050797768
Measurement_interval(ms):,1000,1456,5448,10521,0,0,1,80051797804
Measurement_interval(ms):,1000,1464,5448,10521,0,0,1,80052797805
Measurement_interval(ms):,1000,1456,5448,10521,0,0,1,80053797809
Measurement_interval(ms):,1000,1456,5448,10521,0,0,1,80054797813
