Measurement_interval(ms):,1000,0,0,0,0,0,1,68668105879
Measurement_interval(ms):,1000,0,0,0,0,0,1,68673126374
Measurement_interval(ms):,1000,0,0,0,0,0,1,68673126375
Measurement_interval(ms):,1000,0,0,0,0,0,1,68673126378
Measurement_interval(ms):,1000,0,0,0,0,0,1,68673126379
Measurement_interval(ms):,1000,0,0,0,0,0,1,68673126381
Measurement_interval(ms):,1000,0,0,0,0,0,1,68673126382
Measurement_interval(ms):,1000,0,0,0,0,0,1,68673126428
Measurement_interval(ms):,1000,0,0,0,0,0,1,68673126429
Measurement_interval(ms):,1000,88,0,0,0,0,1,68674124900
Measurement_interval(ms):,1000,88,0,0,0,0,1,68675124912
Measurement_interval(ms):,1000,90,22648,44844,0,0,1,68676124896
Measurement_interval(ms):,1000,88,22648,44844,0,0,1,68677124894
Measurement_interval(ms):,1000,90,22648,44844,0,0,1,68678124906
Measurement_interval(ms):,1000,88,22648,44844,0,0,1,68679124904
Measurement_interval(ms):,1000,90,22648,44844,0,0,1,68680124862
Measurement_interval(ms):,1000,88,22648,44844,0,0,1,68681124882
Measurement_interval(ms):,1000,90,22648,44844,0,0,1,68682124907
Measurement_interval(ms):,1000,88,22648,44844,0,0,1,68683124887
Measurement_interval(ms):,1000,90,22648,44844,0,0,1,68684124905
Measurement_interval(ms):,1000,88,22648,44844,0,0,1,68685124904
Measurement_interval(ms):,1000,90,22648,44844,0,0,1,68686124905
Measurement_interval(ms):,1000,88,22648,44844,0,0,1,68687124890
Measurement_interval(ms):,1000,90,22648,44844,0,0,1,68688124857
Measurement_interval(ms):,1000,90,22648,44844,0,0,1,68689124888
Measurement_interval(ms):,1000,88,22648,44844,0,0,1,68690124871
Measurement_interval(ms):,1000,90,22648,44844,0,0,1,68691124855
Measurement_interval(ms):,1000,88,22648,44844,0,0,1,68692124858
Measurement_interval(ms):,1000,90,22648,44844,0,0,1,68693124896
Measurement_interval(ms):,1000,88,22648,44844,0,0,1,68694124870
Measurement_interval(ms):,1000,90,22648,44844,0,0,1,68695124854
Measurement_interval(ms):,1000,88,22648,44844,0,0,1,68696124853
Measurement_interval(ms):,1000,90,22648,44844,0,0,1,68697124865
Measurement_interval(ms):,1000,90,22648,44844,0,0,1,68698124860
Measurement_interval(ms):,1000,88,22648,44844,0,0,1,68699124852
Measurement_interval(ms):,1000,90,22648,44844,0,0,1,68700124897
Measurement_interval(ms):,1000,88,22648,44844,0,0,1,68701124851
Measurement_interval(ms):,1000,90,22648,44844,0,0,1,68702124850
Measurement_interval(ms):,1000,88,22648,44844,0,0,1,68703124850
Measurement_interval(ms):,1000,90,22648,44844,0,0,1,68704124850
Measurement_interval(ms):,1000,88,22648,44844,0,0,1,68705124877
Measurement_interval(ms):,1000,90,22648,44844,0,0,1,68706124882
Measurement_interval(ms):,1000,90,22648,44844,0,0,1,68707124876
Measurement_interval(ms):,1000,88,22648,44844,0,0,1,68708124849
Measurement_interval(ms):,1000,90,22648,44844,0,0,1,68709124862
Measurement_interval(ms):,1000,88,22648,44844,0,0,1,68710124887
Measurement_interval(ms):,1000,90,22648,44844,0,0,1,68711124847
Measurement_interval(ms):,1000,90,22648,44844,0,0,1,68712124853
Measurement_interval(ms):,1000,88,22648,44844,0,0,1,68713124850
Measurement_interval(ms):,1000,90,22648,44844,0,0,1,68714124849
Measurement_interval(ms):,1000,88,22648,44844,0,0,1,68715124864
Measurement_interval(ms):,1000,90,22648,44844,0,0,1,68716124851
Measurement_interval(ms):,1000,90,22648,44844,0,0,1,68717124895
