Measurement_interval(ms):,1000,0,0,0,0,0,1,150401273424
Measurement_interval(ms):,1000,0,0,0,0,0,1,150406100460
Measurement_interval(ms):,1000,0,0,0,0,0,1,150406100462
Measurement_interval(ms):,1000,0,0,0,0,0,1,150406100465
Measurement_interval(ms):,1000,0,0,0,0,0,1,150406100465
Measurement_interval(ms):,1000,0,0,0,0,0,1,150406100467
Measurement_interval(ms):,1000,0,0,0,0,0,1,150406100468
Measurement_interval(ms):,1000,0,0,0,0,0,1,150406100469
Measurement_interval(ms):,1000,0,0,0,0,0,1,150406100470
Measurement_interval(ms):,1000,129,0,0,0,0,1,150407032771
Measurement_interval(ms):,1000,160,0,0,0,0,1,150408032736
Measurement_interval(ms):,1000,160,0,0,0,0,1,150409032756
Measurement_interval(ms):,1000,160,0,0,0,0,1,150410032748
Measurement_interval(ms):,1000,160,0,0,0,0,1,150411032744
Measurement_interval(ms):,1000,160,0,0,0,0,1,150412032757
Measurement_interval(ms):,1000,160,0,0,0,0,1,150413032734
Measurement_interval(ms):,1000,187,0,0,0,0,1,150414032753
Measurement_interval(ms):,1000,160,0,0,0,0,1,150415032759
Measurement_interval(ms):,1000,160,0,0,0,0,1,150416032740
Measurement_interval(ms):,1000,160,164098,199281,0,0,1,150417032737
Measurement_interval(ms):,1000,160,164098,199281,0,0,1,150418032736
Measurement_interval(ms):,1000,165,164098,199281,0,0,1,150419032768
Measurement_interval(ms):,1000,160,164098,199281,0,0,1,150420032762
Measurement_interval(ms):,1000,160,164098,199281,0,0,1,150421032765
Measurement_interval(ms):,1000,160,164098,199281,0,0,1,150422032763
Measurement_interval(ms):,1000,160,164098,199281,0,0,1,150423032744
Measurement_interval(ms):,1000,160,164098,199281,0,0,1,150424032723
Measurement_interval(ms):,1000,160,164098,199281,0,0,1,150425032731
Measurement_interval(ms):,1000,160,164098,199281,0,0,1,150426032743
Measurement_interval(ms):,1000,160,164098,199281,0,0,1,150427032723
Measurement_interval(ms):,1000,160,164098,199281,0,0,1,150428032741
Measurement_interval(ms):,1000,160,164098,199281,0,0,1,150429032725
Measurement_interval(ms):,1000,160,164098,199281,0,0,1,150430032751
Measurement_interval(ms):,1000,160,164098,199281,0,0,1,150431032747
Measurement_interval(ms):,1000,160,164098,199281,0,0,1,150432032711
Measurement_interval(ms):,1000,160,164098,199281,0,0,1,150433032728
Measurement_interval(ms):,1000,160,164098,199281,0,0,1,150434032730
Measurement_interval(ms):,1000,160,164098,199281,0,0,1,150435032735
Measurement_interval(ms):,1000,160,164098,199281,0,0,1,150436032716
Measurement_interval(ms):,1000,160,164098,199281,0,0,1,150437032748
Measurement_interval(ms):,1000,160,164098,199281,0,0,1,150438032714
Measurement_interval(ms):,1000,160,164098,199281,0,0,1,150439032714
Measurement_interval(ms):,1000,160,164098,199281,0,0,1,150440032730
Measurement_interval(ms):,1000,160,164098,199281,0,0,1,150441032701
Measurement_interval(ms):,1000,160,164098,199281,0,0,1,150442032714
