Measurement_interval(ms):,1000,0,0,0,0,0,1,153289367790
Measurement_interval(ms):,1000,0,0,0,0,0,1,153296035472
Measurement_interval(ms):,1000,0,0,0,0,0,1,153296035473
Measurement_interval(ms):,1000,0,0,0,0,0,1,153296035476
Measurement_interval(ms):,1000,0,0,0,0,0,1,153296035476
Measurement_interval(ms):,1000,0,0,0,0,0,1,153296035526
Measurement_interval(ms):,1000,0,0,0,0,0,1,153296035527
Measurement_interval(ms):,1000,0,0,0,0,0,1,153296035529
Measurement_interval(ms):,1000,0,0,0,0,0,1,153296035530
Measurement_interval(ms):,1000,0,0,0,0,0,1,153296035532
Measurement_interval(ms):,1000,75,0,0,38,0,1,153296902938
Measurement_interval(ms):,1000,88,0,0,44,0,1,153297902933
Measurement_interval(ms):,1000,88,22804,45122,44,0,1,153298902951
Measurement_interval(ms):,1000,90,22804,45122,45,0,1,153299903216
Measurement_interval(ms):,1000,87,22804,67270,43,1,1,153300902937
Measurement_interval(ms):,1000,89,22804,67270,44,1,1,153301902923
Measurement_interval(ms):,1000,89,22804,67270,44,1,1,153302902933
Measurement_interval(ms):,1000,90,27934,67270,45,0,1,153303902938
Measurement_interval(ms):,1000,88,27934,67270,44,0,1,153304902940
Measurement_interval(ms):,1000,88,22804,67270,44,0,1,153305902936
Measurement_interval(ms):,1000,89,22804,67270,44,1,1,153306902944
Measurement_interval(ms):,1000,89,22804,67270,44,1,1,153307902948
Measurement_interval(ms):,1000,88,22804,67270,44,0,1,153308902944
Measurement_interval(ms):,1000,91,27934,67270,45,1,1,153309903361
Measurement_interval(ms):,1000,89,27934,67270,44,1,1,153310902955
Measurement_interval(ms):,1000,88,27934,67270,43,2,1,153311902930
Measurement_interval(ms):,1000,91,27934,67270,44,3,1,153312902935
Measurement_interval(ms):,1000,89,27934,67270,44,1,1,153313902950
Measurement_interval(ms):,1000,91,28048,67270,44,3,1,153314902962
Measurement_interval(ms):,1000,90,28048,67270,43,4,1,153315902942
Measurement_interval(ms):,1000,91,28048,67270,43,5,1,153316902939
Measurement_interval(ms):,1000,91,28048,67270,44,3,1,153317902970
Measurement_interval(ms):,1000,91,28048,67270,43,5,1,153318902942
Measurement_interval(ms):,1000,89,28048,67270,43,3,1,153319902933
Measurement_interval(ms):,1000,92,28048,67270,44,4,1,153320902920
Measurement_interval(ms):,1000,92,28048,67270,43,6,1,153321902967
Measurement_interval(ms):,1000,89,28048,67270,43,3,1,153322902953
Measurement_interval(ms):,1000,91,28048,67270,44,3,1,153323902937
Measurement_interval(ms):,1000,91,28048,67270,43,5,1,153324902960
Measurement_interval(ms):,1000,89,28048,67270,43,3,1,153325902939
Measurement_interval(ms):,1000,94,28048,67270,43,8,1,153326902927
Measurement_interval(ms):,1000,91,28048,67270,44,3,1,153327902960
Measurement_interval(ms):,1000,89,28048,67270,43,3,1,153328902969
