Measurement_interval(ms):,1000,0,0,0,0,0,1,68735243579
Measurement_interval(ms):,1000,0,0,0,0,0,1,68738186821
Measurement_interval(ms):,1000,0,0,0,0,0,1,68738186823
Measurement_interval(ms):,1000,0,0,0,0,0,1,68738186825
Measurement_interval(ms):,1000,0,0,0,0,0,1,68738186826
Measurement_interval(ms):,1000,0,0,0,0,0,1,68738186827
Measurement_interval(ms):,1000,0,0,0,0,0,1,68738186828
Measurement_interval(ms):,1000,0,0,0,0,0,1,68738186829
Measurement_interval(ms):,1000,0,0,0,0,0,1,68738186830
Measurement_interval(ms):,1000,48,0,0,0,0,1,68738600028
Measurement_interval(ms):,1000,124,0,0,0,0,1,68739600072
Measurement_interval(ms):,1000,124,0,0,0,0,1,68740600056
Measurement_interval(ms):,1000,124,0,0,0,0,1,68741600027
Measurement_interval(ms):,1000,120,35638,67810,0,0,1,68742600068
Measurement_interval(ms):,1000,124,35638,67810,0,0,1,68743600056
Measurement_interval(ms):,1000,124,35638,67810,0,0,1,68744600035
Measurement_interval(ms):,1000,124,32728,67810,0,0,1,68745600020
Measurement_interval(ms):,1000,124,32728,67810,0,0,1,68746600021
Measurement_interval(ms):,1000,120,32728,67810,0,0,1,68747600023
Measurement_interval(ms):,1000,124,32728,64970,0,0,1,68748600061
Measurement_interval(ms):,1000,124,32728,64970,0,0,1,68749600038
Measurement_interval(ms):,1000,124,32728,64970,0,0,1,68750600022
Measurement_interval(ms):,1000,124,32728,64970,0,0,1,68751600057
Measurement_interval(ms):,1000,124,32728,64970,0,0,1,68752600068
Measurement_interval(ms):,1000,124,32728,64970,0,0,1,68753600063
Measurement_interval(ms):,1000,124,32728,64970,0,0,1,68754600031
Measurement_interval(ms):,1000,124,32728,64970,0,0,1,68755600069
Measurement_interval(ms):,1000,124,32728,64970,0,0,1,68756600024
Measurement_interval(ms):,1000,124,32728,64970,0,0,1,68757600023
Measurement_interval(ms):,1000,124,32728,64970,0,0,1,68758600022
Measurement_interval(ms):,1000,124,32728,64970,0,0,1,68759600030
Measurement_interval(ms):,1000,124,32728,64970,0,0,1,68760600019
Measurement_interval(ms):,1000,124,32728,64970,0,0,1,68761600022
Measurement_interval(ms):,1000,124,32728,64970,0,0,1,68762600040
Measurement_interval(ms):,1000,124,32728,64970,0,0,1,68763600043
Measurement_interval(ms):,1000,124,32728,64970,0,0,1,68764600064
Measurement_interval(ms):,1000,124,32728,64970,0,0,1,68765600052
Measurement_interval(ms):,1000,124,32728,64970,0,0,1,68766600031
Measurement_interval(ms):,1000,124,32728,64970,0,0,1,68767600037
Measurement_interval(ms):,1000,124,32728,64970,0,0,1,68768600062
Measurement_interval(ms):,1000,124,32728,64970,0,0,1,68769600029
Measurement_interval(ms):,1000,124,32728,64970,0,0,1,68770600040
Measurement_interval(ms):,1000,124,32728,64970,0,0,1,68771600055
Measurement_interval(ms):,1000,124,32728,64970,0,0,1,68772600032
