Measurement_interval(ms):,1000,0,0,0,0,0,1,576240728159
Measurement_interval(ms):,1000,0,0,0,0,0,1,576245971857
Measurement_interval(ms):,1000,0,0,0,0,0,1,576245971859
Measurement_interval(ms):,1000,0,0,0,0,0,1,576245971862
Measurement_interval(ms):,1000,0,0,0,0,0,1,576245971863
Measurement_interval(ms):,1000,0,0,0,0,0,1,576245971864
Measurement_interval(ms):,1000,0,0,0,0,0,1,576245971865
Measurement_interval(ms):,1000,0,0,0,0,0,1,576247598170
Measurement_interval(ms):,1000,4,0,0,0,0,1,576248441811
Measurement_interval(ms):,1000,28,0,0,0,0,1,576248713410
Measurement_interval(ms):,1000,104,0,0,0,0,1,576249713398
Measurement_interval(ms):,1000,104,0,0,0,0,1,576250713398
Measurement_interval(ms):,1000,104,0,0,0,0,1,576251713412
Measurement_interval(ms):,1000,104,38973,76886,0,0,1,576252713396
Measurement_interval(ms):,1000,104,38973,76886,0,0,1,576253713374
Measurement_interval(ms):,1000,104,38973,76886,0,0,1,576254713401
Measurement_interval(ms):,1000,104,38973,76886,0,0,1,576255713387
Measurement_interval(ms):,1000,104,38973,76886,0,0,1,576256713653
Measurement_interval(ms):,1000,100,38973,76886,0,0,1,576257713408
Measurement_interval(ms):,1000,104,38973,76886,0,0,1,576258713409
Measurement_interval(ms):,1000,104,38973,76886,0,0,1,576259713404
Measurement_interval(ms):,1000,104,38973,76886,0,0,1,576260713407
Measurement_interval(ms):,1000,104,38973,76886,0,0,1,576261713379
Measurement_interval(ms):,1000,104,38973,76886,0,0,1,576262713406
Measurement_interval(ms):,1000,104,38973,76886,0,0,1,576263713383
Measurement_interval(ms):,1000,104,38973,76886,0,0,1,576264713381
Measurement_interval(ms):,1000,104,38973,76886,0,0,1,576265713397
Measurement_interval(ms):,1000,100,38973,76886,0,0,1,576266713401
Measurement_interval(ms):,1000,104,38973,76886,0,0,1,576267713408
Measurement_interval(ms):,1000,104,38973,76886,0,0,1,576268713393
Measurement_interval(ms):,1000,104,38973,76886,0,0,1,576269713395
Measurement_interval(ms):,1000,104,38973,76886,0,0,1,576270713393
Measurement_interval(ms):,1000,104,38973,76886,0,0,1,576271713395
Measurement_interval(ms):,1000,104,38973,76886,0,0,1,576272713380
Measurement_interval(ms):,1000,104,38973,76886,0,0,1,576273713381
Measurement_interval(ms):,1000,104,38973,76886,0,0,1,576274713396
Measurement_interval(ms):,1000,104,38973,76886,0,0,1,576275713847
Measurement_interval(ms):,1000,100,38973,76886,0,0,1,576276713380
Measurement_interval(ms):,1000,104,38973,76886,0,0,1,576277713372
Measurement_interval(ms):,1000,104,38973,76886,0,0,1,576278713376
Measurement_interval(ms):,1000,104,38973,76886,0,0,1,576279713382
Measurement_interval(ms):,1000,104,38973,76886,0,0,1,576280713402
Measurement_interval(ms):,1000,104,38973,76886,0,0,1,576281713399
