Measurement_interval(ms):,1000,0,0,0,0,0,1,584905245205
Measurement_interval(ms):,1000,0,0,0,0,0,1,584910964224
Measurement_interval(ms):,1000,0,0,0,0,0,1,584910964226
Measurement_interval(ms):,1000,0,0,0,0,0,1,584910964228
Measurement_interval(ms):,1000,0,0,0,0,0,1,584910964229
Measurement_interval(ms):,1000,0,0,0,0,0,1,584910964230
Measurement_interval(ms):,1000,0,0,0,0,0,1,584910964231
Measurement_interval(ms):,1000,0,0,0,0,0,1,584910964278
Measurement_interval(ms):,1000,0,0,0,0,0,1,584910964279
Measurement_interval(ms):,1000,0,0,0,0,0,1,584910964281
Measurement_interval(ms):,1000,0,0,0,0,0,1,584912746252
Measurement_interval(ms):,1000,0,0,0,0,0,1,584912746256
Measurement_interval(ms):,1000,16,0,0,0,0,1,584914230284
Measurement_interval(ms):,1000,0,0,0,0,0,1,584914230287
Measurement_interval(ms):,1000,192,0,0,0,0,1,584915072629
Measurement_interval(ms):,1000,208,0,0,0,0,1,584916072618
Measurement_interval(ms):,1000,224,0,0,0,0,1,584917072628
Measurement_interval(ms):,1000,208,0,0,0,0,1,584918072647
Measurement_interval(ms):,1000,224,0,0,0,0,1,584919072661
Measurement_interval(ms):,1000,208,0,0,0,0,1,584920072647
Measurement_interval(ms):,1000,224,0,0,0,0,1,584921072627
Measurement_interval(ms):,1000,208,0,0,0,0,1,584922072640
Measurement_interval(ms):,1000,224,75759,156965,0,0,1,584923072646
Measurement_interval(ms):,1000,208,75759,156965,0,0,1,584924072657
Measurement_interval(ms):,1000,224,75759,156965,0,0,1,584925072656
Measurement_interval(ms):,1000,208,75759,156965,0,0,1,584926072674
Measurement_interval(ms):,1000,224,75759,156965,0,0,1,584927073016
Measurement_interval(ms):,1000,208,75759,156965,0,0,1,584928072650
Measurement_interval(ms):,1000,224,75759,156965,0,0,1,584929072629
Measurement_interval(ms):,1000,208,74211,149486,0,0,1,584930072644
Measurement_interval(ms):,1000,224,74211,149486,0,0,1,584931072653
Measurement_interval(ms):,1000,208,74211,149486,0,0,1,584932072633
Measurement_interval(ms):,1000,224,74211,149486,0,0,1,584933072639
Measurement_interval(ms):,1000,208,74211,149486,0,0,1,584934072652
Measurement_interval(ms):,1000,224,74211,149486,0,0,1,584935072641
Measurement_interval(ms):,1000,224,74211,149486,0,0,1,584936073578
Measurement_interval(ms):,1000,208,74211,147824,0,0,1,584937072689
Measurement_interval(ms):,1000,224,74211,147824,0,0,1,584938072685
Measurement_interval(ms):,1000,208,74211,147824,0,0,1,584939072674
Measurement_interval(ms):,1000,224,74211,147824,0,0,1,584940072680
Measurement_interval(ms):,1000,208,74211,147824,0,0,1,584941072647
Measurement_interval(ms):,1000,224,74211,147824,0,0,1,584942072674
Measurement_interval(ms):,1000,208,74211,147824,0,0,1,584943072674
Measurement_interval(ms):,1000,224,74211,147824,0,0,1,584944072694
Measurement_interval(ms):,1000,208,74211,147824,0,0,1,584945072651
Measurement_interval(ms):,1000,224,74211,147824,0,0,1,584946072678
