Measurement_interval(ms):,1000,0,0,0,0,0,1,583554762824
Measurement_interval(ms):,1000,0,0,0,0,0,1,583561985530
Measurement_interval(ms):,1000,0,0,0,0,0,1,583561985533
Measurement_interval(ms):,1000,0,0,0,0,0,1,583561985536
Measurement_interval(ms):,1000,0,0,0,0,0,1,583561985537
Measurement_interval(ms):,1000,0,0,0,0,0,1,583561985539
Measurement_interval(ms):,1000,0,0,0,0,0,1,583561985540
Measurement_interval(ms):,1000,0,0,0,0,0,1,583561985542
Measurement_interval(ms):,1000,0,0,0,0,0,1,583561985542
Measurement_interval(ms):,1000,0,0,0,0,0,1,583561985543
Measurement_interval(ms):,1000,0,0,0,0,0,1,583561985544
Measurement_interval(ms):,1000,0,0,0,0,0,1,583561985583
Measurement_interval(ms):,1000,0,0,0,0,0,1,583563655956
Measurement_interval(ms):,1000,0,0,0,0,0,1,583563655960
Measurement_interval(ms):,1000,8,0,0,0,0,1,583564646932
Measurement_interval(ms):,1000,64,0,0,0,0,1,583565113385
Measurement_interval(ms):,1000,136,0,0,0,0,1,583566113359
Measurement_interval(ms):,1000,128,0,0,0,0,1,583567113384
Measurement_interval(ms):,1000,136,0,0,0,0,1,583568113342
Measurement_interval(ms):,1000,136,0,0,0,0,1,583569113377
Measurement_interval(ms):,1000,128,0,0,0,0,1,583570113382
Measurement_interval(ms):,1000,136,0,0,0,0,1,583571113338
Measurement_interval(ms):,1000,136,60438,120093,0,0,1,583572113375
Measurement_interval(ms):,1000,128,60438,120093,0,0,1,583573113364
Measurement_interval(ms):,1000,136,60438,120093,0,0,1,583574113373
Measurement_interval(ms):,1000,128,60438,120093,0,0,1,583575113377
Measurement_interval(ms):,1000,136,60438,120093,0,0,1,583576113381
Measurement_interval(ms):,1000,136,60438,120093,0,0,1,583577113374
Measurement_interval(ms):,1000,128,60438,120093,0,0,1,583578113367
Measurement_interval(ms):,1000,136,60438,120093,0,0,1,583579113377
Measurement_interval(ms):,1000,136,60438,120093,0,0,1,583580113349
Measurement_interval(ms):,1000,128,60438,120093,0,0,1,583581113348
Measurement_interval(ms):,1000,136,60438,120093,0,0,1,583582113370
Measurement_interval(ms):,1000,128,60438,120093,0,0,1,583583113338
Measurement_interval(ms):,1000,136,60438,120093,0,0,1,583584113338
Measurement_interval(ms):,1000,136,60438,120093,0,0,1,583585113350
Measurement_interval(ms):,1000,128,60438,120093,0,0,1,583586113385
Measurement_interval(ms):,1000,136,60438,120093,0,0,1,583587113375
Measurement_interval(ms):,1000,136,60438,120093,0,0,1,583588113337
Measurement_interval(ms):,1000,128,60438,120093,0,0,1,583589113387
Measurement_interval(ms):,1000,136,60438,120093,0,0,1,583590113370
Measurement_interval(ms):,1000,128,60438,120093,0,0,1,583591113380
Measurement_interval(ms):,1000,136,60438,120093,0,0,1,583592113336
Measurement_interval(ms):,1000,136,60438,120093,0,0,1,583593113336
Measurement_interval(ms):,1000,128,60438,120093,0,0,1,583594113386
Measurement_interval(ms):,1000,136,60438,120093,0,0,1,583595113376
Measurement_interval(ms):,1000,136,60438,120093,0,0,1,583596113895
Measurement_interval(ms):,1000,128,60438,120093,0,0,1,583597113338
Measurement_interval(ms):,1000,136,60438,120093,0,0,1,583598113377
Measurement_interval(ms):,1000,128,60438,120093,0,0,1,583599113381
Measurement_interval(ms):,1000,136,60438,120093,0,0,1,583600113381
Measurement_interval(ms):,1000,136,60438,120093,0,0,1,583601113354
