Measurement_interval(ms):,1000,0,0,0,0,0,1,575110934277
Measurement_interval(ms):,1000,0,0,0,0,0,1,575113176364
Measurement_interval(ms):,1000,0,0,0,0,0,1,575113176365
Measurement_interval(ms):,1000,0,0,0,0,0,1,575113176367
Measurement_interval(ms):,1000,0,0,0,0,0,1,575113176368
Measurement_interval(ms):,1000,0,0,0,0,0,1,575113176369
Measurement_interval(ms):,1000,0,0,0,0,0,1,575113176370
Measurement_interval(ms):,1000,0,0,0,0,0,1,575114804184
Measurement_interval(ms):,1000,0,0,0,0,0,1,575114804187
Measurement_interval(ms):,1000,2,0,0,0,0,1,575115517099
Measurement_interval(ms):,1000,70,0,0,0,0,1,575116267419
Measurement_interval(ms):,1000,94,0,0,0,0,1,575117267387
Measurement_interval(ms):,1000,92,21861,42762,0,0,1,575118267397
Measurement_interval(ms):,1000,92,21861,42762,0,0,1,575119267416
Measurement_interval(ms):,1000,94,21751,42762,0,0,1,575120267413
Measurement_interval(ms):,1000,92,21751,42762,0,0,1,575121267404
Measurement_interval(ms):,1000,94,21751,42762,0,0,1,575122267402
Measurement_interval(ms):,1000,92,21751,42762,0,0,1,575123267398
Measurement_interval(ms):,1000,92,21751,42762,0,0,1,575124267418
Measurement_interval(ms):,1000,94,21751,42762,0,0,1,575125267395
Measurement_interval(ms):,1000,92,21751,42762,0,0,1,575126267388
Measurement_interval(ms):,1000,94,21751,42762,0,0,1,575127267402
Measurement_interval(ms):,1000,92,21751,42762,0,0,1,575128267411
Measurement_interval(ms):,1000,94,21751,42762,0,0,1,575129267659
Measurement_interval(ms):,1000,92,21751,42762,0,0,1,575130267400
Measurement_interval(ms):,1000,92,21751,42762,0,0,1,575131267396
Measurement_interval(ms):,1000,94,21751,42762,0,0,1,575132267416
Measurement_interval(ms):,1000,92,21751,42762,0,0,1,575133267404
Measurement_interval(ms):,1000,94,21751,42762,0,0,1,575134267413
Measurement_interval(ms):,1000,92,21751,42762,0,0,1,575135267401
Measurement_interval(ms):,1000,92,21751,42762,0,0,1,575136267418
Measurement_interval(ms):,1000,94,21751,42762,0,0,1,575137267418
Measurement_interval(ms):,1000,92,21751,42762,0,0,1,575138267389
Measurement_interval(ms):,1000,94,21751,42762,0,0,1,575139267428
Measurement_interval(ms):,1000,92,21751,42762,0,0,1,575140267411
Measurement_interval(ms):,1000,92,21751,42762,0,0,1,575141267411
Measurement_interval(ms):,1000,94,21751,42762,0,0,1,575142267405
Measurement_interval(ms):,1000,92,21751,42762,0,0,1,575143267389
Measurement_interval(ms):,1000,94,21751,42762,0,0,1,575144267389
Measurement_interval(ms):,1000,92,21751,42762,0,0,1,575145267405
