Measurement_interval(ms):,1000,0,0,0,0,0,1,574390213686
Measurement_interval(ms):,1000,0,0,0,0,0,1,574392809030
Measurement_interval(ms):,1000,0,0,0,0,0,1,574392809032
Measurement_interval(ms):,1000,0,0,0,0,0,1,574392809035
Measurement_interval(ms):,1000,0,0,0,0,0,1,574392809035
Measurement_interval(ms):,1000,0,0,0,0,0,1,574392809038
Measurement_interval(ms):,1000,0,0,0,0,0,1,574392809038
Measurement_interval(ms):,1000,0,0,0,0,0,1,574392809040
Measurement_interval(ms):,1000,0,0,0,0,0,1,574394402313
Measurement_interval(ms):,1000,1,0,0,0,0,1,574395078444
Measurement_interval(ms):,1000,60,0,0,0,0,1,574395761369
Measurement_interval(ms):,1000,87,11673,22611,0,0,1,574396761375
Measurement_interval(ms):,1000,88,11673,22611,0,0,1,574397761398
Measurement_interval(ms):,1000,87,11673,22611,0,0,1,574398761377
Measurement_interval(ms):,1000,88,11555,22497,0,0,1,574399761356
Measurement_interval(ms):,1000,87,11555,22497,0,0,1,574400761376
Measurement_interval(ms):,1000,88,11555,22383,0,0,1,574401761357
Measurement_interval(ms):,1000,87,11555,22383,0,0,1,574402761385
Measurement_interval(ms):,1000,88,11555,22383,0,0,1,574403761401
Measurement_interval(ms):,1000,88,11555,22383,0,0,1,574404761586
Measurement_interval(ms):,1000,87,11555,22383,0,0,1,574405761411
Measurement_interval(ms):,1000,88,11555,22383,0,0,1,574406761408
Measurement_interval(ms):,1000,87,11555,22383,0,0,1,574407761406
Measurement_interval(ms):,1000,88,11555,22383,0,0,1,574408761365
Measurement_interval(ms):,1000,87,11555,22383,0,0,1,574409761416
Measurement_interval(ms):,1000,88,11555,22383,0,0,1,574410761382
Measurement_interval(ms):,1000,88,11555,22383,0,0,1,574411761548
Measurement_interval(ms):,1000,87,11555,22383,0,0,1,574412761420
Measurement_interval(ms):,1000,88,11555,22383,0,0,1,574413761399
Measurement_interval(ms):,1000,87,11555,22383,0,0,1,574414761419
Measurement_interval(ms):,1000,88,11555,22383,0,0,1,574415761395
Measurement_interval(ms):,1000,87,11555,22383,0,0,1,574416761400
Measurement_interval(ms):,1000,88,11555,22383,0,0,1,574417761403
Measurement_interval(ms):,1000,87,11555,22383,0,0,1,574418761417
Measurement_interval(ms):,1000,88,11555,22383,0,0,1,574419761405
Measurement_interval(ms):,1000,88,11555,22383,0,0,1,574420761655
Measurement_interval(ms):,1000,87,11555,22383,0,0,1,574421761408
Measurement_interval(ms):,1000,88,11555,22383,0,0,1,574422761385
Measurement_interval(ms):,1000,87,11555,22383,0,0,1,574423761402
Measurement_interval(ms):,1000,88,11555,22383,0,0,1,574424761410
Measurement_interval(ms):,1000,87,11555,22383,0,0,1,574425761386
Measurement_interval(ms):,1000,88,11555,22383,0,0,1,574426761386
