Measurement_interval(ms):,1000,0,0,0,0,0,1,154022658368
Measurement_interval(ms):,1000,0,0,0,0,0,1,154031308689
Measurement_interval(ms):,1000,0,0,0,0,0,1,154031308690
Measurement_interval(ms):,1000,0,0,0,0,0,1,154031308693
Measurement_interval(ms):,1000,0,0,0,0,0,1,154031308693
Measurement_interval(ms):,1000,0,0,0,0,0,1,154031308695
Measurement_interval(ms):,1000,0,0,0,0,0,1,154031308695
Measurement_interval(ms):,1000,0,0,0,0,0,1,154031308743
Measurement_interval(ms):,1000,0,0,0,0,0,1,154031308744
Measurement_interval(ms):,1000,0,0,0,0,0,1,154031308746
Measurement_interval(ms):,1000,0,0,0,0,0,1,154031308747
Measurement_interval(ms):,1000,0,0,0,0,0,1,154031308749
Measurement_interval(ms):,1000,869,0,0,56,0,1,154032173603
Measurement_interval(ms):,1000,1036,17518,30518,65,0,1,154033173634
Measurement_interval(ms):,1000,1024,17518,30518,64,0,1,154034173620
Measurement_interval(ms):,1000,1044,17518,30518,65,0,1,154035173630
Measurement_interval(ms):,1000,1036,17518,30518,65,0,1,154036173634
Measurement_interval(ms):,1000,1024,17518,30518,64,0,1,154037173607
Measurement_interval(ms):,1000,1044,17518,30518,65,0,1,154038174308
Measurement_interval(ms):,1000,1024,17518,30518,64,0,1,154039173605
Measurement_interval(ms):,1000,1036,17518,30518,65,0,1,154040173591
Measurement_interval(ms):,1000,1024,17518,30518,64,0,1,154041173633
Measurement_interval(ms):,1000,1044,17518,30518,65,0,1,154042173932
Measurement_interval(ms):,1000,1024,17518,30518,64,0,1,154043173636
Measurement_interval(ms):,1000,1036,17518,30518,65,0,1,154044173584
Measurement_interval(ms):,1000,1024,17518,30518,64,0,1,154045173614
Measurement_interval(ms):,1000,1044,17518,30518,65,0,1,154046173618
Measurement_interval(ms):,1000,1024,17518,30518,64,0,1,154047173623
Measurement_interval(ms):,1000,1036,17518,30518,65,0,1,154048173621
Measurement_interval(ms):,1000,1024,17518,30518,64,0,1,154049173602
Measurement_interval(ms):,1000,1044,17518,30518,65,0,1,154050173634
Measurement_interval(ms):,1000,1024,17518,30518,64,0,1,154051173587
Measurement_interval(ms):,1000,1036,17518,30518,65,0,1,154052173615
Measurement_interval(ms):,1000,1024,17518,30518,64,0,1,154053173604
Measurement_interval(ms):,1000,1044,17518,30518,65,0,1,154054173585
Measurement_interval(ms):,1000,1036,17518,30518,65,0,1,154055173624
Measurement_interval(ms):,1000,1024,17518,30518,64,0,1,154056173582
Measurement_interval(ms):,1000,1044,17518,30518,65,0,1,154057173630
Measurement_interval(ms):,1000,1024,17518,30518,64,0,1,154058173627
Measurement_interval(ms):,1000,1036,17518,30518,65,0,1,154059173623
Measurement_interval(ms):,1000,1024,17518,30518,64,0,1,154060173581
Measurement_interval(ms):,1000,1044,17518,30518,65,0,1,154061173585
Measurement_interval(ms):,1000,1036,17518,30518,65,0,1,154062174007
Measurement_interval(ms):,1000,1024,17518,30518,64,0,1,154063173592
Measurement_interval(ms):,1000,1024,17518,30518,64,0,1,154064173587
Measurement_interval(ms):,1000,1044,17518,30518,65,0,1,154065173583
Measurement_interval(ms):,1000,1036,17518,30518,65,0,1,154066173601
Measurement_interval(ms):,1000,1024,17518,30518,64,0,1,154067173597
Measurement_interval(ms):,1000,532,17518,30518,33,0,1,154068881269
