Measurement_interval(ms):,1000,0,0,0,0,0,1,149854208155
Measurement_interval(ms):,1000,0,0,0,0,0,1,149858819609
Measurement_interval(ms):,1000,0,0,0,0,0,1,149858819611
Measurement_interval(ms):,1000,0,0,0,0,0,1,149858819614
Measurement_interval(ms):,1000,0,0,0,0,0,1,149858819615
Measurement_interval(ms):,1000,0,0,0,0,0,1,149858819616
Measurement_interval(ms):,1000,0,0,0,0,0,1,149858819616
Measurement_interval(ms):,1000,0,0,0,0,0,1,149858819618
Measurement_interval(ms):,1000,910,0,0,0,0,1,149859728672
Measurement_interval(ms):,1000,1024,17329,31043,0,0,1,149860728692
Measurement_interval(ms):,1000,1043,17329,31043,0,0,1,149861728703
Measurement_interval(ms):,1000,1024,17329,30569,0,0,1,149862728689
Measurement_interval(ms):,1000,1037,17224,30569,0,0,1,149863728672
Measurement_interval(ms):,1000,1024,17224,30569,0,0,1,149864728659
Measurement_interval(ms):,1000,1024,17224,30569,0,0,1,149865728675
Measurement_interval(ms):,1000,1043,17224,30569,0,0,1,149866728675
Measurement_interval(ms):,1000,1024,17224,30569,0,0,1,149867728690
Measurement_interval(ms):,1000,1037,17224,30569,0,0,1,149868728690
Measurement_interval(ms):,1000,1024,17224,30569,0,0,1,149869728659
Measurement_interval(ms):,1000,1043,17224,30569,0,0,1,149870729023
Measurement_interval(ms):,1000,1024,17224,30569,0,0,1,149871728666
Measurement_interval(ms):,1000,1024,17224,30569,0,0,1,149872728678
Measurement_interval(ms):,1000,1037,17224,30569,0,0,1,149873728674
Measurement_interval(ms):,1000,1024,17224,30569,0,0,1,149874728708
Measurement_interval(ms):,1000,1043,17224,30569,0,0,1,149875728661
Measurement_interval(ms):,1000,1024,17224,30569,0,0,1,149876728691
Measurement_interval(ms):,1000,1037,17224,30569,0,0,1,149877728674
Measurement_interval(ms):,1000,1024,17224,30569,0,0,1,149878728711
Measurement_interval(ms):,1000,1043,17224,30569,0,0,1,149879728670
Measurement_interval(ms):,1000,1024,17224,30569,0,0,1,149880728706
Measurement_interval(ms):,1000,1037,17224,30569,0,0,1,149881728667
Measurement_interval(ms):,1000,1024,17224,30569,0,0,1,149882728669
Measurement_interval(ms):,1000,1024,17224,30569,0,0,1,149883728706
Measurement_interval(ms):,1000,1043,17224,30569,0,0,1,149884728707
Measurement_interval(ms):,1000,1024,17224,30569,0,0,1,149885728668
Measurement_interval(ms):,1000,1037,17224,30569,0,0,1,149886728667
Measurement_interval(ms):,1000,1024,17224,30569,0,0,1,149887728690
Measurement_interval(ms):,1000,1043,17224,30569,0,0,1,149888728660
Measurement_interval(ms):,1000,1024,17224,30569,0,0,1,149889728707
Measurement_interval(ms):,1000,1037,17224,30569,0,0,1,149890728668
Measurement_interval(ms):,1000,1024,17224,30569,0,0,1,149891728670
Measurement_interval(ms):,1000,1024,17224,30569,0,0,1,149892728697
