Measurement_interval(ms):,1000,0,0,0,0,0,1,140814102070
Measurement_interval(ms):,1000,0,0,0,0,0,1,140823330891
Measurement_interval(ms):,1000,0,0,0,0,0,1,140823330892
Measurement_interval(ms):,1000,0,0,0,0,0,1,140823330895
Measurement_interval(ms):,1000,0,0,0,0,0,1,140823330896
Measurement_interval(ms):,1000,0,0,0,0,0,1,140823330898
Measurement_interval(ms):,1000,0,0,0,0,0,1,140823330898
Measurement_interval(ms):,1000,0,0,0,0,0,1,140823330900
Measurement_interval(ms):,1000,0,0,0,0,0,1,140823330901
Measurement_interval(ms):,1000,0,0,0,0,0,1,140823330902
Measurement_interval(ms):,1000,0,0,0,0,0,1,140823330903
Measurement_interval(ms):,1000,0,0,0,0,0,1,140823330944
Measurement_interval(ms):,1000,282,0,0,0,0,1,140823622121
Measurement_interval(ms):,1000,1112,0,0,0,0,1,140824622154
Measurement_interval(ms):,1000,1140,0,0,0,0,1,140825622150
Measurement_interval(ms):,1000,1108,27667,53296,0,0,1,140826622140
Measurement_interval(ms):,1000,1140,27667,53296,0,0,1,140827622119
Measurement_interval(ms):,1000,1112,27667,53296,0,0,1,140828622120
Measurement_interval(ms):,1000,1108,27667,53028,0,0,1,140829622133
Measurement_interval(ms):,1000,1140,27667,53028,0,0,1,140830622168
Measurement_interval(ms):,1000,1112,27517,53028,0,0,1,140831622132
Measurement_interval(ms):,1000,1140,27517,53028,0,0,1,140832622150
Measurement_interval(ms):,1000,1108,27517,53028,0,0,1,140833622150
Measurement_interval(ms):,1000,1112,27517,52760,0,0,1,140834622142
Measurement_interval(ms):,1000,1140,27517,52760,0,0,1,140835622137
Measurement_interval(ms):,1000,1108,27517,52760,0,0,1,140836622165
Measurement_interval(ms):,1000,1140,27517,52760,0,0,1,140837622126
Measurement_interval(ms):,1000,1112,27517,52760,0,0,1,140838622163
Measurement_interval(ms):,1000,1108,27517,52760,0,0,1,140839622165
Measurement_interval(ms):,1000,1140,27517,52760,0,0,1,140840622136
Measurement_interval(ms):,1000,1112,27517,52760,0,0,1,140841622114
Measurement_interval(ms):,1000,1140,27517,52760,0,0,1,140842622141
Measurement_interval(ms):,1000,1108,27517,52760,0,0,1,140843622113
Measurement_interval(ms):,1000,1140,27517,52760,0,0,1,140844622142
Measurement_interval(ms):,1000,1112,27517,52760,0,0,1,140845622116
Measurement_interval(ms):,1000,1108,27517,52760,0,0,1,140846622150
Measurement_interval(ms):,1000,1140,27517,52760,0,0,1,140847622150
Measurement_interval(ms):,1000,1112,27517,52760,0,0,1,140848622142
Measurement_interval(ms):,1000,1140,27517,52760,0,0,1,140849622129
Measurement_interval(ms):,1000,1108,27517,52760,0,0,1,140850622151
Measurement_interval(ms):,1000,1112,27517,52760,0,0,1,140851622116
Measurement_interval(ms):,1000,1140,27517,52760,0,0,1,140852622135
Measurement_interval(ms):,1000,1108,27517,52760,0,0,1,140853622143
Measurement_interval(ms):,1000,1140,27517,52760,0,0,1,140854622153
Measurement_interval(ms):,1000,1112,27517,52760,0,0,1,140855622139
Measurement_interval(ms):,1000,1140,27517,52760,0,0,1,140856622138
Measurement_interval(ms):,1000,1108,27517,52760,0,0,1,140857622131
