Measurement_interval(ms):,1000,0,0,0,0,0,1,63461877966
Measurement_interval(ms):,1000,0,0,0,0,0,1,63469689048
Measurement_interval(ms):,1000,0,0,0,0,0,1,63469689049
Measurement_interval(ms):,1000,0,0,0,0,0,1,63469689052
Measurement_interval(ms):,1000,0,0,0,0,0,1,63469689053
Measurement_interval(ms):,1000,0,0,0,0,0,1,63469689054
Measurement_interval(ms):,1000,0,0,0,0,0,1,63469689055
Measurement_interval(ms):,1000,0,0,0,0,0,1,63469689101
Measurement_interval(ms):,1000,0,0,0,0,0,1,63469689102
Measurement_interval(ms):,1000,0,0,0,0,0,1,63469689105
Measurement_interval(ms):,1000,0,0,0,0,0,1,63469689106
Measurement_interval(ms):,1000,720,0,0,0,0,1,63470399294
Measurement_interval(ms):,1000,1040,15330,30266,0,0,1,63471399279
Measurement_interval(ms):,1000,1024,15330,30266,0,0,1,63472399282
Measurement_interval(ms):,1000,1040,15330,30266,0,0,1,63473399283
Measurement_interval(ms):,1000,1040,15330,30266,0,0,1,63474399292
Measurement_interval(ms):,1000,1040,15330,30266,0,0,1,63475399431
Measurement_interval(ms):,1000,1024,15407,30418,0,0,1,63476399284
Measurement_interval(ms):,1000,1040,15407,30418,0,0,1,63477399266
Measurement_interval(ms):,1000,1024,15407,30418,0,0,1,63478399286
Measurement_interval(ms):,1000,1040,15407,30418,0,0,1,63479399296
Measurement_interval(ms):,1000,1024,15407,30418,0,0,1,63480399267
Measurement_interval(ms):,1000,1040,15407,30418,0,0,1,63481399289
Measurement_interval(ms):,1000,1024,15407,30418,0,0,1,63482399286
Measurement_interval(ms):,1000,1040,15407,30418,0,0,1,63483399272
Measurement_interval(ms):,1000,1024,15407,30418,0,0,1,63484399278
Measurement_interval(ms):,1000,1040,15407,30418,0,0,1,63485399292
Measurement_interval(ms):,1000,1024,15407,30418,0,0,1,63486399289
Measurement_interval(ms):,1000,1040,15407,30418,0,0,1,63487399301
Measurement_interval(ms):,1000,1024,15407,30418,0,0,1,63488399283
Measurement_interval(ms):,1000,1040,15407,30418,0,0,1,63489399326
Measurement_interval(ms):,1000,1024,15407,30418,0,0,1,63490399531
Measurement_interval(ms):,1000,1024,15407,30418,0,0,1,63491399308
Measurement_interval(ms):,1000,1024,15407,30418,0,0,1,63492399318
Measurement_interval(ms):,1000,1040,15407,30418,0,0,1,63493399296
Measurement_interval(ms):,1000,1024,15407,30418,0,0,1,63494399312
