Measurement_interval(ms):,1000,0,0,0,0,0,1,63520275184
Measurement_interval(ms):,1000,0,0,0,0,0,1,63529468411
Measurement_interval(ms):,1000,0,0,0,0,0,1,63529468413
Measurement_interval(ms):,1000,0,0,0,0,0,1,63529468415
Measurement_interval(ms):,1000,0,0,0,0,0,1,63529468416
Measurement_interval(ms):,1000,0,0,0,0,0,1,63529468417
Measurement_interval(ms):,1000,0,0,0,0,0,1,63529468418
Measurement_interval(ms):,1000,0,0,0,0,0,1,63529468463
Measurement_interval(ms):,1000,0,0,0,0,0,1,63529468464
Measurement_interval(ms):,1000,0,0,0,0,0,1,63529468466
Measurement_interval(ms):,1000,0,0,0,0,0,1,63529468467
Measurement_interval(ms):,1000,0,0,0,0,0,1,63529468468
Measurement_interval(ms):,1000,320,0,0,0,0,1,63529785547
Measurement_interval(ms):,1000,1088,0,0,0,0,1,63530785506
Measurement_interval(ms):,1000,1088,0,0,0,0,1,63531785547
Measurement_interval(ms):,1000,1088,27663,56622,0,0,1,63532785503
Measurement_interval(ms):,1000,1088,27663,56622,0,0,1,63533785521
Measurement_interval(ms):,1000,1120,27663,56622,0,0,1,63534785515
Measurement_interval(ms):,1000,1088,27524,56622,0,0,1,63535785545
Measurement_interval(ms):,1000,1088,27524,56622,0,0,1,63536785520
Measurement_interval(ms):,1000,1088,27524,56622,0,0,1,63537785546
Measurement_interval(ms):,1000,1088,27524,56622,0,0,1,63538785503
Measurement_interval(ms):,1000,1088,27524,56622,0,0,1,63539785512
Measurement_interval(ms):,1000,1120,27524,56622,0,0,1,63540785501
Measurement_interval(ms):,1000,1088,27524,56622,0,0,1,63541785508
Measurement_interval(ms):,1000,1088,27524,56622,0,0,1,63542785529
Measurement_interval(ms):,1000,1088,27524,56622,0,0,1,63543785533
Measurement_interval(ms):,1000,1088,27524,56338,0,0,1,63544785509
Measurement_interval(ms):,1000,1088,27524,56338,0,0,1,63545785535
Measurement_interval(ms):,1000,1088,27524,56338,0,0,1,63546785503
Measurement_interval(ms):,1000,1120,27524,56338,0,0,1,63547785528
Measurement_interval(ms):,1000,1088,27524,56338,0,0,1,63548785545
Measurement_interval(ms):,1000,1088,27524,56338,0,0,1,63549785533
Measurement_interval(ms):,1000,1088,27524,56622,0,0,1,63550785535
Measurement_interval(ms):,1000,1088,27524,56622,0,0,1,63551785522
Measurement_interval(ms):,1000,1088,27524,56622,0,0,1,63552785502
Measurement_interval(ms):,1000,1120,27524,56338,0,0,1,63553785533
Measurement_interval(ms):,1000,1088,27524,56338,0,0,1,63554785503
Measurement_interval(ms):,1000,1088,27524,56338,0,0,1,63555785541
Measurement_interval(ms):,1000,1088,27524,56338,0,0,1,63556785518
Measurement_interval(ms):,1000,1088,27524,56338,0,0,1,63557785513
Measurement_interval(ms):,1000,1088,27524,56338,0,0,1,63558785518
Measurement_interval(ms):,1000,1120,27524,56338,0,0,1,63559785511
Measurement_interval(ms):,1000,1088,27524,56338,0,0,1,63560785527
Measurement_interval(ms):,1000,1088,27524,56338,0,0,1,63561785537
Measurement_interval(ms):,1000,1088,27524,56338,0,0,1,63562785528
