Measurement_interval(ms):,1000,0,0,0,0,0,1,67663878540
Measurement_interval(ms):,1000,0,0,0,0,0,1,67671025040
Measurement_interval(ms):,1000,0,0,0,0,0,1,67671025045
Measurement_interval(ms):,1000,0,0,0,0,0,1,67671025048
Measurement_interval(ms):,1000,0,0,0,0,0,1,67671025049
Measurement_interval(ms):,1000,0,0,0,0,0,1,67671025089
Measurement_interval(ms):,1000,0,0,0,0,0,1,67671025090
Measurement_interval(ms):,1000,0,0,0,0,0,1,67671025092
Measurement_interval(ms):,1000,0,0,0,0,0,1,67671025093
Measurement_interval(ms):,1000,0,0,0,0,0,1,67671025094
Measurement_interval(ms):,1000,0,0,0,0,0,1,67671025095
Measurement_interval(ms):,1000,106,0,0,0,0,1,67671577722
Measurement_interval(ms):,1000,196,10279,20091,0,0,1,67672577733
Measurement_interval(ms):,1000,196,10279,20091,0,0,1,67673577722
Measurement_interval(ms):,1000,196,10279,20091,0,0,1,67674577714
Measurement_interval(ms):,1000,196,10279,20091,0,0,1,67675577709
Measurement_interval(ms):,1000,196,10279,20091,0,0,1,67676577719
Measurement_interval(ms):,1000,194,10279,20091,0,0,1,67677577735
Measurement_interval(ms):,1000,196,10279,20091,0,0,1,67678577736
Measurement_interval(ms):,1000,196,10279,20091,0,0,1,67679577736
Measurement_interval(ms):,1000,196,10279,20091,0,0,1,67680577742
Measurement_interval(ms):,1000,196,10279,20091,0,0,1,67681577725
Measurement_interval(ms):,1000,196,10279,20091,0,0,1,67682577729
Measurement_interval(ms):,1000,196,10279,20091,0,0,1,67683577696
Measurement_interval(ms):,1000,196,10279,20091,0,0,1,67684577720
Measurement_interval(ms):,1000,196,10279,20091,0,0,1,67685577721
Measurement_interval(ms):,1000,196,10279,20091,0,0,1,67686577698
Measurement_interval(ms):,1000,196,10279,20091,0,0,1,67687577728
Measurement_interval(ms):,1000,196,10279,20091,0,0,1,67688577706
Measurement_interval(ms):,1000,196,10279,20091,0,0,1,67689577714
Measurement_interval(ms):,1000,196,10279,20091,0,0,1,67690578138
Measurement_interval(ms):,1000,194,10279,20091,0,0,1,67691577740
Measurement_interval(ms):,1000,196,10279,20091,0,0,1,67692577733
Measurement_interval(ms):,1000,196,10279,20091,0,0,1,67693577714
Measurement_interval(ms):,1000,196,10279,20091,0,0,1,67694577749
Measurement_interval(ms):,1000,196,10279,20091,0,0,1,67695577737
Measurement_interval(ms):,1000,196,10279,20091,0,0,1,67696577722
Measurement_interval(ms):,1000,196,10279,20091,0,0,1,67697577750
Measurement_interval(ms):,1000,196,10279,20091,0,0,1,67698577706
Measurement_interval(ms):,1000,196,10279,20091,0,0,1,67699577754
Measurement_interval(ms):,1000,196,10279,20091,0,0,1,67700577716
Measurement_interval(ms):,1000,196,10279,20091,0,0,1,67701577748
Measurement_interval(ms):,1000,196,10279,20091,0,0,1,67702577709
