Measurement_interval(ms):,1000,0,0,0,0,0,1,150278126663
Measurement_interval(ms):,1000,0,0,0,0,0,1,150283427738
Measurement_interval(ms):,1000,0,0,0,0,0,1,150283427740
Measurement_interval(ms):,1000,0,0,0,0,0,1,150283427743
Measurement_interval(ms):,1000,0,0,0,0,0,1,150283427744
Measurement_interval(ms):,1000,0,0,0,0,0,1,150283427745
Measurement_interval(ms):,1000,0,0,0,0,0,1,150283427746
Measurement_interval(ms):,1000,0,0,0,0,0,1,150283427790
Measurement_interval(ms):,1000,81,0,0,0,0,1,150283660106
Measurement_interval(ms):,1000,432,0,0,0,0,1,150284660080
Measurement_interval(ms):,1000,416,0,0,0,0,1,150285660065
Measurement_interval(ms):,1000,432,0,0,0,0,1,150286660091
Measurement_interval(ms):,1000,416,38080,75898,0,0,1,150287660064
Measurement_interval(ms):,1000,432,38080,75898,0,0,1,150288660100
Measurement_interval(ms):,1000,416,38080,75898,0,0,1,150289660065
Measurement_interval(ms):,1000,432,38080,75898,0,0,1,150290660094
Measurement_interval(ms):,1000,416,37888,75134,0,0,1,150291660098
Measurement_interval(ms):,1000,432,37888,75134,0,0,1,150292660080
Measurement_interval(ms):,1000,432,37888,75134,0,0,1,150293660064
Measurement_interval(ms):,1000,416,37888,75134,0,0,1,150294660057
Measurement_interval(ms):,1000,432,37888,75134,0,0,1,150295660090
Measurement_interval(ms):,1000,416,37888,75134,0,0,1,150296660080
Measurement_interval(ms):,1000,432,37888,75134,0,0,1,150297660079
Measurement_interval(ms):,1000,416,37888,75134,0,0,1,150298660081
Measurement_interval(ms):,1000,432,37888,75134,0,0,1,150299660064
Measurement_interval(ms):,1000,432,37888,75134,0,0,1,150300660099
Measurement_interval(ms):,1000,416,37888,75134,0,0,1,150301660052
Measurement_interval(ms):,1000,432,37888,75134,0,0,1,150302660099
Measurement_interval(ms):,1000,416,37888,75134,0,0,1,150303660073
Measurement_interval(ms):,1000,432,37888,75134,0,0,1,150304660090
Measurement_interval(ms):,1000,416,37888,75134,0,0,1,150305660098
Measurement_interval(ms):,1000,432,37888,75134,0,0,1,150306660066
Measurement_interval(ms):,1000,432,37888,75134,0,0,1,150307660353
Measurement_interval(ms):,1000,416,37888,75134,0,0,1,150308660054
Measurement_interval(ms):,1000,432,37888,75134,0,0,1,150309660074
Measurement_interval(ms):,1000,416,37888,75134,0,0,1,150310660069
Measurement_interval(ms):,1000,432,37888,75134,0,0,1,150311660062
Measurement_interval(ms):,1000,416,37888,75134,0,0,1,150312660090
Measurement_interval(ms):,1000,432,37888,75134,0,0,1,150313660070
Measurement_interval(ms):,1000,416,37888,75134,0,0,1,150314660051
Measurement_interval(ms):,1000,432,37888,75134,0,0,1,150315660056
Measurement_interval(ms):,1000,432,37888,75134,0,0,1,150316660082
