Measurement_interval(ms):,1000,0,0,0,0,0,1,141258271271
Measurement_interval(ms):,1000,0,0,0,0,0,1,141265553545
Measurement_interval(ms):,1000,0,0,0,0,0,1,141265553547
Measurement_interval(ms):,1000,0,0,0,0,0,1,141265553550
Measurement_interval(ms):,1000,0,0,0,0,0,1,141265553551
Measurement_interval(ms):,1000,0,0,0,0,0,1,141265553552
Measurement_interval(ms):,1000,0,0,0,0,0,1,141265553553
Measurement_interval(ms):,1000,0,0,0,0,0,1,141265553599
Measurement_interval(ms):,1000,0,0,0,0,0,1,141265553600
Measurement_interval(ms):,1000,0,0,0,0,0,1,141265553602
Measurement_interval(ms):,1000,121,0,0,0,0,1,141265824738
Measurement_interval(ms):,1000,480,0,0,0,0,1,141266824707
Measurement_interval(ms):,1000,480,0,0,0,0,1,141267824717
Measurement_interval(ms):,1000,480,0,0,0,0,1,141268824716
Measurement_interval(ms):,1000,480,0,0,0,0,1,141269824744
Measurement_interval(ms):,1000,480,0,0,0,0,1,141270824746
Measurement_interval(ms):,1000,480,0,0,0,0,1,141271824723
Measurement_interval(ms):,1000,480,94101,124631,0,0,1,141272824715
Measurement_interval(ms):,1000,480,94101,124631,0,0,1,141273824722
Measurement_interval(ms):,1000,480,94101,124631,0,0,1,141274824708
Measurement_interval(ms):,1000,480,94101,124631,0,0,1,141275824754
Measurement_interval(ms):,1000,480,94101,124631,0,0,1,141276824705
Measurement_interval(ms):,1000,480,94101,124631,0,0,1,141277824755
Measurement_interval(ms):,1000,494,94101,124631,0,0,1,141278824737
Measurement_interval(ms):,1000,480,94101,124631,0,0,1,141279824716
Measurement_interval(ms):,1000,480,94101,124631,0,0,1,141280824728
Measurement_interval(ms):,1000,480,94101,124631,0,0,1,141281824750
Measurement_interval(ms):,1000,480,94101,124631,0,0,1,141282824738
Measurement_interval(ms):,1000,480,94101,124631,0,0,1,141283824705
Measurement_interval(ms):,1000,480,94101,124631,0,0,1,141284824740
Measurement_interval(ms):,1000,480,94101,124631,0,0,1,141285824721
Measurement_interval(ms):,1000,480,94101,124631,0,0,1,141286824722
Measurement_interval(ms):,1000,480,94101,124631,0,0,1,141287824741
Measurement_interval(ms):,1000,480,94101,124631,0,0,1,141288824725
Measurement_interval(ms):,1000,480,94101,124631,0,0,1,141289824709
Measurement_interval(ms):,1000,480,94101,124631,0,0,1,141290824723
Measurement_interval(ms):,1000,480,94101,124631,0,0,1,141291824739
Measurement_interval(ms):,1000,480,94101,124631,0,0,1,141292824741
Measurement_interval(ms):,1000,480,94101,124631,0,0,1,141293824721
Measurement_interval(ms):,1000,480,94101,124631,0,0,1,141294824723
Measurement_interval(ms):,1000,480,94101,124631,0,0,1,141295824748
Measurement_interval(ms):,1000,480,94101,124631,0,0,1,141296824743
Measurement_interval(ms):,1000,480,94101,124631,0,0,1,141297824723
Measurement_interval(ms):,1000,480,94101,124631,0,0,1,141298824723
Measurement_interval(ms):,1000,480,94101,124631,0,0,1,141299824729
Measurement_interval(ms):,1000,480,94101,124631,0,0,1,141300824709
