Measurement_interval(ms):,1000,0,0,0,0,0,1,153639823634
Measurement_interval(ms):,1000,0,0,0,0,0,1,153645522600
Measurement_interval(ms):,1000,0,0,0,0,0,1,153645522602
Measurement_interval(ms):,1000,0,0,0,0,0,1,153645522605
Measurement_interval(ms):,1000,0,0,0,0,0,1,153645522606
Measurement_interval(ms):,1000,0,0,0,0,0,1,153645522607
Measurement_interval(ms):,1000,0,0,0,0,0,1,153645522608
Measurement_interval(ms):,1000,0,0,0,0,0,1,153645522609
Measurement_interval(ms):,1000,0,0,0,0,0,1,153645522610
Measurement_interval(ms):,1000,0,0,0,0,0,1,153645522655
Measurement_interval(ms):,1000,0,0,0,0,0,1,153645522655
Measurement_interval(ms):,1000,300,0,0,39,0,1,153646378559
Measurement_interval(ms):,1000,369,0,0,41,0,1,153647378285
Measurement_interval(ms):,1000,378,24126,383383,42,0,1,153648378319
Measurement_interval(ms):,1000,378,24126,383383,42,0,1,153649378271
Measurement_interval(ms):,1000,378,24126,383383,42,0,1,153650378319
Measurement_interval(ms):,1000,378,24126,354319,42,0,1,153651378287
Measurement_interval(ms):,1000,378,24126,354319,42,0,1,153652378299
Measurement_interval(ms):,1000,378,24126,332521,42,0,1,153653378269
Measurement_interval(ms):,1000,369,24126,332521,41,0,1,153654378304
Measurement_interval(ms):,1000,378,24126,307090,42,0,1,153655378276
Measurement_interval(ms):,1000,378,24126,307090,42,0,1,153656378283
Measurement_interval(ms):,1000,378,24126,307090,42,0,1,153657378268
Measurement_interval(ms):,1000,378,24126,67312,42,0,1,153658378289
Measurement_interval(ms):,1000,378,24126,67312,42,0,1,153659378283
Measurement_interval(ms):,1000,378,24126,60046,42,0,1,153660378286
Measurement_interval(ms):,1000,378,24126,60046,42,0,1,153661378452
Measurement_interval(ms):,1000,369,24126,60046,41,0,1,153662378279
Measurement_interval(ms):,1000,378,24126,52780,42,0,1,153663378276
Measurement_interval(ms):,1000,378,24126,52780,42,0,1,153664378315
Measurement_interval(ms):,1000,378,24126,52780,42,0,1,153665378305
Measurement_interval(ms):,1000,378,24126,52780,42,0,1,153666378314
Measurement_interval(ms):,1000,378,24126,52780,42,0,1,153667378288
Measurement_interval(ms):,1000,378,24126,52780,42,0,1,153668378284
Measurement_interval(ms):,1000,378,24126,52780,42,0,1,153669378287
Measurement_interval(ms):,1000,369,24126,52780,41,0,1,153670378285
Measurement_interval(ms):,1000,378,24126,52780,42,0,1,153671378265
Measurement_interval(ms):,1000,378,24126,52780,42,0,1,153672378289
Measurement_interval(ms):,1000,378,24126,52780,42,0,1,153673378290
Measurement_interval(ms):,1000,378,24126,49147,42,0,1,153674378264
Measurement_interval(ms):,1000,378,24126,49147,42,0,1,153675378287
Measurement_interval(ms):,1000,378,24126,49147,42,0,1,153676378292
Measurement_interval(ms):,1000,378,24126,49147,42,0,1,153677378306
Measurement_interval(ms):,1000,378,24126,49147,42,0,1,153678378308
Measurement_interval(ms):,1000,378,24126,49147,42,0,1,153679378395
