Measurement_interval(ms):,1000,0,0,0,0,0,1,150047549270
Measurement_interval(ms):,1000,0,0,0,0,0,1,150052839479
Measurement_interval(ms):,1000,0,0,0,0,0,1,150052839482
Measurement_interval(ms):,1000,0,0,0,0,0,1,150052839485
Measurement_interval(ms):,1000,0,0,0,0,0,1,150052839485
Measurement_interval(ms):,1000,0,0,0,0,0,1,150052839487
Measurement_interval(ms):,1000,0,0,0,0,0,1,150052839488
Measurement_interval(ms):,1000,0,0,0,0,0,1,150052839489
Measurement_interval(ms):,1000,0,0,0,0,0,1,150052839490
Measurement_interval(ms):,1000,0,0,0,0,0,1,150052839491
Measurement_interval(ms):,1000,494,0,0,0,0,1,150053513678
Measurement_interval(ms):,1000,768,0,0,0,0,1,150054513693
Measurement_interval(ms):,1000,768,26326,44099,0,0,1,150055513700
Measurement_interval(ms):,1000,768,26326,44099,0,0,1,150056513688
Measurement_interval(ms):,1000,768,24894,42683,0,0,1,150057513717
Measurement_interval(ms):,1000,768,24894,42683,0,0,1,150058513668
Measurement_interval(ms):,1000,787,24894,41503,0,0,1,150059513703
Measurement_interval(ms):,1000,768,24894,41503,0,0,1,150060513700
Measurement_interval(ms):,1000,768,24894,41503,0,0,1,150061513700
Measurement_interval(ms):,1000,768,24894,41503,0,0,1,150062513668
Measurement_interval(ms):,1000,781,24894,41503,0,0,1,150063513691
Measurement_interval(ms):,1000,768,24894,41503,0,0,1,150064513695
Measurement_interval(ms):,1000,768,24894,41267,0,0,1,150065513688
Measurement_interval(ms):,1000,768,24894,41267,0,0,1,150066513697
Measurement_interval(ms):,1000,768,24894,41267,0,0,1,150067513683
Measurement_interval(ms):,1000,768,24715,41267,0,0,1,150068513680
Measurement_interval(ms):,1000,768,24715,41267,0,0,1,150069513710
Measurement_interval(ms):,1000,787,24715,41267,0,0,1,150070513668
Measurement_interval(ms):,1000,768,24715,41267,0,0,1,150071513683
Measurement_interval(ms):,1000,768,24715,41267,0,0,1,150072513680
Measurement_interval(ms):,1000,768,24715,41267,0,0,1,150073513685
Measurement_interval(ms):,1000,781,24715,41267,0,0,1,150074513709
Measurement_interval(ms):,1000,768,24715,41267,0,0,1,150075513668
Measurement_interval(ms):,1000,768,24715,41267,0,0,1,150076513692
Measurement_interval(ms):,1000,768,24715,41267,0,0,1,150077513688
Measurement_interval(ms):,1000,768,24715,41267,0,0,1,150078513701
Measurement_interval(ms):,1000,787,24715,41267,0,0,1,150079514204
Measurement_interval(ms):,1000,768,24715,41267,0,0,1,150080513694
Measurement_interval(ms):,1000,768,24715,41267,0,0,1,150081513690
Measurement_interval(ms):,1000,768,24715,41267,0,0,1,150082513675
Measurement_interval(ms):,1000,768,24715,41267,0,0,1,150083513697
Measurement_interval(ms):,1000,781,24715,41267,0,0,1,150084513689
Measurement_interval(ms):,1000,768,24715,41267,0,0,1,150085513670
Measurement_interval(ms):,1000,768,24715,41267,0,0,1,150086513704
