Measurement_interval(ms):,1000,0,0,0,0,0,1,153823329128
Measurement_interval(ms):,1000,0,0,0,0,0,1,153830339898
Measurement_interval(ms):,1000,0,0,0,0,0,1,153830339899
Measurement_interval(ms):,1000,0,0,0,0,0,1,153830339902
Measurement_interval(ms):,1000,0,0,0,0,0,1,153830339903
Measurement_interval(ms):,1000,0,0,0,0,0,1,153830339905
Measurement_interval(ms):,1000,0,0,0,0,0,1,153830339905
Measurement_interval(ms):,1000,0,0,0,0,0,1,153830339907
Measurement_interval(ms):,1000,0,0,0,0,0,1,153830339908
Measurement_interval(ms):,1000,0,0,0,0,0,1,153830339909
Measurement_interval(ms):,1000,381,0,0,28,0,1,153830858648
Measurement_interval(ms):,1000,782,0,0,49,0,1,153831858638
Measurement_interval(ms):,1000,768,23859,50382,48,0,1,153832858602
Measurement_interval(ms):,1000,786,23859,50382,49,0,1,153833858619
Measurement_interval(ms):,1000,782,23859,47652,49,0,1,153834858607
Measurement_interval(ms):,1000,786,23859,47652,49,0,1,153835858601
Measurement_interval(ms):,1000,782,23656,40632,49,0,1,153836858624
Measurement_interval(ms):,1000,786,23656,40632,49,0,1,153837858600
Measurement_interval(ms):,1000,782,23656,40632,49,0,1,153838858623
Measurement_interval(ms):,1000,786,23656,40632,49,0,1,153839858610
Measurement_interval(ms):,1000,782,23656,40632,49,0,1,153840858600
Measurement_interval(ms):,1000,786,23656,40632,49,0,1,153841858856
Measurement_interval(ms):,1000,782,23656,40632,49,0,1,153842858642
Measurement_interval(ms):,1000,768,23656,40632,48,0,1,153843858613
Measurement_interval(ms):,1000,786,23656,40632,49,0,1,153844858606
Measurement_interval(ms):,1000,782,23656,40632,49,0,1,153845858635
Measurement_interval(ms):,1000,786,23656,40632,49,0,1,153846858627
Measurement_interval(ms):,1000,782,23656,40632,49,0,1,153847858636
Measurement_interval(ms):,1000,786,23656,40632,49,0,1,153848858596
Measurement_interval(ms):,1000,768,23656,40632,48,0,1,153849858633
Measurement_interval(ms):,1000,782,23656,40632,49,0,1,153850858645
Measurement_interval(ms):,1000,786,23859,41022,49,0,1,153851858640
Measurement_interval(ms):,1000,768,23859,41022,48,0,1,153852858619
Measurement_interval(ms):,1000,782,23859,41022,49,0,1,153853858618
Measurement_interval(ms):,1000,786,23859,41022,49,0,1,153854859171
Measurement_interval(ms):,1000,768,23859,41022,48,0,1,153855858611
Measurement_interval(ms):,1000,782,23859,41022,49,0,1,153856858608
Measurement_interval(ms):,1000,768,23859,41022,48,0,1,153857858614
Measurement_interval(ms):,1000,786,23859,41022,49,0,1,153858858620
Measurement_interval(ms):,1000,782,23859,41022,49,0,1,153859858629
Measurement_interval(ms):,1000,768,23859,41022,48,0,1,153860858595
Measurement_interval(ms):,1000,786,23859,41022,49,0,1,153861858597
Measurement_interval(ms):,1000,782,23859,41022,49,0,1,153862858612
Measurement_interval(ms):,1000,768,23859,41022,48,0,1,153863858636
Measurement_interval(ms):,1000,786,23859,41022,49,0,1,153864858598
Measurement_interval(ms):,1000,782,23859,41022,49,0,1,153865858602
Measurement_interval(ms):,1000,768,23859,41022,48,0,1,153866858636
