Measurement_interval(ms):,1000,0,0,0,0,0,1,65967571510
Measurement_interval(ms):,1000,0,0,0,0,0,1,65972618812
Measurement_interval(ms):,1000,0,0,0,0,0,1,65972618813
Measurement_interval(ms):,1000,0,0,0,0,0,1,65972618816
Measurement_interval(ms):,1000,0,0,0,0,0,1,65972618817
Measurement_interval(ms):,1000,0,0,0,0,0,1,65972618818
Measurement_interval(ms):,1000,0,0,0,0,0,1,65972618819
Measurement_interval(ms):,1000,0,0,0,0,0,1,65972618866
Measurement_interval(ms):,1000,124,0,0,0,0,1,65973095331
Measurement_interval(ms):,1000,262,7665,14829,0,0,1,65974095331
Measurement_interval(ms):,1000,262,7665,14829,0,0,1,65975095317
Measurement_interval(ms):,1000,262,7665,14829,0,0,1,65976095314
Measurement_interval(ms):,1000,262,7665,14829,0,0,1,65977095300
Measurement_interval(ms):,1000,262,7665,14829,0,0,1,65978095296
Measurement_interval(ms):,1000,262,7665,14829,0,0,1,65979095300
Measurement_interval(ms):,1000,262,7665,14829,0,0,1,65980095314
Measurement_interval(ms):,1000,262,7665,14829,0,0,1,65981095341
Measurement_interval(ms):,1000,262,7665,14829,0,0,1,65982095297
Measurement_interval(ms):,1000,262,7665,14829,0,0,1,65983095308
Measurement_interval(ms):,1000,262,7665,14829,0,0,1,65984095312
Measurement_interval(ms):,1000,262,7665,14829,0,0,1,65985095303
Measurement_interval(ms):,1000,262,7665,14829,0,0,1,65986095295
Measurement_interval(ms):,1000,262,7703,14977,0,0,1,65987095297
Measurement_interval(ms):,1000,262,7703,14903,0,0,1,65988095310
Measurement_interval(ms):,1000,262,7703,14977,0,0,1,65989095317
Measurement_interval(ms):,1000,262,7703,14977,0,0,1,65990095304
Measurement_interval(ms):,1000,262,7703,14977,0,0,1,65991095327
Measurement_interval(ms):,1000,262,7703,14977,0,0,1,65992095338
Measurement_interval(ms):,1000,262,7703,14977,0,0,1,65993095320
Measurement_interval(ms):,1000,262,7703,14903,0,0,1,65994095334
Measurement_interval(ms):,1000,262,7703,14903,0,0,1,65995095305
Measurement_interval(ms):,1000,262,7703,14977,0,0,1,65996095313
Measurement_interval(ms):,1000,262,7703,14903,0,0,1,65997095335
Measurement_interval(ms):,1000,264,7703,14903,0,0,1,65998095418
Measurement_interval(ms):,1000,262,7703,14903,0,0,1,65999095319
Measurement_interval(ms):,1000,262,7703,14903,0,0,1,66000095301
Measurement_interval(ms):,1000,262,7703,14903,0,0,1,66001095316
