Measurement_interval(ms):,1000,0,0,0,0,0,1,141017641834
Measurement_interval(ms):,1000,0,0,0,0,0,1,141026009099
Measurement_interval(ms):,1000,0,0,0,0,0,1,141026009101
Measurement_interval(ms):,1000,0,0,0,0,0,1,141026009104
Measurement_interval(ms):,1000,0,0,0,0,0,1,141026009105
Measurement_interval(ms):,1000,0,0,0,0,0,1,141026009106
Measurement_interval(ms):,1000,0,0,0,0,0,1,141026009107
Measurement_interval(ms):,1000,0,0,0,0,0,1,141026009108
Measurement_interval(ms):,1000,0,0,0,0,0,1,141026009109
Measurement_interval(ms):,1000,0,0,0,0,0,1,141026009110
Measurement_interval(ms):,1000,0,0,0,0,0,1,141026009111
Measurement_interval(ms):,1000,109,0,0,0,0,1,141026159920
Measurement_interval(ms):,1000,840,0,0,0,0,1,141027159910
Measurement_interval(ms):,1000,840,0,0,0,0,1,141028159906
Measurement_interval(ms):,1000,840,0,0,0,0,1,141029159883
Measurement_interval(ms):,1000,840,41608,71229,0,0,1,141030159889
Measurement_interval(ms):,1000,840,41608,71229,0,0,1,141031159896
Measurement_interval(ms):,1000,840,41608,71229,0,0,1,141032159902
Measurement_interval(ms):,1000,840,41608,71229,0,0,1,141033159895
Measurement_interval(ms):,1000,840,41608,71229,0,0,1,141034159889
Measurement_interval(ms):,1000,840,41608,71229,0,0,1,141035159895
Measurement_interval(ms):,1000,840,41608,71229,0,0,1,141036159892
Measurement_interval(ms):,1000,840,41608,70867,0,0,1,141037159874
Measurement_interval(ms):,1000,840,41608,70867,0,0,1,141038159879
Measurement_interval(ms):,1000,840,41608,70867,0,0,1,141039159888
Measurement_interval(ms):,1000,840,41608,70867,0,0,1,141040159892
Measurement_interval(ms):,1000,840,41608,71229,0,0,1,141041159910
Measurement_interval(ms):,1000,840,41608,71229,0,0,1,141042159914
Measurement_interval(ms):,1000,840,41608,71229,0,0,1,141043159883
Measurement_interval(ms):,1000,840,41608,71229,0,0,1,141044159871
Measurement_interval(ms):,1000,840,41608,71229,0,0,1,141045159894
Measurement_interval(ms):,1000,840,41608,71229,0,0,1,141046159903
Measurement_interval(ms):,1000,840,41608,71229,0,0,1,141047159909
Measurement_interval(ms):,1000,865,41608,71229,0,0,1,141048159913
Measurement_interval(ms):,1000,840,41608,71229,0,0,1,141049159896
Measurement_interval(ms):,1000,840,41608,71229,0,0,1,141050159888
Measurement_interval(ms):,1000,840,41608,71229,0,0,1,141051159890
Measurement_interval(ms):,1000,840,41608,70867,0,0,1,141052159875
Measurement_interval(ms):,1000,840,41608,70867,0,0,1,141053159895
Measurement_interval(ms):,1000,875,41608,70867,0,0,1,141054160702
Measurement_interval(ms):,1000,840,41608,70867,0,0,1,141055159889
Measurement_interval(ms):,1000,840,41608,70867,0,0,1,141056159870
Measurement_interval(ms):,1000,840,41608,70867,0,0,1,141057159867
Measurement_interval(ms):,1000,840,41608,70867,0,0,1,141058159872
Measurement_interval(ms):,1000,865,41341,70867,0,0,1,141059159907
Measurement_interval(ms):,1000,840,41341,70867,0,0,1,141060159877
Measurement_interval(ms):,1000,840,41341,70867,0,0,1,141061159888
