Measurement_interval(ms):,1000,0,0,0,0,0,1,66156727025
Measurement_interval(ms):,1000,0,0,0,0,0,1,66161927496
Measurement_interval(ms):,1000,0,0,0,0,0,1,66161927498
Measurement_interval(ms):,1000,0,0,0,0,0,1,66161927501
Measurement_interval(ms):,1000,0,0,0,0,0,1,66161927501
Measurement_interval(ms):,1000,0,0,0,0,0,1,66161927503
Measurement_interval(ms):,1000,0,0,0,0,0,1,66161927504
Measurement_interval(ms):,1000,0,0,0,0,0,1,66161927551
Measurement_interval(ms):,1000,0,0,0,0,0,1,66161927552
Measurement_interval(ms):,1000,512,0,0,0,0,1,66162652196
Measurement_interval(ms):,1000,704,0,0,0,0,1,66163651493
Measurement_interval(ms):,1000,720,22347,44255,0,0,1,66164651450
Measurement_interval(ms):,1000,720,22347,44255,0,0,1,66165651481
Measurement_interval(ms):,1000,720,22347,44255,0,0,1,66166651467
Measurement_interval(ms):,1000,720,22347,44255,0,0,1,66167651455
Measurement_interval(ms):,1000,704,22347,44255,0,0,1,66168651470
Measurement_interval(ms):,1000,720,22347,44255,0,0,1,66169651493
Measurement_interval(ms):,1000,720,22347,44255,0,0,1,66170651485
Measurement_interval(ms):,1000,720,22347,44255,0,0,1,66171651469
Measurement_interval(ms):,1000,720,22347,44255,0,0,1,66172651488
Measurement_interval(ms):,1000,704,22347,44255,0,0,1,66173651495
Measurement_interval(ms):,1000,720,22347,44255,0,0,1,66174651469
Measurement_interval(ms):,1000,720,22347,44255,0,0,1,66175651471
Measurement_interval(ms):,1000,720,22347,44255,0,0,1,66176651489
Measurement_interval(ms):,1000,720,22347,44255,0,0,1,66177651498
Measurement_interval(ms):,1000,704,22347,44255,0,0,1,66178651477
Measurement_interval(ms):,1000,720,22347,44255,0,0,1,66179651475
Measurement_interval(ms):,1000,720,22347,44255,0,0,1,66180651472
Measurement_interval(ms):,1000,720,22347,44255,0,0,1,66181651494
Measurement_interval(ms):,1000,720,22347,44255,0,0,1,66182651475
Measurement_interval(ms):,1000,704,22347,44255,0,0,1,66183651499
Measurement_interval(ms):,1000,720,22347,44255,0,0,1,66184651467
Measurement_interval(ms):,1000,720,22347,44255,0,0,1,66185651494
Measurement_interval(ms):,1000,720,22347,44255,0,0,1,66186651465
Measurement_interval(ms):,1000,720,22347,44255,0,0,1,66187651487
Measurement_interval(ms):,1000,704,22347,44255,0,0,1,66188651505
Measurement_interval(ms):,1000,720,22347,44255,0,0,1,66189651511
Measurement_interval(ms):,1000,720,22347,44255,0,0,1,66190651505
Measurement_interval(ms):,1000,720,22347,44255,0,0,1,66191651462
Measurement_interval(ms):,1000,704,22347,44255,0,0,1,66192651489
