Measurement_interval(ms):,1000,0,0,0,0,0,1,66101742426
Measurement_interval(ms):,1000,0,0,0,0,0,1,66107935389
Measurement_interval(ms):,1000,0,0,0,0,0,1,66107935391
Measurement_interval(ms):,1000,0,0,0,0,0,1,66107935393
Measurement_interval(ms):,1000,0,0,0,0,0,1,66107935394
Measurement_interval(ms):,1000,0,0,0,0,0,1,66107935395
Measurement_interval(ms):,1000,0,0,0,0,0,1,66107935396
Measurement_interval(ms):,1000,0,0,0,0,0,1,66107935397
Measurement_interval(ms):,1000,0,0,0,0,0,1,66107935398
Measurement_interval(ms):,1000,208,0,0,0,0,1,66108279376
Measurement_interval(ms):,1000,616,0,0,0,0,1,66109279404
Measurement_interval(ms):,1000,616,12914,25429,0,0,1,66110279396
Measurement_interval(ms):,1000,624,12914,25429,0,0,1,66111279404
Measurement_interval(ms):,1000,616,12978,25429,0,0,1,66112279392
Measurement_interval(ms):,1000,624,12914,25429,0,0,1,66113279758
Measurement_interval(ms):,1000,616,12914,25429,0,0,1,66114279384
Measurement_interval(ms):,1000,616,12914,25429,0,0,1,66115279387
Measurement_interval(ms):,1000,616,12978,25429,0,0,1,66116279369
Measurement_interval(ms):,1000,624,12978,25429,0,0,1,66117279377
Measurement_interval(ms):,1000,616,12978,25429,0,0,1,66118279367
Measurement_interval(ms):,1000,616,12978,25429,0,0,1,66119279416
Measurement_interval(ms):,1000,624,12978,25429,0,0,1,66120279397
Measurement_interval(ms):,1000,616,12978,25556,0,0,1,66121279379
Measurement_interval(ms):,1000,616,12978,25556,0,0,1,66122279387
Measurement_interval(ms):,1000,624,12978,25556,0,0,1,66123279376
Measurement_interval(ms):,1000,616,12978,25556,0,0,1,66124279399
Measurement_interval(ms):,1000,616,12978,25556,0,0,1,66125279392
Measurement_interval(ms):,1000,624,12978,25556,0,0,1,66126279376
Measurement_interval(ms):,1000,616,12978,25556,0,0,1,66127279402
Measurement_interval(ms):,1000,624,12978,25556,0,0,1,66128279461
Measurement_interval(ms):,1000,616,12978,25556,0,0,1,66129279386
Measurement_interval(ms):,1000,616,12978,25556,0,0,1,66130279357
Measurement_interval(ms):,1000,616,12978,25556,0,0,1,66131279363
Measurement_interval(ms):,1000,616,12978,25556,0,0,1,66132279397
Measurement_interval(ms):,1000,624,12978,25556,0,0,1,66133279401
Measurement_interval(ms):,1000,616,12978,25556,0,0,1,66134279369
Measurement_interval(ms):,1000,616,12978,25556,0,0,1,66135279370
Measurement_interval(ms):,1000,624,12978,25556,0,0,1,66136279382
Measurement_interval(ms):,1000,616,12978,25556,0,0,1,66137279366
Measurement_interval(ms):,1000,616,12978,25556,0,0,1,66138279372
