Measurement_interval(ms):,1000,0,0,0,0,0,1,574177499259
Measurement_interval(ms):,1000,0,0,0,0,0,1,574180196214
Measurement_interval(ms):,1000,0,0,0,0,0,1,574180196215
Measurement_interval(ms):,1000,0,0,0,0,0,1,574180196218
Measurement_interval(ms):,1000,0,0,0,0,0,1,574180196219
Measurement_interval(ms):,1000,0,0,0,0,0,1,574180196221
Measurement_interval(ms):,1000,0,0,0,0,0,1,574180196222
Measurement_interval(ms):,1000,0,0,0,0,0,1,574181770804
Measurement_interval(ms):,1000,1,0,0,0,0,1,574182415270
Measurement_interval(ms):,1000,94,0,0,0,0,1,574183008540
Measurement_interval(ms):,1000,160,6617,12451,0,0,1,574184008528
Measurement_interval(ms):,1000,160,6617,12451,0,0,1,574185008520
Measurement_interval(ms):,1000,161,6617,12451,0,0,1,574186008681
Measurement_interval(ms):,1000,160,6617,12451,0,0,1,574187008508
Measurement_interval(ms):,1000,160,6617,12451,0,0,1,574188008533
Measurement_interval(ms):,1000,161,6617,12451,0,0,1,574189009080
Measurement_interval(ms):,1000,160,6583,12451,0,0,1,574190008504
Measurement_interval(ms):,1000,160,6549,12451,0,0,1,574191008508
Measurement_interval(ms):,1000,161,6549,12451,0,0,1,574192008525
Measurement_interval(ms):,1000,161,6549,12386,0,0,1,574193008926
Measurement_interval(ms):,1000,160,6277,11931,0,0,1,574194008552
Measurement_interval(ms):,1000,161,6277,11931,0,0,1,574195008525
Measurement_interval(ms):,1000,160,6277,11931,0,0,1,574196008545
Measurement_interval(ms):,1000,161,6277,11931,0,0,1,574197009008
Measurement_interval(ms):,1000,160,6277,11931,0,0,1,574198008520
Measurement_interval(ms):,1000,160,6277,11931,0,0,1,574199008552
Measurement_interval(ms):,1000,161,6277,11931,0,0,1,574200008749
Measurement_interval(ms):,1000,160,6277,11931,0,0,1,574201008540
Measurement_interval(ms):,1000,161,6277,11931,0,0,1,574202008538
Measurement_interval(ms):,1000,160,6277,11931,0,0,1,574203008547
Measurement_interval(ms):,1000,161,6277,11931,0,0,1,574204008528
Measurement_interval(ms):,1000,160,6277,11931,0,0,1,574205008535
Measurement_interval(ms):,1000,161,6277,11931,0,0,1,574206008633
Measurement_interval(ms):,1000,161,6277,11931,0,0,1,574207008914
Measurement_interval(ms):,1000,160,6277,11931,0,0,1,574208008541
Measurement_interval(ms):,1000,161,6277,11931,0,0,1,574209008529
Measurement_interval(ms):,1000,161,6277,11931,0,0,1,574210009114
Measurement_interval(ms):,1000,160,6277,11931,0,0,1,574211008557
Measurement_interval(ms):,1000,161,6277,11931,0,0,1,574212008923
Measurement_interval(ms):,1000,160,6277,11931,0,0,1,574213008518
