Measurement_interval(ms):,1000,0,0,0,0,0,1,574870707382
Measurement_interval(ms):,1000,0,0,0,0,0,1,574872617912
Measurement_interval(ms):,1000,0,0,0,0,0,1,574872617913
Measurement_interval(ms):,1000,0,0,0,0,0,1,574872617916
Measurement_interval(ms):,1000,0,0,0,0,0,1,574872617917
Measurement_interval(ms):,1000,0,0,0,0,0,1,574872617918
Measurement_interval(ms):,1000,0,0,0,0,0,1,574874196054
Measurement_interval(ms):,1000,2,0,0,0,0,1,574874839432
Measurement_interval(ms):,1000,106,0,0,0,0,1,574875377350
Measurement_interval(ms):,1000,198,10439,20072,0,0,1,574876377365
Measurement_interval(ms):,1000,198,10386,20072,0,0,1,574877377336
Measurement_interval(ms):,1000,198,10386,19970,0,0,1,574878377383
Measurement_interval(ms):,1000,198,10386,19970,0,0,1,574879377383
Measurement_interval(ms):,1000,198,10386,19970,0,0,1,574880377367
Measurement_interval(ms):,1000,198,10386,19970,0,0,1,574881377379
Measurement_interval(ms):,1000,198,10386,19970,0,0,1,574882377776
Measurement_interval(ms):,1000,196,10280,19868,0,0,1,574883377391
Measurement_interval(ms):,1000,198,10280,19868,0,0,1,574884377384
Measurement_interval(ms):,1000,198,10280,19766,0,0,1,574885377368
Measurement_interval(ms):,1000,198,10280,19766,0,0,1,574886377364
Measurement_interval(ms):,1000,198,10280,19868,0,0,1,574887377352
Measurement_interval(ms):,1000,198,10280,19868,0,0,1,574888377348
Measurement_interval(ms):,1000,198,10280,19868,0,0,1,574889377382
Measurement_interval(ms):,1000,198,10280,19868,0,0,1,574890377396
Measurement_interval(ms):,1000,198,10280,19868,0,0,1,574891377383
Measurement_interval(ms):,1000,198,10280,19868,0,0,1,574892377727
Measurement_interval(ms):,1000,196,10280,19868,0,0,1,574893377390
Measurement_interval(ms):,1000,198,10280,19868,0,0,1,574894377355
Measurement_interval(ms):,1000,198,10280,19868,0,0,1,574895377404
Measurement_interval(ms):,1000,198,10280,19766,0,0,1,574896377377
Measurement_interval(ms):,1000,198,10280,19766,0,0,1,574897377409
Measurement_interval(ms):,1000,198,10280,19766,0,0,1,574898377362
Measurement_interval(ms):,1000,198,10280,19766,0,0,1,574899377401
Measurement_interval(ms):,1000,198,10280,19766,0,0,1,574900377397
Measurement_interval(ms):,1000,198,10280,19766,0,0,1,574901377390
Measurement_interval(ms):,1000,198,10227,19766,0,0,1,574902377373
Measurement_interval(ms):,1000,198,10227,19766,0,0,1,574903377399
Measurement_interval(ms):,1000,198,10227,19766,0,0,1,574904377368
Measurement_interval(ms):,1000,198,10227,19766,0,0,1,574905377913
