Measurement_interval(ms):,1000,0,0,0,0,0,1,575873358242
Measurement_interval(ms):,1000,0,0,0,0,0,1,575878935871
Measurement_interval(ms):,1000,0,0,0,0,0,1,575878935874
Measurement_interval(ms):,1000,0,0,0,0,0,1,575878935877
Measurement_interval(ms):,1000,0,0,0,0,0,1,575878935878
Measurement_interval(ms):,1000,0,0,0,0,0,1,575878935880
Measurement_interval(ms):,1000,0,0,0,0,0,1,575878935881
Measurement_interval(ms):,1000,0,0,0,0,0,1,575880533345
Measurement_interval(ms):,1000,0,0,0,0,0,1,575880533348
Measurement_interval(ms):,1000,32,0,0,0,0,1,575881335245
Measurement_interval(ms):,1000,232,0,0,0,0,1,575882335229
Measurement_interval(ms):,1000,228,17627,34922,0,0,1,575883335229
Measurement_interval(ms):,1000,228,17627,34922,0,0,1,575884335197
Measurement_interval(ms):,1000,232,17627,34391,0,0,1,575885335208
Measurement_interval(ms):,1000,228,17627,34391,0,0,1,575886335225
Measurement_interval(ms):,1000,232,17539,34391,0,0,1,575887335205
Measurement_interval(ms):,1000,228,17627,34568,0,0,1,575888335212
Measurement_interval(ms):,1000,228,17627,34568,0,0,1,575889335203
Measurement_interval(ms):,1000,232,17627,34568,0,0,1,575890335217
Measurement_interval(ms):,1000,228,17627,34568,0,0,1,575891335196
Measurement_interval(ms):,1000,228,17715,34568,0,0,1,575892335205
Measurement_interval(ms):,1000,232,17715,34568,0,0,1,575893335219
Measurement_interval(ms):,1000,228,17715,34568,0,0,1,575894335221
Measurement_interval(ms):,1000,232,17627,34568,0,0,1,575895335191
Measurement_interval(ms):,1000,228,17627,34568,0,0,1,575896335202
Measurement_interval(ms):,1000,232,17627,34568,0,0,1,575897335657
Measurement_interval(ms):,1000,228,17627,34568,0,0,1,575898335226
Measurement_interval(ms):,1000,228,17627,34568,0,0,1,575899335201
Measurement_interval(ms):,1000,232,17627,34568,0,0,1,575900335201
Measurement_interval(ms):,1000,228,17627,34568,0,0,1,575901335226
Measurement_interval(ms):,1000,232,17627,34568,0,0,1,575902335230
Measurement_interval(ms):,1000,228,17627,34568,0,0,1,575903335240
Measurement_interval(ms):,1000,232,17627,34568,0,0,1,575904335280
Measurement_interval(ms):,1000,228,17627,34568,0,0,1,575905335214
Measurement_interval(ms):,1000,228,17627,34568,0,0,1,575906335224
Measurement_interval(ms):,1000,232,17627,34568,0,0,1,575907335226
Measurement_interval(ms):,1000,228,17627,34568,0,0,1,575908335204
Measurement_interval(ms):,1000,232,17627,34568,0,0,1,575909335813
Measurement_interval(ms):,1000,228,17627,34568,0,0,1,575910335222
Measurement_interval(ms):,1000,228,17627,34568,0,0,1,575911335206
Measurement_interval(ms):,1000,232,17627,34568,0,0,1,575912335228
Measurement_interval(ms):,1000,228,17627,34568,0,0,1,575913335237
Measurement_interval(ms):,1000,232,17627,34568,0,0,1,575914335204
Measurement_interval(ms):,1000,228,17627,34568,0,0,1,575915335230
Measurement_interval(ms):,1000,232,17627,34568,0,0,1,575916335523
Measurement_interval(ms):,1000,228,17627,34568,0,0,1,575917335555
Measurement_interval(ms):,1000,228,17627,34568,0,0,1,575918335202
Measurement_interval(ms):,1000,232,17627,34568,0,0,1,575919335224
Measurement_interval(ms):,1000,228,17627,34568,0,0,1,575920335223
Measurement_interval(ms):,1000,232,17627,34568,0,0,1,575921335227
Measurement_interval(ms):,1000,228,17627,34568,0,0,1,575922335189
Measurement_interval(ms):,1000,232,17627,34568,0,0,1,575923335792
