Measurement_interval(ms):,1000,0,0,0,0,0,1,585557743266
Measurement_interval(ms):,1000,0,0,0,0,0,1,585565325027
Measurement_interval(ms):,1000,0,0,0,0,0,1,585565325029
Measurement_interval(ms):,1000,0,0,0,0,0,1,585565325032
Measurement_interval(ms):,1000,0,0,0,0,0,1,585565325033
Measurement_interval(ms):,1000,0,0,0,0,0,1,585565325034
Measurement_interval(ms):,1000,0,0,0,0,0,1,585565325034
Measurement_interval(ms):,1000,0,0,0,0,0,1,585565325082
Measurement_interval(ms):,1000,0,0,0,0,0,1,585565325083
Measurement_interval(ms):,1000,0,0,0,0,0,1,585565325085
Measurement_interval(ms):,1000,0,0,0,0,0,1,585567069186
Measurement_interval(ms):,1000,32,0,0,0,0,1,585568315873
Measurement_interval(ms):,1000,0,0,0,0,0,1,585568315876
Measurement_interval(ms):,1000,448,0,0,0,0,1,585569293338
Measurement_interval(ms):,1000,448,0,0,0,0,1,585570293308
Measurement_interval(ms):,1000,448,0,0,0,0,1,585571293331
Measurement_interval(ms):,1000,448,0,0,0,0,1,585572293329
Measurement_interval(ms):,1000,416,0,0,0,0,1,585573293333
Measurement_interval(ms):,1000,448,0,0,0,0,1,585574293327
Measurement_interval(ms):,1000,448,0,0,0,0,1,585575293306
Measurement_interval(ms):,1000,448,70264,140840,0,0,1,585576293290
Measurement_interval(ms):,1000,448,70264,140840,0,0,1,585577293286
Measurement_interval(ms):,1000,448,70264,140840,0,0,1,585578293286
Measurement_interval(ms):,1000,448,70264,140840,0,0,1,585579293295
Measurement_interval(ms):,1000,448,70264,140840,0,0,1,585580293294
Measurement_interval(ms):,1000,416,70264,140840,0,0,1,585581293309
Measurement_interval(ms):,1000,448,70264,140840,0,0,1,585582293300
Measurement_interval(ms):,1000,448,70264,140840,0,0,1,585583293305
Measurement_interval(ms):,1000,448,70615,141545,0,0,1,585584293308
Measurement_interval(ms):,1000,448,70615,141545,0,0,1,585585293293
Measurement_interval(ms):,1000,448,70615,141545,0,0,1,585586293306
Measurement_interval(ms):,1000,448,70615,141545,0,0,1,585587293300
Measurement_interval(ms):,1000,416,70615,141545,0,0,1,585588293289
Measurement_interval(ms):,1000,448,70615,141545,0,0,1,585589293295
Measurement_interval(ms):,1000,448,70615,141545,0,0,1,585590293288
Measurement_interval(ms):,1000,448,70615,141545,0,0,1,585591293289
Measurement_interval(ms):,1000,448,70615,141545,0,0,1,585592293327
Measurement_interval(ms):,1000,448,70615,141545,0,0,1,585593293305
Measurement_interval(ms):,1000,448,70615,141545,0,0,1,585594293325
Measurement_interval(ms):,1000,416,70615,141545,0,0,1,585595293308
Measurement_interval(ms):,1000,448,70615,141545,0,0,1,585596293314
Measurement_interval(ms):,1000,448,70615,141545,0,0,1,585597293329
Measurement_interval(ms):,1000,448,70615,141545,0,0,1,585598293284
Measurement_interval(ms):,1000,448,70615,141545,0,0,1,585599293311
Measurement_interval(ms):,1000,448,70615,141545,0,0,1,585600293304
Measurement_interval(ms):,1000,448,70615,141545,0,0,1,585601293300
Measurement_interval(ms):,1000,448,70615,141545,0,0,1,585602293304
Measurement_interval(ms):,1000,416,70615,141545,0,0,1,585603293296
Measurement_interval(ms):,1000,448,70615,141545,0,0,1,585604293300
Measurement_interval(ms):,1000,448,70615,141545,0,0,1,585605293322
