Measurement_interval(ms):,1000,0,0,0,0,0,1,584650571044
Measurement_interval(ms):,1000,0,0,0,0,0,1,584656459916
Measurement_interval(ms):,1000,0,0,0,0,0,1,584656459918
Measurement_interval(ms):,1000,0,0,0,0,0,1,584656459921
Measurement_interval(ms):,1000,0,0,0,0,0,1,584656459922
Measurement_interval(ms):,1000,0,0,0,0,0,1,584656459924
Measurement_interval(ms):,1000,0,0,0,0,0,1,584656459925
Measurement_interval(ms):,1000,0,0,0,0,0,1,584656459926
Measurement_interval(ms):,1000,0,0,0,0,0,1,584656459927
Measurement_interval(ms):,1000,0,0,0,0,0,1,584656459970
Measurement_interval(ms):,1000,0,0,0,0,0,1,584658134545
Measurement_interval(ms):,1000,0,0,0,0,0,1,584658134549
Measurement_interval(ms):,1000,16,0,0,0,0,1,584659174735
Measurement_interval(ms):,1000,304,0,0,0,0,1,584659881191
Measurement_interval(ms):,1000,448,0,0,0,0,1,584660881193
Measurement_interval(ms):,1000,432,0,0,0,0,1,584661881177
Measurement_interval(ms):,1000,432,0,0,0,0,1,584662881183
Measurement_interval(ms):,1000,432,36820,72622,0,0,1,584663881179
Measurement_interval(ms):,1000,432,36820,72622,0,0,1,584664881174
Measurement_interval(ms):,1000,448,36820,72622,0,0,1,584665881218
Measurement_interval(ms):,1000,432,36820,72986,0,0,1,584666881207
Measurement_interval(ms):,1000,432,36820,72986,0,0,1,584667881199
Measurement_interval(ms):,1000,432,36820,72986,0,0,1,584668881191
Measurement_interval(ms):,1000,432,36820,72986,0,0,1,584669881203
Measurement_interval(ms):,1000,448,36820,72986,0,0,1,584670881206
Measurement_interval(ms):,1000,432,36820,72986,0,0,1,584671881203
Measurement_interval(ms):,1000,432,36820,72986,0,0,1,584672881184
Measurement_interval(ms):,1000,432,36820,72986,0,0,1,584673881198
Measurement_interval(ms):,1000,448,36820,72986,0,0,1,584674881219
Measurement_interval(ms):,1000,432,36820,72986,0,0,1,584675881221
Measurement_interval(ms):,1000,432,36820,72986,0,0,1,584676881219
Measurement_interval(ms):,1000,432,36820,72986,0,0,1,584677881183
Measurement_interval(ms):,1000,432,36820,72986,0,0,1,584678881178
Measurement_interval(ms):,1000,448,36820,72986,0,0,1,584679881373
Measurement_interval(ms):,1000,432,36820,72986,0,0,1,584680881183
Measurement_interval(ms):,1000,432,36820,72986,0,0,1,584681881199
Measurement_interval(ms):,1000,432,36820,72986,0,0,1,584682881198
Measurement_interval(ms):,1000,432,36820,72986,0,0,1,584683881182
Measurement_interval(ms):,1000,432,36820,72986,0,0,1,584684881227
Measurement_interval(ms):,1000,432,36820,72986,0,0,1,584685881179
Measurement_interval(ms):,1000,448,36820,72986,0,0,1,584686881556
Measurement_interval(ms):,1000,432,36820,72986,0,0,1,584687881222
Measurement_interval(ms):,1000,432,36820,72986,0,0,1,584688881196
Measurement_interval(ms):,1000,432,36820,72986,0,0,1,584689881189
Measurement_interval(ms):,1000,432,36820,72986,0,0,1,584690881198
Measurement_interval(ms):,1000,432,36820,72986,0,0,1,584691881181
Measurement_interval(ms):,1000,448,36820,72986,0,0,1,584692881185
