Measurement_interval(ms):,1000,0,0,0,0,0,1,490203390716
Measurement_interval(ms):,1000,0,0,0,0,0,1,490210107562
Measurement_interval(ms):,1000,0,0,0,0,0,1,490210107566
Measurement_interval(ms):,1000,0,0,0,0,0,1,490210107569
Measurement_interval(ms):,1000,0,0,0,0,0,1,490210107570
Measurement_interval(ms):,1000,0,0,0,0,0,1,490210107572
Measurement_interval(ms):,1000,0,0,0,0,0,1,490210107572
Measurement_interval(ms):,1000,0,0,0,0,0,1,490210107574
Measurement_interval(ms):,1000,0,0,0,0,0,1,490210107574
Measurement_interval(ms):,1000,0,0,0,0,0,1,490211909072
Measurement_interval(ms):,1000,0,0,0,0,0,1,490211909083
Measurement_interval(ms):,1000,32,0,0,0,0,1,490213528864
Measurement_interval(ms):,1000,96,0,0,0,0,1,490213807834
Measurement_interval(ms):,1000,256,0,0,0,0,1,490214807791
Measurement_interval(ms):,1000,288,0,0,0,0,1,490215807839
Measurement_interval(ms):,1000,288,0,0,0,0,1,490216807808
Measurement_interval(ms):,1000,256,0,0,0,0,1,490217807799
Measurement_interval(ms):,1000,288,0,0,0,0,1,490218807808
Measurement_interval(ms):,1000,288,0,0,0,0,1,490219807830
Measurement_interval(ms):,1000,288,0,0,0,0,1,490220807791
Measurement_interval(ms):,1000,256,0,0,0,0,1,490221807818
Measurement_interval(ms):,1000,288,0,0,0,0,1,490222807817
Measurement_interval(ms):,1000,288,0,0,0,0,1,490223809812
Measurement_interval(ms):,1000,256,0,0,0,0,1,490224807799
Measurement_interval(ms):,1000,288,0,0,0,0,1,490225807811
Measurement_interval(ms):,1000,288,115187,228057,0,0,1,490226808690
Measurement_interval(ms):,1000,256,115187,228057,0,0,1,490227807803
Measurement_interval(ms):,1000,288,115187,228057,0,0,1,490228807788
Measurement_interval(ms):,1000,288,115187,228057,0,0,1,490229807809
Measurement_interval(ms):,1000,256,115187,228057,0,0,1,490230807810
Measurement_interval(ms):,1000,288,115187,228057,0,0,1,490231807799
Measurement_interval(ms):,1000,288,115187,228057,0,0,1,490232807807
Measurement_interval(ms):,1000,256,115187,228057,0,0,1,490233807802
Measurement_interval(ms):,1000,288,115187,228057,0,0,1,490234807820
Measurement_interval(ms):,1000,288,115187,228057,0,0,1,490235807785
Measurement_interval(ms):,1000,256,115187,228057,0,0,1,490236807795
Measurement_interval(ms):,1000,288,114606,228057,0,0,1,490237807790
Measurement_interval(ms):,1000,288,114606,228057,0,0,1,490238807828
Measurement_interval(ms):,1000,256,114606,228057,0,0,1,490239807831
Measurement_interval(ms):,1000,288,114606,228057,0,0,1,490240807784
Measurement_interval(ms):,1000,288,114606,228057,0,0,1,490241807821
Measurement_interval(ms):,1000,256,114606,228057,0,0,1,490242807784
Measurement_interval(ms):,1000,288,114606,228057,0,0,1,490243807820
Measurement_interval(ms):,1000,288,114606,228057,0,0,1,490244807784
Measurement_interval(ms):,1000,256,114606,228057,0,0,1,490245807796
Measurement_interval(ms):,1000,288,114606,228057,0,0,1,490246807812
Measurement_interval(ms):,1000,288,114606,228057,0,0,1,490247807794
Measurement_interval(ms):,1000,256,114606,228057,0,0,1,490248807801
Measurement_interval(ms):,1000,288,114606,228057,0,0,1,490249807785
