Measurement_interval(ms):,1000,0,0,0,0,0,1,488856443513
Measurement_interval(ms):,1000,0,0,0,0,0,1,488859808968
Measurement_interval(ms):,1000,0,0,0,0,0,1,488859808970
Measurement_interval(ms):,1000,0,0,0,0,0,1,488859808973
Measurement_interval(ms):,1000,0,0,0,0,0,1,488859808974
Measurement_interval(ms):,1000,0,0,0,0,0,1,488861495721
Measurement_interval(ms):,1000,0,0,0,0,0,1,488861495733
Measurement_interval(ms):,1000,8,0,0,0,0,1,488862383676
Measurement_interval(ms):,1000,192,0,0,0,0,1,488863204362
Measurement_interval(ms):,1000,232,0,0,0,0,1,488864204366
Measurement_interval(ms):,1000,224,0,0,0,0,1,488865204369
Measurement_interval(ms):,1000,232,34926,67887,0,0,1,488866204373
Measurement_interval(ms):,1000,232,34926,67887,0,0,1,488867204338
Measurement_interval(ms):,1000,232,34926,67887,0,0,1,488868204378
Measurement_interval(ms):,1000,224,34926,67887,0,0,1,488869204377
Measurement_interval(ms):,1000,232,34926,67887,0,0,1,488870204375
Measurement_interval(ms):,1000,232,34926,67887,0,0,1,488871204357
Measurement_interval(ms):,1000,232,34926,67887,0,0,1,488872204905
Measurement_interval(ms):,1000,224,34926,67887,0,0,1,488873204373
Measurement_interval(ms):,1000,232,34926,67887,0,0,1,488874204383
Measurement_interval(ms):,1000,232,34926,67887,0,0,1,488875204349
Measurement_interval(ms):,1000,224,34926,67887,0,0,1,488876204387
Measurement_interval(ms):,1000,232,34926,67887,0,0,1,488877204355
Measurement_interval(ms):,1000,232,34926,67887,0,0,1,488878204374
Measurement_interval(ms):,1000,232,34926,67887,0,0,1,488879204365
Measurement_interval(ms):,1000,224,34926,67887,0,0,1,488880204355
Measurement_interval(ms):,1000,232,34926,67887,0,0,1,488881204365
Measurement_interval(ms):,1000,232,34926,67887,0,0,1,488882204358
Measurement_interval(ms):,1000,224,34926,67887,0,0,1,488883204377
Measurement_interval(ms):,1000,232,34926,67887,0,0,1,488884204355
Measurement_interval(ms):,1000,232,34926,67887,0,0,1,488885204362
Measurement_interval(ms):,1000,232,34926,67887,0,0,1,488886204388
Measurement_interval(ms):,1000,224,34926,67887,0,0,1,488887204349
Measurement_interval(ms):,1000,232,34926,67887,0,0,1,488888204368
Measurement_interval(ms):,1000,232,34926,67887,0,0,1,488889204374
Measurement_interval(ms):,1000,224,34926,67887,0,0,1,488890204356
Measurement_interval(ms):,1000,232,34926,67887,0,0,1,488891204342
Measurement_interval(ms):,1000,232,34926,67887,0,0,1,488892204365
Measurement_interval(ms):,1000,224,34926,67887,0,0,1,488893204341
Measurement_interval(ms):,1000,232,34926,67887,0,0,1,488894204354
Measurement_interval(ms):,1000,232,34926,67887,0,0,1,488895204355
Measurement_interval(ms):,1000,232,34926,67887,0,0,1,488896204376
