Measurement_interval(ms):,1000,0,0,0,0,0,1,488602694795
Measurement_interval(ms):,1000,0,0,0,0,0,1,488602694797
Measurement_interval(ms):,1000,0,0,0,0,0,1,488602694800
Measurement_interval(ms):,1000,0,0,0,0,0,1,488602694801
Measurement_interval(ms):,1000,0,0,0,0,0,1,488602694803
Measurement_interval(ms):,1000,0,0,0,0,0,1,488604350941
Measurement_interval(ms):,1000,4,0,0,0,0,1,488605171521
Measurement_interval(ms):,1000,108,0,0,0,0,1,488605675803
Measurement_interval(ms):,1000,208,0,0,0,0,1,488606675847
Measurement_interval(ms):,1000,212,19432,36759,0,0,1,488607675822
Measurement_interval(ms):,1000,212,19432,36759,0,0,1,488608675809
Measurement_interval(ms):,1000,208,19234,36572,0,0,1,488609675823
Measurement_interval(ms):,1000,212,19234,36572,0,0,1,488610675831
Measurement_interval(ms):,1000,212,19135,36198,0,0,1,488611675814
Measurement_interval(ms):,1000,208,19135,36198,0,0,1,488612675830
Measurement_interval(ms):,1000,212,19135,36198,0,0,1,488613675837
Measurement_interval(ms):,1000,212,19135,36198,0,0,1,488614675800
Measurement_interval(ms):,1000,208,19135,36198,0,0,1,488615675851
Measurement_interval(ms):,1000,212,19135,36198,0,0,1,488616675801
Measurement_interval(ms):,1000,212,19135,36198,0,0,1,488617675814
Measurement_interval(ms):,1000,208,19135,36198,0,0,1,488618675828
Measurement_interval(ms):,1000,212,19135,36198,0,0,1,488619675822
Measurement_interval(ms):,1000,212,19135,36198,0,0,1,488620675837
Measurement_interval(ms):,1000,212,19135,36198,0,0,1,488621677461
Measurement_interval(ms):,1000,208,19135,36198,0,0,1,488622675804
Measurement_interval(ms):,1000,212,19135,36198,0,0,1,488623675799
Measurement_interval(ms):,1000,212,19135,36198,0,0,1,488624676900
Measurement_interval(ms):,1000,208,19135,36198,0,0,1,488625675802
Measurement_interval(ms):,1000,212,19135,36198,0,0,1,488626675804
Measurement_interval(ms):,1000,212,19135,36198,0,0,1,488627677312
Measurement_interval(ms):,1000,208,19135,36198,0,0,1,488628675849
Measurement_interval(ms):,1000,212,19135,36198,0,0,1,488629675830
Measurement_interval(ms):,1000,208,19135,36198,0,0,1,488630675844
Measurement_interval(ms):,1000,212,19135,36198,0,0,1,488631675799
Measurement_interval(ms):,1000,212,19135,36198,0,0,1,488632675812
Measurement_interval(ms):,1000,208,19135,36198,0,0,1,488633675846
Measurement_interval(ms):,1000,212,19135,36198,0,0,1,488634675846
