Measurement_interval(ms):,1000,0,0,0,0,0,1,486184623147
Measurement_interval(ms):,1000,0,0,0,0,0,1,486184623149
Measurement_interval(ms):,1000,0,0,0,0,0,1,486184623152
Measurement_interval(ms):,1000,0,0,0,0,0,1,486184623152
Measurement_interval(ms):,1000,0,0,0,0,0,1,486186258411
Measurement_interval(ms):,1000,0,0,0,0,0,1,486186258421
Measurement_interval(ms):,1000,12,0,0,0,0,1,486187078339
Measurement_interval(ms):,1000,182,0,0,0,0,1,486188078354
Measurement_interval(ms):,1000,184,11307,20499,0,0,1,486189078380
Measurement_interval(ms):,1000,184,11307,20499,0,0,1,486190078332
Measurement_interval(ms):,1000,184,11307,20499,0,0,1,486191078371
Measurement_interval(ms):,1000,184,11307,20499,0,0,1,486192078333
Measurement_interval(ms):,1000,184,11307,20499,0,0,1,486193078367
Measurement_interval(ms):,1000,184,11307,20499,0,0,1,486194078342
Measurement_interval(ms):,1000,184,11307,20394,0,0,1,486195078350
Measurement_interval(ms):,1000,184,11307,20394,0,0,1,486196078371
Measurement_interval(ms):,1000,184,11307,20394,0,0,1,486197078341
Measurement_interval(ms):,1000,184,11307,20394,0,0,1,486198078345
Measurement_interval(ms):,1000,184,11307,20394,0,0,1,486199078380
Measurement_interval(ms):,1000,184,11249,20394,0,0,1,486200078347
Measurement_interval(ms):,1000,184,11017,20079,0,0,1,486201078364
Measurement_interval(ms):,1000,184,11017,20079,0,0,1,486202078331
Measurement_interval(ms):,1000,184,11017,20079,0,0,1,486203078357
Measurement_interval(ms):,1000,184,11017,19974,0,0,1,486204078347
Measurement_interval(ms):,1000,184,11017,19974,0,0,1,486205078351
Measurement_interval(ms):,1000,184,10959,19974,0,0,1,486206079260
Measurement_interval(ms):,1000,184,10959,19974,0,0,1,486207079917
Measurement_interval(ms):,1000,182,11017,19974,0,0,1,486208078378
Measurement_interval(ms):,1000,184,11017,19974,0,0,1,486209078365
Measurement_interval(ms):,1000,184,10959,19974,0,0,1,486210078346
Measurement_interval(ms):,1000,184,10959,19974,0,0,1,486211078365
Measurement_interval(ms):,1000,184,10959,19974,0,0,1,486212078353
Measurement_interval(ms):,1000,184,10959,19974,0,0,1,486213078353
Measurement_interval(ms):,1000,184,10959,19974,0,0,1,486214078365
Measurement_interval(ms):,1000,184,10959,19974,0,0,1,486215078371
Measurement_interval(ms):,1000,184,10959,19974,0,0,1,486216078331
Measurement_interval(ms):,1000,184,10959,19974,0,0,1,486217078349
Measurement_interval(ms):,1000,184,10959,19974,0,0,1,486218078358
