Measurement_interval(ms):,1000,0,0,0,0,0,1,489897397813
Measurement_interval(ms):,1000,0,0,0,0,0,1,489903837639
Measurement_interval(ms):,1000,0,0,0,0,0,1,489903837640
Measurement_interval(ms):,1000,0,0,0,0,0,1,489903837643
Measurement_interval(ms):,1000,0,0,0,0,0,1,489903837644
Measurement_interval(ms):,1000,0,0,0,0,0,1,489903837645
Measurement_interval(ms):,1000,0,0,0,0,0,1,489903837646
Measurement_interval(ms):,1000,0,0,0,0,0,1,489905587458
Measurement_interval(ms):,1000,0,0,0,0,0,1,489905587469
Measurement_interval(ms):,1000,16,0,0,0,0,1,489906743454
Measurement_interval(ms):,1000,176,0,0,0,0,1,489907383314
Measurement_interval(ms):,1000,256,0,0,0,0,1,489908383334
Measurement_interval(ms):,1000,256,0,0,0,0,1,489909383346
Measurement_interval(ms):,1000,272,0,0,0,0,1,489910383330
Measurement_interval(ms):,1000,256,0,0,0,0,1,489911383350
Measurement_interval(ms):,1000,256,0,0,0,0,1,489912383309
Measurement_interval(ms):,1000,272,61595,121292,0,0,1,489913383323
Measurement_interval(ms):,1000,256,61595,121292,0,0,1,489914383315
Measurement_interval(ms):,1000,256,61595,121292,0,0,1,489915383325
Measurement_interval(ms):,1000,272,61595,121292,0,0,1,489916383312
Measurement_interval(ms):,1000,256,61595,121292,0,0,1,489917383312
Measurement_interval(ms):,1000,256,61595,121292,0,0,1,489918383331
Measurement_interval(ms):,1000,272,61595,121292,0,0,1,489919383866
Measurement_interval(ms):,1000,256,61595,121292,0,0,1,489920383338
Measurement_interval(ms):,1000,256,61595,121292,0,0,1,489921383327
Measurement_interval(ms):,1000,256,61595,121292,0,0,1,489922383325
Measurement_interval(ms):,1000,272,61595,121292,0,0,1,489923383298
Measurement_interval(ms):,1000,256,61595,121292,0,0,1,489924383319
Measurement_interval(ms):,1000,256,61595,121292,0,0,1,489925383312
Measurement_interval(ms):,1000,272,61595,121292,0,0,1,489926383328
Measurement_interval(ms):,1000,256,61595,121292,0,0,1,489927383311
Measurement_interval(ms):,1000,256,61595,121292,0,0,1,489928383335
Measurement_interval(ms):,1000,272,61595,121292,0,0,1,489929383305
Measurement_interval(ms):,1000,256,61595,121292,0,0,1,489930383307
Measurement_interval(ms):,1000,256,61595,121292,0,0,1,489931383334
Measurement_interval(ms):,1000,272,61595,121292,0,0,1,489932383454
Measurement_interval(ms):,1000,256,61595,121292,0,0,1,489933383318
Measurement_interval(ms):,1000,256,61595,121292,0,0,1,489934383335
Measurement_interval(ms):,1000,256,61595,121292,0,0,1,489935383344
Measurement_interval(ms):,1000,272,61595,121292,0,0,1,489936383329
Measurement_interval(ms):,1000,256,61595,121292,0,0,1,489937383308
Measurement_interval(ms):,1000,256,61595,121292,0,0,1,489938383335
Measurement_interval(ms):,1000,272,61595,121292,0,0,1,489939383324
Measurement_interval(ms):,1000,256,61595,121292,0,0,1,489940383305
Measurement_interval(ms):,1000,256,61595,121292,0,0,1,489941383319
Measurement_interval(ms):,1000,272,61595,121292,0,0,1,489942383338
Measurement_interval(ms):,1000,256,61595,121292,0,0,1,489943383293
Measurement_interval(ms):,1000,256,61595,121292,0,0,1,489944383323
Measurement_interval(ms):,1000,256,61595,121292,0,0,1,489945383320
