Measurement_interval(ms):,1000,0,0,0,0,0,1,565328812589
Measurement_interval(ms):,1000,0,0,0,0,0,1,565332708537
Measurement_interval(ms):,1000,0,0,0,0,0,1,565332708539
Measurement_interval(ms):,1000,0,0,0,0,0,1,565332708541
Measurement_interval(ms):,1000,0,0,0,0,0,1,565332708542
Measurement_interval(ms):,1000,0,0,0,0,0,1,565332708544
Measurement_interval(ms):,1000,0,0,0,0,0,1,565332708544
Measurement_interval(ms):,1000,0,0,0,0,0,1,565332708592
Measurement_interval(ms):,1000,0,0,0,0,0,1,565334314843
Measurement_interval(ms):,1000,0,0,0,0,0,1,565334314847
Measurement_interval(ms):,1000,864,0,0,0,0,1,565335184040
Measurement_interval(ms):,1000,1296,12113,23735,0,0,1,565336184049
Measurement_interval(ms):,1000,1296,12113,23854,0,0,1,565337184075
Measurement_interval(ms):,1000,1312,12113,23854,0,0,1,565338184733
Measurement_interval(ms):,1000,1296,12113,23854,0,0,1,565339184080
Measurement_interval(ms):,1000,1296,12113,23854,0,0,1,565340184080
Measurement_interval(ms):,1000,1312,12113,23854,0,0,1,565341184768
Measurement_interval(ms):,1000,1296,12113,23854,0,0,1,565342184072
Measurement_interval(ms):,1000,1296,12113,23854,0,0,1,565343184065
Measurement_interval(ms):,1000,1312,12113,23854,0,0,1,565344184994
Measurement_interval(ms):,1000,1296,12113,23854,0,0,1,565345184085
Measurement_interval(ms):,1000,1296,12113,23854,0,0,1,565346184090
Measurement_interval(ms):,1000,1296,12113,23854,0,0,1,565347184091
Measurement_interval(ms):,1000,1312,12113,23854,0,0,1,565348184074
Measurement_interval(ms):,1000,1296,12113,23854,0,0,1,565349184056
Measurement_interval(ms):,1000,1296,12113,23854,0,0,1,565350184050
Measurement_interval(ms):,1000,1312,12113,23854,0,0,1,565351184086
Measurement_interval(ms):,1000,1296,12113,23854,0,0,1,565352184070
Measurement_interval(ms):,1000,1296,12113,23854,0,0,1,565353184070
Measurement_interval(ms):,1000,1312,12113,23854,0,0,1,565354184077
Measurement_interval(ms):,1000,1296,12113,23854,0,0,1,565355184099
Measurement_interval(ms):,1000,1296,12113,23854,0,0,1,565356184098
Measurement_interval(ms):,1000,1312,12113,23854,0,0,1,565357184060
Measurement_interval(ms):,1000,1296,12113,23854,0,0,1,565358184854
Measurement_interval(ms):,1000,1296,12113,23854,0,0,1,565359184082
Measurement_interval(ms):,1000,1296,12113,23854,0,0,1,565360184064
Measurement_interval(ms):,1000,1312,12113,23854,0,0,1,565361184676
Measurement_interval(ms):,1000,1296,12113,23854,0,0,1,565362184100
Measurement_interval(ms):,1000,1296,12113,23854,0,0,1,565363184075
Measurement_interval(ms):,1000,1312,12113,23854,0,0,1,565364184828
Measurement_interval(ms):,1000,1296,12113,23854,0,0,1,565365184106
Measurement_interval(ms):,1000,1296,12113,23854,0,0,1,565366184099
Measurement_interval(ms):,1000,1296,12113,23854,0,0,1,565367184074
