Measurement_interval(ms):,1000,0,0,0,0,0,1,566298776514
Measurement_interval(ms):,1000,0,0,0,0,0,1,566305359197
Measurement_interval(ms):,1000,0,0,0,0,0,1,566305359199
Measurement_interval(ms):,1000,0,0,0,0,0,1,566305359201
Measurement_interval(ms):,1000,0,0,0,0,0,1,566305359202
Measurement_interval(ms):,1000,0,0,0,0,0,1,566305359203
Measurement_interval(ms):,1000,0,0,0,0,0,1,566305359204
Measurement_interval(ms):,1000,0,0,0,0,0,1,566305359252
Measurement_interval(ms):,1000,0,0,0,0,0,1,566306985358
Measurement_interval(ms):,1000,0,0,0,0,0,1,566306985361
Measurement_interval(ms):,1000,544,0,0,0,0,1,566307679574
Measurement_interval(ms):,1000,1376,0,0,0,0,1,566308679604
Measurement_interval(ms):,1000,1376,0,0,0,0,1,566309679598
Measurement_interval(ms):,1000,1408,22316,44727,0,0,1,566310679932
Measurement_interval(ms):,1000,1376,22316,44727,0,0,1,566311679593
Measurement_interval(ms):,1000,1376,22316,44727,0,0,1,566312679570
Measurement_interval(ms):,1000,1376,22316,44727,0,0,1,566313679565
Measurement_interval(ms):,1000,1376,22316,44727,0,0,1,566314679565
Measurement_interval(ms):,1000,1408,22316,44727,0,0,1,566315680018
Measurement_interval(ms):,1000,1376,22316,44727,0,0,1,566316679592
Measurement_interval(ms):,1000,1376,22316,44727,0,0,1,566317679608
Measurement_interval(ms):,1000,1376,22316,44727,0,0,1,566318679577
Measurement_interval(ms):,1000,1376,22316,44950,0,0,1,566319679565
Measurement_interval(ms):,1000,1408,22316,44950,0,0,1,566320679564
Measurement_interval(ms):,1000,1376,22316,44950,0,0,1,566321679590
Measurement_interval(ms):,1000,1376,22316,44950,0,0,1,566322679576
Measurement_interval(ms):,1000,1376,22316,44950,0,0,1,566323679597
Measurement_interval(ms):,1000,1376,22316,44950,0,0,1,566324679571
Measurement_interval(ms):,1000,1408,22316,44950,0,0,1,566325679563
Measurement_interval(ms):,1000,1376,22316,44950,0,0,1,566326679608
Measurement_interval(ms):,1000,1376,22316,44950,0,0,1,566327679571
Measurement_interval(ms):,1000,1376,22316,44950,0,0,1,566328679564
Measurement_interval(ms):,1000,1376,22316,44950,0,0,1,566329679581
Measurement_interval(ms):,1000,1408,22316,44950,0,0,1,566330679562
Measurement_interval(ms):,1000,1376,22316,44950,0,0,1,566331679577
Measurement_interval(ms):,1000,1376,22316,44950,0,0,1,566332679589
Measurement_interval(ms):,1000,1376,22316,44950,0,0,1,566333679584
Measurement_interval(ms):,1000,1376,22316,44950,0,0,1,566334679567
Measurement_interval(ms):,1000,1408,22316,44950,0,0,1,566335679601
Measurement_interval(ms):,1000,1376,22316,44950,0,0,1,566336679566
Measurement_interval(ms):,1000,1376,22316,44950,0,0,1,566337679590
Measurement_interval(ms):,1000,1376,22316,44950,0,0,1,566338679571
Measurement_interval(ms):,1000,1408,22316,44950,0,0,1,566339679594
Measurement_interval(ms):,1000,1376,22316,44950,0,0,1,566340679572
Measurement_interval(ms):,1000,1376,22316,44950,0,0,1,566341679563
