Measurement_interval(ms):,1000,0,0,0,0,0,1,499897666428
Measurement_interval(ms):,1000,0,0,0,0,0,1,499905464181
Measurement_interval(ms):,1000,0,0,0,0,0,1,499905464183
Measurement_interval(ms):,1000,0,0,0,0,0,1,499905464186
Measurement_interval(ms):,1000,0,0,0,0,0,1,499905464187
Measurement_interval(ms):,1000,0,0,0,0,0,1,499905464189
Measurement_interval(ms):,1000,0,0,0,0,0,1,499905464189
Measurement_interval(ms):,1000,0,0,0,0,0,1,499905464191
Measurement_interval(ms):,1000,0,0,0,0,0,1,499905464192
Measurement_interval(ms):,1000,0,0,0,0,0,1,499907047713
Measurement_interval(ms):,1000,0,0,0,0,0,1,499907047716
Measurement_interval(ms):,1000,424,2955,9783,0,0,1,499907784132
Measurement_interval(ms):,1000,690,2955,5449,0,0,1,499908784086
Measurement_interval(ms):,1000,690,2955,5449,0,0,1,499909784116
Measurement_interval(ms):,1000,690,2955,5449,0,0,1,499910784111
Measurement_interval(ms):,1000,688,2955,5449,0,0,1,499911784106
Measurement_interval(ms):,1000,690,2955,5449,0,0,1,499912784124
Measurement_interval(ms):,1000,690,2955,5449,0,0,1,499913784141
Measurement_interval(ms):,1000,690,2955,5449,0,0,1,499914784558
Measurement_interval(ms):,1000,688,2955,5449,0,0,1,499915784127
Measurement_interval(ms):,1000,688,2955,5449,0,0,1,499916784097
Measurement_interval(ms):,1000,690,2955,5449,0,0,1,499917784101
Measurement_interval(ms):,1000,690,2955,5449,0,0,1,499918784127
Measurement_interval(ms):,1000,690,2955,5449,0,0,1,499919784108
Measurement_interval(ms):,1000,688,2955,5449,0,0,1,499920784119
Measurement_interval(ms):,1000,690,2955,5449,0,0,1,499921784120
Measurement_interval(ms):,1000,690,2955,5449,0,0,1,499922784116
Measurement_interval(ms):,1000,690,2955,5449,0,0,1,499923784103
Measurement_interval(ms):,1000,688,2955,5449,0,0,1,499924784103
Measurement_interval(ms):,1000,690,2955,5449,0,0,1,499925784117
Measurement_interval(ms):,1000,690,2955,5449,0,0,1,499926784111
Measurement_interval(ms):,1000,688,2955,5449,0,0,1,499927784131
Measurement_interval(ms):,1000,690,2955,5449,0,0,1,499928784105
Measurement_interval(ms):,1000,690,2955,5449,0,0,1,499929784156
Measurement_interval(ms):,1000,688,2955,5449,0,0,1,499930784158
Measurement_interval(ms):,1000,690,2955,5449,0,0,1,499931784109
Measurement_interval(ms):,1000,690,2955,5449,0,0,1,499932784108
Measurement_interval(ms):,1000,690,2955,5449,0,0,1,499933784138
Measurement_interval(ms):,1000,690,2955,5449,0,0,1,499934784266
Measurement_interval(ms):,1000,688,2955,5449,0,0,1,499935784151
Measurement_interval(ms):,1000,690,2955,5449,0,0,1,499936784148
Measurement_interval(ms):,1000,690,2955,5449,0,0,1,499937784113
Measurement_interval(ms):,1000,690,2955,5449,0,0,1,499938784148
