Measurement_interval(ms):,1000,0,0,0,0,0,1,564652850552
Measurement_interval(ms):,1000,0,0,0,0,0,1,564659963903
Measurement_interval(ms):,1000,0,0,0,0,0,1,564659963905
Measurement_interval(ms):,1000,0,0,0,0,0,1,564659963908
Measurement_interval(ms):,1000,0,0,0,0,0,1,564659963908
Measurement_interval(ms):,1000,0,0,0,0,0,1,564659963909
Measurement_interval(ms):,1000,0,0,0,0,0,1,564659963910
Measurement_interval(ms):,1000,0,0,0,0,0,1,564659963911
Measurement_interval(ms):,1000,0,0,0,0,0,1,564659963912
Measurement_interval(ms):,1000,0,0,0,0,0,1,564659963957
Measurement_interval(ms):,1000,0,0,0,0,0,1,564661555600
Measurement_interval(ms):,1000,0,0,0,0,0,1,564661555604
Measurement_interval(ms):,1000,392,0,0,0,0,1,564662092836
Measurement_interval(ms):,1000,1040,7732,14811,0,0,1,564663092867
Measurement_interval(ms):,1000,1032,7732,14811,0,0,1,564664092865
Measurement_interval(ms):,1000,1032,7732,14811,0,0,1,564665092867
Measurement_interval(ms):,1000,1040,7732,14811,0,0,1,564666092826
Measurement_interval(ms):,1000,1032,7732,14811,0,0,1,564667092865
Measurement_interval(ms):,1000,1032,7693,14811,0,0,1,564668092855
Measurement_interval(ms):,1000,1040,7693,14811,0,0,1,564669092842
Measurement_interval(ms):,1000,1032,7693,14811,0,0,1,564670092857
Measurement_interval(ms):,1000,1040,7693,14811,0,0,1,564671093530
Measurement_interval(ms):,1000,1032,7732,14811,0,0,1,564672092871
Measurement_interval(ms):,1000,1032,7732,14811,0,0,1,564673092851
Measurement_interval(ms):,1000,1032,7732,14811,0,0,1,564674092847
Measurement_interval(ms):,1000,1040,7732,14811,0,0,1,564675092857
Measurement_interval(ms):,1000,1032,7732,14811,0,0,1,564676092845
Measurement_interval(ms):,1000,1032,7732,14811,0,0,1,564677092841
Measurement_interval(ms):,1000,1040,7732,14811,0,0,1,564678092846
Measurement_interval(ms):,1000,1032,7732,14811,0,0,1,564679092854
Measurement_interval(ms):,1000,1032,7732,14811,0,0,1,564680092852
Measurement_interval(ms):,1000,1040,7732,14811,0,0,1,564681092856
Measurement_interval(ms):,1000,1032,7732,14811,0,0,1,564682092834
Measurement_interval(ms):,1000,1032,7732,14811,0,0,1,564683092833
Measurement_interval(ms):,1000,1040,7732,14811,0,0,1,564684092853
Measurement_interval(ms):,1000,1032,7732,14811,0,0,1,564685092832
Measurement_interval(ms):,1000,1032,7732,14811,0,0,1,564686092873
Measurement_interval(ms):,1000,1040,7732,14811,0,0,1,564687092858
Measurement_interval(ms):,1000,1032,7732,14811,0,0,1,564688092868
Measurement_interval(ms):,1000,1032,7732,14811,0,0,1,564689092868
Measurement_interval(ms):,1000,1040,7732,14811,0,0,1,564690092845
Measurement_interval(ms):,1000,1032,7732,14811,0,0,1,564691092845
Measurement_interval(ms):,1000,1032,7732,14811,0,0,1,564692092827
Measurement_interval(ms):,1000,1040,7732,14811,0,0,1,564693092859
