Measurement_interval(ms):,1000,0,0,0,0,0,1,149933144630
Measurement_interval(ms):,1000,0,0,0,0,0,1,149933765436
Measurement_interval(ms):,1000,0,0,0,0,0,1,149933765437
Measurement_interval(ms):,1000,0,0,0,0,0,1,149933765440
Measurement_interval(ms):,1000,0,0,0,0,0,1,149933765441
Measurement_interval(ms):,1000,0,0,0,0,0,1,149933765443
Measurement_interval(ms):,1000,0,0,0,0,0,1,149933765444
Measurement_interval(ms):,1000,0,0,0,0,0,1,149933765445
Measurement_interval(ms):,1000,0,0,0,0,0,1,149933765446
Measurement_interval(ms):,1000,0,0,0,0,0,1,149933765447
Measurement_interval(ms):,1000,0,0,0,0,0,1,149933765448
Measurement_interval(ms):,1000,973,0,0,0,0,1,149934761135
Measurement_interval(ms):,1000,992,18188,32153,0,0,1,149935761125
Measurement_interval(ms):,1000,1012,18188,32153,0,0,1,149936761137
Measurement_interval(ms):,1000,992,18188,31823,0,0,1,149937761144
Measurement_interval(ms):,1000,1004,18188,31823,0,0,1,149938761139
Measurement_interval(ms):,1000,992,18188,31823,0,0,1,149939761151
Measurement_interval(ms):,1000,1012,18188,31658,0,0,1,149940761134
Measurement_interval(ms):,1000,992,18188,31658,0,0,1,149941761150
Measurement_interval(ms):,1000,1004,18188,31658,0,0,1,149942761102
Measurement_interval(ms):,1000,992,18188,31658,0,0,1,149943761145
Measurement_interval(ms):,1000,1012,18188,31658,0,0,1,149944761146
Measurement_interval(ms):,1000,992,18188,31658,0,0,1,149945761106
Measurement_interval(ms):,1000,1004,18188,31658,0,0,1,149946761115
Measurement_interval(ms):,1000,992,18188,31658,0,0,1,149947761100
Measurement_interval(ms):,1000,992,18188,31658,0,0,1,149948761130
Measurement_interval(ms):,1000,1012,18188,31658,0,0,1,149949761132
Measurement_interval(ms):,1000,1004,18188,31658,0,0,1,149950761106
Measurement_interval(ms):,1000,992,18188,31658,0,0,1,149951761099
Measurement_interval(ms):,1000,992,18188,31658,0,0,1,149952761134
Measurement_interval(ms):,1000,1012,18188,31658,0,0,1,149953761100
Measurement_interval(ms):,1000,1004,18188,31658,0,0,1,149954761134
Measurement_interval(ms):,1000,992,18188,31658,0,0,1,149955761134
Measurement_interval(ms):,1000,992,18188,31658,0,0,1,149956761108
Measurement_interval(ms):,1000,1012,18188,31658,0,0,1,149957761098
Measurement_interval(ms):,1000,992,18188,31658,0,0,1,149958761102
Measurement_interval(ms):,1000,1004,18188,31658,0,0,1,149959761110
Measurement_interval(ms):,1000,992,18188,31658,0,0,1,149960761122
Measurement_interval(ms):,1000,1012,18188,31658,0,0,1,149961761136
Measurement_interval(ms):,1000,992,18188,31658,0,0,1,149962761123
Measurement_interval(ms):,1000,1004,18188,31658,0,0,1,149963761111
Measurement_interval(ms):,1000,992,18188,31658,0,0,1,149964761109
Measurement_interval(ms):,1000,1012,18188,31658,0,0,1,149965761116
Measurement_interval(ms):,1000,992,18188,31658,0,0,1,149966761108
Measurement_interval(ms):,1000,1004,18188,31658,0,0,1,149967761126
