Measurement_interval(ms):,1000,0,0,0,0,0,1,153957751176
Measurement_interval(ms):,1000,0,0,0,0,0,1,153962371754
Measurement_interval(ms):,1000,0,0,0,0,0,1,153962371755
Measurement_interval(ms):,1000,0,0,0,0,0,1,153962371758
Measurement_interval(ms):,1000,0,0,0,0,0,1,153962371759
Measurement_interval(ms):,1000,0,0,0,0,0,1,153962371760
Measurement_interval(ms):,1000,0,0,0,0,0,1,153962371761
Measurement_interval(ms):,1000,0,0,0,0,0,1,153962371807
Measurement_interval(ms):,1000,860,0,0,56,0,1,153963273500
Measurement_interval(ms):,1000,992,17784,33169,62,0,1,153964273517
Measurement_interval(ms):,1000,992,17784,33169,62,0,1,153965273525
Measurement_interval(ms):,1000,992,17582,33169,62,0,1,153966273475
Measurement_interval(ms):,1000,992,17582,33169,62,0,1,153967274097
Measurement_interval(ms):,1000,977,16976,32996,61,0,1,153968273474
Measurement_interval(ms):,1000,992,16976,32304,62,0,1,153969273491
Measurement_interval(ms):,1000,992,16976,32304,62,0,1,153970273501
Measurement_interval(ms):,1000,992,16976,31785,62,0,1,153971273518
Measurement_interval(ms):,1000,992,16976,31785,62,0,1,153972273518
Measurement_interval(ms):,1000,975,16976,31785,61,0,1,153973273492
Measurement_interval(ms):,1000,992,16976,31785,62,0,1,153974273524
Measurement_interval(ms):,1000,992,16976,31785,62,0,1,153975273491
Measurement_interval(ms):,1000,992,17077,32131,62,0,1,153976273477
Measurement_interval(ms):,1000,992,16976,32131,62,0,1,153977273513
Measurement_interval(ms):,1000,992,16976,32131,62,0,1,153978274014
Measurement_interval(ms):,1000,977,16976,31958,61,0,1,153979273475
Measurement_interval(ms):,1000,992,16976,31958,62,0,1,153980273502
Measurement_interval(ms):,1000,992,16976,31958,62,0,1,153981273489
Measurement_interval(ms):,1000,992,16976,31958,62,0,1,153982273475
Measurement_interval(ms):,1000,992,16976,31958,62,0,1,153983273517
Measurement_interval(ms):,1000,992,16976,31958,62,0,1,153984273515
Measurement_interval(ms):,1000,975,16976,31958,61,0,1,153985273481
Measurement_interval(ms):,1000,992,16976,31958,62,0,1,153986273476
Measurement_interval(ms):,1000,992,16976,31958,62,0,1,153987273519
Measurement_interval(ms):,1000,992,16976,31958,62,0,1,153988273499
Measurement_interval(ms):,1000,992,16976,31958,62,0,1,153989273474
Measurement_interval(ms):,1000,992,16976,31958,62,0,1,153990273509
Measurement_interval(ms):,1000,992,16976,31958,62,0,1,153991273508
Measurement_interval(ms):,1000,977,16976,31958,61,0,1,153992273498
Measurement_interval(ms):,1000,992,16976,31958,62,0,1,153993273512
Measurement_interval(ms):,1000,992,16976,31958,62,0,1,153994273481
Measurement_interval(ms):,1000,992,16976,31785,62,0,1,153995273509
Measurement_interval(ms):,1000,992,16976,31785,62,0,1,153996273517
Measurement_interval(ms):,1000,992,16976,31785,62,0,1,153997273475
