Measurement_interval(ms):,1000,0,0,0,0,0,1,64186560218
Measurement_interval(ms):,1000,0,0,0,0,0,1,64195721308
Measurement_interval(ms):,1000,0,0,0,0,0,1,64195721310
Measurement_interval(ms):,1000,0,0,0,0,0,1,64195721313
Measurement_interval(ms):,1000,0,0,0,0,0,1,64195721314
Measurement_interval(ms):,1000,0,0,0,0,0,1,64195721315
Measurement_interval(ms):,1000,0,0,0,0,0,1,64195721316
Measurement_interval(ms):,1000,0,0,0,0,0,1,64195721358
Measurement_interval(ms):,1000,0,0,0,0,0,1,64195721359
Measurement_interval(ms):,1000,0,0,0,0,0,1,64195721361
Measurement_interval(ms):,1000,0,0,0,0,0,1,64195721362
Measurement_interval(ms):,1000,0,0,0,0,0,1,64195721364
Measurement_interval(ms):,1000,248,0,0,0,0,1,64196053217
Measurement_interval(ms):,1000,760,10486,20536,0,0,1,64197053204
Measurement_interval(ms):,1000,760,10486,20536,0,0,1,64198053248
Measurement_interval(ms):,1000,760,10538,20740,0,0,1,64199053239
Measurement_interval(ms):,1000,760,10590,20740,0,0,1,64200053206
Measurement_interval(ms):,1000,768,10590,20740,0,0,1,64201053235
Measurement_interval(ms):,1000,760,10590,20740,0,0,1,64202053212
Measurement_interval(ms):,1000,760,10590,20740,0,0,1,64203053228
Measurement_interval(ms):,1000,760,10538,20740,0,0,1,64204053223
Measurement_interval(ms):,1000,768,10538,20740,0,0,1,64205053196
Measurement_interval(ms):,1000,760,10538,20740,0,0,1,64206053237
Measurement_interval(ms):,1000,760,10538,20740,0,0,1,64207053217
Measurement_interval(ms):,1000,760,10538,20638,0,0,1,64208053208
Measurement_interval(ms):,1000,768,10538,20638,0,0,1,64209053729
Measurement_interval(ms):,1000,752,10538,20638,0,0,1,64210053304
Measurement_interval(ms):,1000,760,10538,20740,0,0,1,64211053241
Measurement_interval(ms):,1000,760,10538,20740,0,0,1,64212053218
Measurement_interval(ms):,1000,768,10538,20740,0,0,1,64213053435
Measurement_interval(ms):,1000,760,10538,20740,0,0,1,64214053236
Measurement_interval(ms):,1000,760,10486,20740,0,0,1,64215053217
Measurement_interval(ms):,1000,760,10486,20638,0,0,1,64216053207
Measurement_interval(ms):,1000,768,10486,20638,0,0,1,64217053232
Measurement_interval(ms):,1000,760,10486,20638,0,0,1,64218053195
Measurement_interval(ms):,1000,760,10486,20638,0,0,1,64219053207
Measurement_interval(ms):,1000,760,10538,20740,0,0,1,64220053206
Measurement_interval(ms):,1000,760,10538,20740,0,0,1,64221053196
Measurement_interval(ms):,1000,768,10538,20740,0,0,1,64222053203
Measurement_interval(ms):,1000,760,10538,20740,0,0,1,64223053241
Measurement_interval(ms):,1000,760,10538,20740,0,0,1,64224053232
Measurement_interval(ms):,1000,760,10538,20740,0,0,1,64225053193
Measurement_interval(ms):,1000,768,10538,20638,0,0,1,64226053197
Measurement_interval(ms):,1000,760,10538,20638,0,0,1,64227053210
Measurement_interval(ms):,1000,760,10538,20638,0,0,1,64228053242
Measurement_interval(ms):,1000,760,10538,20638,0,0,1,64229053217
