Measurement_interval(ms):,1000,0,0,0,0,0,1,140875935029
Measurement_interval(ms):,1000,0,0,0,0,0,1,140879525618
Measurement_interval(ms):,1000,0,0,0,0,0,1,140879525619
Measurement_interval(ms):,1000,0,0,0,0,0,1,140879525622
Measurement_interval(ms):,1000,0,0,0,0,0,1,140879525623
Measurement_interval(ms):,1000,0,0,0,0,0,1,140879525625
Measurement_interval(ms):,1000,0,0,0,0,0,1,140879525626
Measurement_interval(ms):,1000,939,0,0,0,0,1,140880459563
Measurement_interval(ms):,1000,1054,0,0,0,0,1,140881459542
Measurement_interval(ms):,1000,1046,0,0,0,0,1,140882459561
Measurement_interval(ms):,1000,1054,31412,56592,0,0,1,140883459567
Measurement_interval(ms):,1000,1046,31412,56592,0,0,1,140884459555
Measurement_interval(ms):,1000,1054,31412,56592,0,0,1,140885459568
Measurement_interval(ms):,1000,1046,31412,56592,0,0,1,140886459548
Measurement_interval(ms):,1000,1054,31412,56592,0,0,1,140887459548
Measurement_interval(ms):,1000,1046,31412,56592,0,0,1,140888459562
Measurement_interval(ms):,1000,1054,31412,56592,0,0,1,140889459522
Measurement_interval(ms):,1000,1046,31412,56592,0,0,1,140890459555
Measurement_interval(ms):,1000,1054,31412,56592,0,0,1,140891459820
Measurement_interval(ms):,1000,1046,31412,56592,0,0,1,140892459628
Measurement_interval(ms):,1000,1020,31412,56592,0,0,1,140893459536
Measurement_interval(ms):,1000,1054,31412,56592,0,0,1,140894459546
Measurement_interval(ms):,1000,1046,31412,56592,0,0,1,140895459522
Measurement_interval(ms):,1000,1054,31412,56592,0,0,1,140896459559
Measurement_interval(ms):,1000,1046,31412,56876,0,0,1,140897459541
Measurement_interval(ms):,1000,1054,31412,56876,0,0,1,140898459524
Measurement_interval(ms):,1000,1046,31412,56876,0,0,1,140899459531
Measurement_interval(ms):,1000,1054,31412,56876,0,0,1,140900459551
Measurement_interval(ms):,1000,1046,31412,56876,0,0,1,140901459550
Measurement_interval(ms):,1000,1054,31412,56876,0,0,1,140902459561
Measurement_interval(ms):,1000,1046,31412,56876,0,0,1,140903459539
Measurement_interval(ms):,1000,1054,31412,56876,0,0,1,140904459559
Measurement_interval(ms):,1000,1046,31412,56876,0,0,1,140905459537
Measurement_interval(ms):,1000,1020,31412,56592,0,0,1,140906459546
Measurement_interval(ms):,1000,1054,31412,56592,0,0,1,140907459515
Measurement_interval(ms):,1000,1046,31412,56592,0,0,1,140908459544
Measurement_interval(ms):,1000,1054,31412,56592,0,0,1,140909459557
Measurement_interval(ms):,1000,1046,31412,56592,0,0,1,140910459526
Measurement_interval(ms):,1000,1054,31412,56592,0,0,1,140911459519
Measurement_interval(ms):,1000,1046,31412,56592,0,0,1,140912459559
