Measurement_interval(ms):,1000,0,0,0,0,0,1,160757517270
Measurement_interval(ms):,1000,0,0,0,0,0,1,160763260040
Measurement_interval(ms):,1000,0,0,0,0,0,1,160763260042
Measurement_interval(ms):,1000,0,0,0,0,0,1,160763260045
Measurement_interval(ms):,1000,0,0,0,0,0,1,160763260046
Measurement_interval(ms):,1000,0,0,0,0,0,1,160763260047
Measurement_interval(ms):,1000,0,0,0,0,0,1,160763260048
Measurement_interval(ms):,1000,0,0,0,0,0,1,160763260049
Measurement_interval(ms):,1000,0,0,0,0,0,1,160763260050
Measurement_interval(ms):,1000,0,0,0,0,0,1,160763260092
Measurement_interval(ms):,1000,0,0,0,0,0,1,160763260093
Measurement_interval(ms):,1000,0,0,0,0,0,1,160763260095
Measurement_interval(ms):,1000,0,0,0,0,0,1,160763260096
Measurement_interval(ms):,1000,0,0,0,0,0,1,160763260098
Measurement_interval(ms):,1000,16,0,0,0,0,1,160763513680
Measurement_interval(ms):,1000,72,0,0,0,0,1,160764513675
Measurement_interval(ms):,1000,76,0,0,0,0,1,160765513678
Measurement_interval(ms):,1000,72,0,0,0,0,1,160766513702
Measurement_interval(ms):,1000,72,0,0,0,0,1,160767513713
Measurement_interval(ms):,1000,72,0,0,0,0,1,160768513675
Measurement_interval(ms):,1000,76,55111,109598,0,0,1,160769513678
Measurement_interval(ms):,1000,72,55111,109598,0,0,1,160770513716
Measurement_interval(ms):,1000,72,55111,109598,0,0,1,160771513679
Measurement_interval(ms):,1000,72,55111,109598,0,0,1,160772513716
Measurement_interval(ms):,1000,76,55111,109598,0,0,1,160773513715
Measurement_interval(ms):,1000,72,55111,109598,0,0,1,160774513691
Measurement_interval(ms):,1000,72,55111,109598,0,0,1,160775513690
Measurement_interval(ms):,1000,72,55111,109598,0,0,1,160776513663
Measurement_interval(ms):,1000,76,55111,109598,0,0,1,160777513708
Measurement_interval(ms):,1000,72,55111,109598,0,0,1,160778513714
Measurement_interval(ms):,1000,72,55111,109598,0,0,1,160779513705
Measurement_interval(ms):,1000,72,55111,109598,0,0,1,160780513708
Measurement_interval(ms):,1000,76,55111,109598,0,0,1,160781513675
Measurement_interval(ms):,1000,72,55111,109598,0,0,1,160782513674
Measurement_interval(ms):,1000,72,55111,109598,0,0,1,160783513691
Measurement_interval(ms):,1000,72,55111,109598,0,0,1,160784513678
Measurement_interval(ms):,1000,76,55111,109598,0,0,1,160785513688
Measurement_interval(ms):,1000,72,55111,109598,0,0,1,160786513685
Measurement_interval(ms):,1000,72,55111,109598,0,0,1,160787513675
Measurement_interval(ms):,1000,72,55111,109598,0,0,1,160788513668
Measurement_interval(ms):,1000,76,55111,109598,0,0,1,160789513691
Measurement_interval(ms):,1000,72,55111,109598,0,0,1,160790513666
Measurement_interval(ms):,1000,72,55111,109598,0,0,1,160791513697
Measurement_interval(ms):,1000,76,55111,109598,0,0,1,160792513705
Measurement_interval(ms):,1000,72,55111,109598,0,0,1,160793513684
Measurement_interval(ms):,1000,72,55111,109598,0,0,1,160794513695
Measurement_interval(ms):,1000,72,55111,109598,0,0,1,160795513682
Measurement_interval(ms):,1000,76,55111,109598,0,0,1,160796513685
Measurement_interval(ms):,1000,72,55111,109598,0,0,1,160797513704
Measurement_interval(ms):,1000,72,55111,109598,0,0,1,160798513706
Measurement_interval(ms):,1000,76,55111,109598,0,0,1,160799513661
Measurement_interval(ms):,1000,72,55111,109598,0,0,1,160800513686
Measurement_interval(ms):,1000,72,55111,109598,0,0,1,160801513673
Measurement_interval(ms):,1000,72,55111,109598,0,0,1,160802513704
