Measurement_interval(ms):,1000,0,0,0,0,0,1,161046624862
Measurement_interval(ms):,1000,0,0,0,0,0,1,161049550540
Measurement_interval(ms):,1000,0,0,0,0,0,1,161049550542
Measurement_interval(ms):,1000,0,0,0,0,0,1,161049550545
Measurement_interval(ms):,1000,0,0,0,0,0,1,161049550546
Measurement_interval(ms):,1000,0,0,0,0,0,1,161049550595
Measurement_interval(ms):,1000,0,0,0,0,0,1,161049550596
Measurement_interval(ms):,1000,0,0,0,0,0,1,161049550598
Measurement_interval(ms):,1000,0,0,0,0,0,1,161049550599
Measurement_interval(ms):,1000,0,0,0,0,0,1,161049550601
Measurement_interval(ms):,1000,0,0,0,0,0,1,161049550602
Measurement_interval(ms):,1000,0,0,0,0,0,1,161049619717
Measurement_interval(ms):,1000,176,0,0,0,0,1,161050619711
Measurement_interval(ms):,1000,176,0,0,0,0,1,161051619702
Measurement_interval(ms):,1000,176,0,0,0,0,1,161052619700
Measurement_interval(ms):,1000,176,0,0,0,0,1,161053619695
Measurement_interval(ms):,1000,176,0,0,0,0,1,161054619706
Measurement_interval(ms):,1000,176,0,0,0,0,1,161055619705
Measurement_interval(ms):,1000,176,0,0,0,0,1,161056619693
Measurement_interval(ms):,1000,192,0,0,0,0,1,161057619723
Measurement_interval(ms):,1000,176,0,0,0,0,1,161058619715
Measurement_interval(ms):,1000,176,91023,180833,0,0,1,161059619714
Measurement_interval(ms):,1000,176,91023,180833,0,0,1,161060619693
Measurement_interval(ms):,1000,176,91023,180833,0,0,1,161061619677
Measurement_interval(ms):,1000,176,91023,180833,0,0,1,161062619707
Measurement_interval(ms):,1000,176,91023,180833,0,0,1,161063619686
Measurement_interval(ms):,1000,176,91023,180833,0,0,1,161064619725
Measurement_interval(ms):,1000,176,91023,180833,0,0,1,161065619679
Measurement_interval(ms):,1000,176,91023,180833,0,0,1,161066619705
Measurement_interval(ms):,1000,176,91023,180833,0,0,1,161067619679
Measurement_interval(ms):,1000,176,90567,180833,0,0,1,161068619698
Measurement_interval(ms):,1000,176,90567,180833,0,0,1,161069619702
Measurement_interval(ms):,1000,176,90567,180833,0,0,1,161070619714
Measurement_interval(ms):,1000,192,90567,180833,0,0,1,161071620476
Measurement_interval(ms):,1000,176,90567,180833,0,0,1,161072619709
Measurement_interval(ms):,1000,176,90567,180833,0,0,1,161073619707
Measurement_interval(ms):,1000,176,90567,180833,0,0,1,161074619694
Measurement_interval(ms):,1000,176,90567,180833,0,0,1,161075619681
Measurement_interval(ms):,1000,176,90567,180833,0,0,1,161076619712
Measurement_interval(ms):,1000,176,90567,180833,0,0,1,161077619718
Measurement_interval(ms):,1000,176,90567,180833,0,0,1,161078619692
Measurement_interval(ms):,1000,176,90567,180833,0,0,1,161079619733
Measurement_interval(ms):,1000,176,90567,180833,0,0,1,161080619690
Measurement_interval(ms):,1000,176,90567,180833,0,0,1,161081619724
Measurement_interval(ms):,1000,176,90567,180833,0,0,1,161082619706
Measurement_interval(ms):,1000,176,90567,180833,0,0,1,161083619728
Measurement_interval(ms):,1000,176,90567,180833,0,0,1,161084619685
Measurement_interval(ms):,1000,192,90567,180833,0,0,1,161085619691
