Measurement_interval(ms):,1000,0,0,0,0,0,1,160857237713
Measurement_interval(ms):,1000,0,0,0,0,0,1,160860840690
Measurement_interval(ms):,1000,0,0,0,0,0,1,160860840692
Measurement_interval(ms):,1000,0,0,0,0,0,1,160860840694
Measurement_interval(ms):,1000,0,0,0,0,0,1,160860840695
Measurement_interval(ms):,1000,0,0,0,0,0,1,160860840698
Measurement_interval(ms):,1000,0,0,0,0,0,1,160860840698
Measurement_interval(ms):,1000,0,0,0,0,0,1,160860840699
Measurement_interval(ms):,1000,0,0,0,0,0,1,160860840700
Measurement_interval(ms):,1000,0,0,0,0,0,1,160860840745
Measurement_interval(ms):,1000,0,0,0,0,0,1,160860840746
Measurement_interval(ms):,1000,0,0,0,0,0,1,160860840748
Measurement_interval(ms):,1000,0,0,0,0,0,1,160860840749
Measurement_interval(ms):,1000,0,0,0,0,0,1,160860840751
Measurement_interval(ms):,1000,80,0,0,0,0,1,160861543979
Measurement_interval(ms):,1000,120,0,0,0,0,1,160862543949
Measurement_interval(ms):,1000,120,0,0,0,0,1,160863543946
Measurement_interval(ms):,1000,120,0,0,0,0,1,160864543993
Measurement_interval(ms):,1000,120,0,0,0,0,1,160865543979
Measurement_interval(ms):,1000,112,0,0,0,0,1,160866543999
Measurement_interval(ms):,1000,120,0,0,0,0,1,160867543964
Measurement_interval(ms):,1000,120,67577,133982,0,0,1,160868543976
Measurement_interval(ms):,1000,120,67577,133982,0,0,1,160869543960
Measurement_interval(ms):,1000,120,67577,133982,0,0,1,160870543949
Measurement_interval(ms):,1000,120,67577,133982,0,0,1,160871543972
Measurement_interval(ms):,1000,120,67577,133982,0,0,1,160872543998
Measurement_interval(ms):,1000,120,67577,133982,0,0,1,160873543988
Measurement_interval(ms):,1000,120,67577,133982,0,0,1,160874543990
Measurement_interval(ms):,1000,120,67577,133982,0,0,1,160875544006
Measurement_interval(ms):,1000,120,67577,133982,0,0,1,160876543955
Measurement_interval(ms):,1000,120,67577,133982,0,0,1,160877543966
Measurement_interval(ms):,1000,120,67577,133982,0,0,1,160878543980
Measurement_interval(ms):,1000,120,67577,133982,0,0,1,160879543966
Measurement_interval(ms):,1000,112,67577,133982,0,0,1,160880543995
Measurement_interval(ms):,1000,120,67577,133982,0,0,1,160881543992
Measurement_interval(ms):,1000,120,67577,133982,0,0,1,160882543993
Measurement_interval(ms):,1000,120,67577,133982,0,0,1,160883543956
Measurement_interval(ms):,1000,120,67577,133982,0,0,1,160884544004
Measurement_interval(ms):,1000,120,67577,133982,0,0,1,160885543976
Measurement_interval(ms):,1000,120,67577,133982,0,0,1,160886543984
Measurement_interval(ms):,1000,120,67577,133982,0,0,1,160887543993
Measurement_interval(ms):,1000,120,67240,133982,0,0,1,160888543960
Measurement_interval(ms):,1000,120,67240,133982,0,0,1,160889543967
Measurement_interval(ms):,1000,120,67240,133982,0,0,1,160890543989
Measurement_interval(ms):,1000,120,67240,133982,0,0,1,160891543994
Measurement_interval(ms):,1000,120,67240,133982,0,0,1,160892543962
Measurement_interval(ms):,1000,120,67240,133982,0,0,1,160893543977
Measurement_interval(ms):,1000,120,67240,133982,0,0,1,160894543992
Measurement_interval(ms):,1000,120,67240,133982,0,0,1,160895544013
Measurement_interval(ms):,1000,120,67240,133982,0,0,1,160896544621
Measurement_interval(ms):,1000,112,67240,133982,0,0,1,160897543985
Measurement_interval(ms):,1000,120,67240,133982,0,0,1,160898543983
Measurement_interval(ms):,1000,120,67240,133982,0,0,1,160899543985
Measurement_interval(ms):,1000,120,67240,133982,0,0,1,160900543993
