Measurement_interval(ms):,1000,0,0,0,0,0,1,140016284095
Measurement_interval(ms):,1000,0,0,0,0,0,1,140019607615
Measurement_interval(ms):,1000,0,0,0,0,0,1,140019607616
Measurement_interval(ms):,1000,0,0,0,0,0,1,140019607619
Measurement_interval(ms):,1000,0,0,0,0,0,1,140019607620
Measurement_interval(ms):,1000,0,0,0,0,0,1,140019607622
Measurement_interval(ms):,1000,0,0,0,0,0,1,140019607623
Measurement_interval(ms):,1000,0,0,0,0,0,1,140019607624
Measurement_interval(ms):,1000,0,0,0,0,0,1,140019607625
Measurement_interval(ms):,1000,0,0,0,0,0,1,140019607626
Measurement_interval(ms):,1000,0,0,0,0,0,1,140019607627
Measurement_interval(ms):,1000,0,0,0,0,0,1,140019607669
Measurement_interval(ms):,1000,121,0,0,0,0,1,140020290716
Measurement_interval(ms):,1000,217,0,0,0,0,1,140021290730
Measurement_interval(ms):,1000,203,0,0,0,0,1,140022290759
Measurement_interval(ms):,1000,240,0,0,0,0,1,140023290748
Measurement_interval(ms):,1000,180,0,0,0,0,1,140024290745
Measurement_interval(ms):,1000,240,0,0,0,0,1,140025290720
Measurement_interval(ms):,1000,217,0,0,0,0,1,140026290730
Measurement_interval(ms):,1000,203,0,0,0,0,1,140027290757
Measurement_interval(ms):,1000,217,0,0,0,0,1,140028290718
Measurement_interval(ms):,1000,203,0,0,0,0,1,140029290749
Measurement_interval(ms):,1000,217,0,0,0,0,1,140030290732
Measurement_interval(ms):,1000,203,0,0,0,0,1,140031290755
Measurement_interval(ms):,1000,217,0,0,0,0,1,140032290727
Measurement_interval(ms):,1000,203,0,0,0,0,1,140033290745
Measurement_interval(ms):,1000,240,0,0,0,0,1,140034290725
Measurement_interval(ms):,1000,217,171747,281894,0,0,1,140035290746
Measurement_interval(ms):,1000,203,171747,281894,0,0,1,140036290730
Measurement_interval(ms):,1000,217,171747,281894,0,0,1,140037290733
Measurement_interval(ms):,1000,203,171747,281894,0,0,1,140038290763
Measurement_interval(ms):,1000,217,171747,281894,0,0,1,140039290727
Measurement_interval(ms):,1000,203,171747,281894,0,0,1,140040290713
Measurement_interval(ms):,1000,217,171747,281894,0,0,1,140041290755
Measurement_interval(ms):,1000,203,171747,281894,0,0,1,140042290743
Measurement_interval(ms):,1000,240,171747,281894,0,0,1,140043290730
Measurement_interval(ms):,1000,217,171747,281894,0,0,1,140044290722
Measurement_interval(ms):,1000,203,171747,281894,0,0,1,140045290737
Measurement_interval(ms):,1000,217,171747,281894,0,0,1,140046290715
Measurement_interval(ms):,1000,203,171747,281894,0,0,1,140047290746
Measurement_interval(ms):,1000,217,171747,281894,0,0,1,140048290733
Measurement_interval(ms):,1000,203,171747,281894,0,0,1,140049290722
Measurement_interval(ms):,1000,217,171747,281894,0,0,1,140050290727
Measurement_interval(ms):,1000,203,171747,281894,0,0,1,140051290720
Measurement_interval(ms):,1000,240,171747,281894,0,0,1,140052290734
Measurement_interval(ms):,1000,217,171747,281894,0,0,1,140053290730
Measurement_interval(ms):,1000,203,171747,281894,0,0,1,140054290734
Measurement_interval(ms):,1000,217,171747,281894,0,0,1,140055290710
Measurement_interval(ms):,1000,203,171747,281894,0,0,1,140056290714
Measurement_interval(ms):,1000,217,171747,281894,0,0,1,140057290720
Measurement_interval(ms):,1000,203,171747,281894,0,0,1,140058290724
