Measurement_interval(ms):,1000,0,0,0,0,0,1,160523535157
Measurement_interval(ms):,1000,0,0,0,0,0,1,160530920636
Measurement_interval(ms):,1000,0,0,0,0,0,1,160530920638
Measurement_interval(ms):,1000,0,0,0,0,0,1,160530920641
Measurement_interval(ms):,1000,0,0,0,0,0,1,160530920642
Measurement_interval(ms):,1000,0,0,0,0,0,1,160530920643
Measurement_interval(ms):,1000,0,0,0,0,0,1,160530920644
Measurement_interval(ms):,1000,0,0,0,0,0,1,160530920689
Measurement_interval(ms):,1000,0,0,0,0,0,1,160530920690
Measurement_interval(ms):,1000,0,0,0,0,0,1,160530920692
Measurement_interval(ms):,1000,0,0,0,0,0,1,160530920693
Measurement_interval(ms):,1000,0,0,0,0,0,1,160530920695
Measurement_interval(ms):,1000,0,0,0,0,0,1,160530920696
Measurement_interval(ms):,1000,0,0,0,0,0,1,160530920697
Measurement_interval(ms):,1000,0,0,0,0,0,1,160530920698
Measurement_interval(ms):,1000,0,0,0,0,0,1,160530920699
Measurement_interval(ms):,1000,31,0,0,0,0,1,160531534046
Measurement_interval(ms):,1000,51,0,0,0,0,1,160532534030
Measurement_interval(ms):,1000,52,19931,39441,0,0,1,160533534014
Measurement_interval(ms):,1000,52,19931,39441,0,0,1,160534534036
Measurement_interval(ms):,1000,52,19628,38835,0,0,1,160535534013
Measurement_interval(ms):,1000,52,19628,38835,0,0,1,160536534008
Measurement_interval(ms):,1000,51,19628,38633,0,0,1,160537534051
Measurement_interval(ms):,1000,52,19628,38633,0,0,1,160538534051
Measurement_interval(ms):,1000,52,19527,38431,0,0,1,160539534014
Measurement_interval(ms):,1000,52,19527,38431,0,0,1,160540534042
Measurement_interval(ms):,1000,52,19527,38431,0,0,1,160541534032
Measurement_interval(ms):,1000,51,19527,38431,0,0,1,160542534047
Measurement_interval(ms):,1000,52,19527,38431,0,0,1,160543534029
Measurement_interval(ms):,1000,52,19527,38431,0,0,1,160544534037
Measurement_interval(ms):,1000,52,19527,38431,0,0,1,160545534041
Measurement_interval(ms):,1000,52,19527,38431,0,0,1,160546534023
Measurement_interval(ms):,1000,52,19527,38431,0,0,1,160547534029
Measurement_interval(ms):,1000,52,19527,38431,0,0,1,160548534023
Measurement_interval(ms):,1000,52,19527,38431,0,0,1,160549534060
Measurement_interval(ms):,1000,52,19527,38431,0,0,1,160550534018
Measurement_interval(ms):,1000,52,19527,38431,0,0,1,160551534022
Measurement_interval(ms):,1000,52,19527,38431,0,0,1,160552534020
Measurement_interval(ms):,1000,52,19527,38431,0,0,1,160553534038
Measurement_interval(ms):,1000,52,19527,38431,0,0,1,160554534034
Measurement_interval(ms):,1000,52,19527,38431,0,0,1,160555534061
Measurement_interval(ms):,1000,52,19527,38431,0,0,1,160556534050
Measurement_interval(ms):,1000,52,19527,38431,0,0,1,160557534038
Measurement_interval(ms):,1000,52,19527,38431,0,0,1,160558534051
Measurement_interval(ms):,1000,51,19527,38431,0,0,1,160559534037
Measurement_interval(ms):,1000,52,19527,38431,0,0,1,160560534039
Measurement_interval(ms):,1000,52,19527,38431,0,0,1,160561534066
Measurement_interval(ms):,1000,52,19527,38431,0,0,1,160562534063
Measurement_interval(ms):,1000,52,19527,38431,0,0,1,160563534044
Measurement_interval(ms):,1000,52,19527,38431,0,0,1,160564534074
Measurement_interval(ms):,1000,52,19527,38431,0,0,1,160565534028
Measurement_interval(ms):,1000,51,19527,38431,0,0,1,160566534045
Measurement_interval(ms):,1000,52,19527,38431,0,0,1,160567534045
Measurement_interval(ms):,1000,52,19527,38431,0,0,1,160568534027
Measurement_interval(ms):,1000,52,19527,38431,0,0,1,160569534058
Measurement_interval(ms):,1000,52,19527,38229,0,0,1,160570534032
Measurement_interval(ms):,1000,52,19527,38229,0,0,1,160571534074
Measurement_interval(ms):,1000,52,19527,38229,0,0,1,160572534071
