Measurement_interval(ms):,1000,0,0,0,0,0,1,486234888866
Measurement_interval(ms):,1000,0,0,0,0,0,1,486239434965
Measurement_interval(ms):,1000,0,0,0,0,0,1,486239434967
Measurement_interval(ms):,1000,0,0,0,0,0,1,486239434969
Measurement_interval(ms):,1000,0,0,0,0,0,1,486239434970
Measurement_interval(ms):,1000,0,0,0,0,0,1,486239434972
Measurement_interval(ms):,1000,0,0,0,0,0,1,486241082142
Measurement_interval(ms):,1000,0,0,0,0,0,1,486241082154
Measurement_interval(ms):,1000,2,0,0,0,0,1,486241948426
Measurement_interval(ms):,1000,134,0,0,0,0,1,486242576994
Measurement_interval(ms):,1000,214,9805,17446,0,0,1,486243576978
Measurement_interval(ms):,1000,214,9805,17446,0,0,1,486244577009
Measurement_interval(ms):,1000,214,9805,17446,0,0,1,486245576995
Measurement_interval(ms):,1000,214,9805,17446,0,0,1,486246576975
Measurement_interval(ms):,1000,214,9805,17446,0,0,1,486247576976
Measurement_interval(ms):,1000,214,9754,17446,0,0,1,486248577014
Measurement_interval(ms):,1000,214,9652,17266,0,0,1,486249576987
Measurement_interval(ms):,1000,216,9448,16906,0,0,1,486250577743
Measurement_interval(ms):,1000,214,9448,16816,0,0,1,486251576971
Measurement_interval(ms):,1000,214,9448,16816,0,0,1,486252577016
Measurement_interval(ms):,1000,214,9448,16816,0,0,1,486253576986
Measurement_interval(ms):,1000,214,9448,16816,0,0,1,486254576981
Measurement_interval(ms):,1000,214,9448,16816,0,0,1,486255576970
Measurement_interval(ms):,1000,214,9448,16816,0,0,1,486256576970
Measurement_interval(ms):,1000,214,9448,16816,0,0,1,486257576986
Measurement_interval(ms):,1000,214,9448,16816,0,0,1,486258577013
Measurement_interval(ms):,1000,216,9448,16816,0,0,1,486259577932
Measurement_interval(ms):,1000,214,9448,16816,0,0,1,486260577010
Measurement_interval(ms):,1000,214,9448,16816,0,0,1,486261576987
Measurement_interval(ms):,1000,214,9448,16816,0,0,1,486262577007
Measurement_interval(ms):,1000,214,9448,16816,0,0,1,486263577005
Measurement_interval(ms):,1000,214,9448,16816,0,0,1,486264576978
Measurement_interval(ms):,1000,214,9448,16816,0,0,1,486265576985
Measurement_interval(ms):,1000,214,9448,16816,0,0,1,486266576978
Measurement_interval(ms):,1000,216,9448,16816,0,0,1,486267578558
Measurement_interval(ms):,1000,214,9448,16816,0,0,1,486268577204
Measurement_interval(ms):,1000,214,9448,16816,0,0,1,486269576999
Measurement_interval(ms):,1000,214,9448,16816,0,0,1,486270576970
Measurement_interval(ms):,1000,214,9448,16816,0,0,1,486271577016
Measurement_interval(ms):,1000,214,9448,16816,0,0,1,486272576984
Measurement_interval(ms):,1000,214,9448,16816,0,0,1,486273576972
Measurement_interval(ms):,1000,214,9448,16816,0,0,1,486274576979
