Measurement_interval(ms):,1000,0,0,0,0,0,1,489848670676
Measurement_interval(ms):,1000,0,0,0,0,0,1,489848670678
Measurement_interval(ms):,1000,0,0,0,0,0,1,489848670681
Measurement_interval(ms):,1000,0,0,0,0,0,1,489848670681
Measurement_interval(ms):,1000,0,0,0,0,0,1,489848670729
Measurement_interval(ms):,1000,0,0,0,0,0,1,489848670730
Measurement_interval(ms):,1000,0,0,0,0,0,1,489850338548
Measurement_interval(ms):,1000,0,0,0,0,0,1,489850338560
Measurement_interval(ms):,1000,16,0,0,0,0,1,489851406732
Measurement_interval(ms):,1000,160,0,0,0,0,1,489851811164
Measurement_interval(ms):,1000,368,0,0,0,0,1,489852811118
Measurement_interval(ms):,1000,368,0,0,0,0,1,489853811144
Measurement_interval(ms):,1000,384,0,0,0,0,1,489854811139
Measurement_interval(ms):,1000,368,0,0,0,0,1,489855811125
Measurement_interval(ms):,1000,368,43158,84022,0,0,1,489856811166
Measurement_interval(ms):,1000,384,43158,84022,0,0,1,489857811155
Measurement_interval(ms):,1000,368,43158,84022,0,0,1,489858811140
Measurement_interval(ms):,1000,368,43158,84022,0,0,1,489859811155
Measurement_interval(ms):,1000,368,43158,84022,0,0,1,489860811126
Measurement_interval(ms):,1000,384,43158,84022,0,0,1,489861811159
Measurement_interval(ms):,1000,368,43158,84022,0,0,1,489862811129
Measurement_interval(ms):,1000,368,43158,84022,0,0,1,489863811160
Measurement_interval(ms):,1000,384,43158,84022,0,0,1,489864811139
Measurement_interval(ms):,1000,368,43158,84022,0,0,1,489865811123
Measurement_interval(ms):,1000,368,43158,84022,0,0,1,489866811130
Measurement_interval(ms):,1000,384,43158,84022,0,0,1,489867811115
Measurement_interval(ms):,1000,368,43158,84022,0,0,1,489868811116
Measurement_interval(ms):,1000,368,43158,84022,0,0,1,489869811162
Measurement_interval(ms):,1000,368,43158,84022,0,0,1,489870811126
Measurement_interval(ms):,1000,384,43158,84022,0,0,1,489871811151
Measurement_interval(ms):,1000,368,43158,84022,0,0,1,489872811147
Measurement_interval(ms):,1000,368,43158,84022,0,0,1,489873811122
Measurement_interval(ms):,1000,384,43158,84022,0,0,1,489874811123
Measurement_interval(ms):,1000,368,43158,84022,0,0,1,489875811115
Measurement_interval(ms):,1000,368,43158,84022,0,0,1,489876811128
Measurement_interval(ms):,1000,368,43158,84022,0,0,1,489877811150
Measurement_interval(ms):,1000,384,43158,84022,0,0,1,489878811126
Measurement_interval(ms):,1000,368,43158,84022,0,0,1,489879811155
Measurement_interval(ms):,1000,368,43158,84022,0,0,1,489880811120
Measurement_interval(ms):,1000,384,43158,84022,0,0,1,489881811145
