Measurement_interval(ms):,1000,0,0,0,0,0,1,490272188409
Measurement_interval(ms):,1000,0,0,0,0,0,1,490272188412
Measurement_interval(ms):,1000,0,0,0,0,0,1,490272188415
Measurement_interval(ms):,1000,0,0,0,0,0,1,490272188415
Measurement_interval(ms):,1000,0,0,0,0,0,1,490272188417
Measurement_interval(ms):,1000,0,0,0,0,0,1,490273936050
Measurement_interval(ms):,1000,0,0,0,0,0,1,490273936062
Measurement_interval(ms):,1000,32,0,0,0,0,1,490275105934
Measurement_interval(ms):,1000,256,0,0,0,0,1,490275719363
Measurement_interval(ms):,1000,416,0,0,0,0,1,490276719377
Measurement_interval(ms):,1000,384,0,0,0,0,1,490277719357
Measurement_interval(ms):,1000,416,0,0,0,0,1,490278719382
Measurement_interval(ms):,1000,384,0,0,0,0,1,490279719345
Measurement_interval(ms):,1000,416,0,0,0,0,1,490280719375
Measurement_interval(ms):,1000,384,0,0,0,0,1,490281719372
Measurement_interval(ms):,1000,416,0,0,0,0,1,490282719363
Measurement_interval(ms):,1000,384,0,0,0,0,1,490283719333
Measurement_interval(ms):,1000,416,78806,156539,0,0,1,490284719366
Measurement_interval(ms):,1000,384,78806,156539,0,0,1,490285719374
Measurement_interval(ms):,1000,416,78806,156539,0,0,1,490286719373
Measurement_interval(ms):,1000,384,78806,156539,0,0,1,490287719347
Measurement_interval(ms):,1000,416,78806,156539,0,0,1,490288719361
Measurement_interval(ms):,1000,384,78806,156539,0,0,1,490289719361
Measurement_interval(ms):,1000,416,78806,156539,0,0,1,490290719361
Measurement_interval(ms):,1000,384,78806,156539,0,0,1,490291719347
Measurement_interval(ms):,1000,416,78806,156539,0,0,1,490292719336
Measurement_interval(ms):,1000,384,78806,156539,0,0,1,490293719340
Measurement_interval(ms):,1000,416,78806,156539,0,0,1,490294719337
Measurement_interval(ms):,1000,384,78806,156539,0,0,1,490295719325
Measurement_interval(ms):,1000,416,78806,156539,0,0,1,490296719353
Measurement_interval(ms):,1000,384,78806,156539,0,0,1,490297719367
Measurement_interval(ms):,1000,416,78806,156539,0,0,1,490298719343
Measurement_interval(ms):,1000,416,78806,156539,0,0,1,490299719344
Measurement_interval(ms):,1000,384,78806,156539,0,0,1,490300719315
Measurement_interval(ms):,1000,416,78806,156539,0,0,1,490301719331
Measurement_interval(ms):,1000,384,78806,156539,0,0,1,490302719354
Measurement_interval(ms):,1000,416,78806,156539,0,0,1,490303719317
Measurement_interval(ms):,1000,384,78806,156539,0,0,1,490304719317
Measurement_interval(ms):,1000,416,78806,156539,0,0,1,490305719321
Measurement_interval(ms):,1000,384,78806,156539,0,0,1,490306719337
Measurement_interval(ms):,1000,416,78806,156539,0,0,1,490307719329
Measurement_interval(ms):,1000,384,78806,156539,0,0,1,490308719316
Measurement_interval(ms):,1000,416,78806,156539,0,0,1,490309719307
Measurement_interval(ms):,1000,384,78806,156539,0,0,1,490310719349
Measurement_interval(ms):,1000,416,78806,156539,0,0,1,490311719320
Measurement_interval(ms):,1000,384,78806,156539,0,0,1,490312719304
Measurement_interval(ms):,1000,416,78806,156539,0,0,1,490313719339
