Measurement_interval(ms):,1000,0,0,0,0,0,1,488542945725
Measurement_interval(ms):,1000,0,0,0,0,0,1,488546524832
Measurement_interval(ms):,1000,0,0,0,0,0,1,488546524833
Measurement_interval(ms):,1000,0,0,0,0,0,1,488546524836
Measurement_interval(ms):,1000,0,0,0,0,0,1,488546524837
Measurement_interval(ms):,1000,0,0,0,0,0,1,488546524838
Measurement_interval(ms):,1000,0,0,0,0,0,1,488548177901
Measurement_interval(ms):,1000,0,0,0,0,0,1,488548177913
Measurement_interval(ms):,1000,4,0,0,0,0,1,488549073050
Measurement_interval(ms):,1000,132,0,0,0,0,1,488549552412
Measurement_interval(ms):,1000,272,0,0,0,0,1,488550552392
Measurement_interval(ms):,1000,272,14918,27565,0,0,1,488551552431
Measurement_interval(ms):,1000,272,14918,27565,0,0,1,488552552405
Measurement_interval(ms):,1000,272,14918,27565,0,0,1,488553552403
Measurement_interval(ms):,1000,272,14918,27565,0,0,1,488554552428
Measurement_interval(ms):,1000,272,14918,27704,0,0,1,488555552393
Measurement_interval(ms):,1000,272,14918,27704,0,0,1,488556552412
Measurement_interval(ms):,1000,272,14918,27704,0,0,1,488557552389
Measurement_interval(ms):,1000,272,14918,27704,0,0,1,488558552389
Measurement_interval(ms):,1000,272,14918,27704,0,0,1,488559552402
Measurement_interval(ms):,1000,272,14918,27704,0,0,1,488560552391
Measurement_interval(ms):,1000,272,14918,27704,0,0,1,488561552388
Measurement_interval(ms):,1000,272,14918,27704,0,0,1,488562552431
Measurement_interval(ms):,1000,272,14918,27704,0,0,1,488563552705
Measurement_interval(ms):,1000,272,14918,27704,0,0,1,488564553891
Measurement_interval(ms):,1000,268,14918,27704,0,0,1,488565552426
Measurement_interval(ms):,1000,272,14918,27704,0,0,1,488566552412
Measurement_interval(ms):,1000,272,14918,27704,0,0,1,488567552433
Measurement_interval(ms):,1000,272,14918,27704,0,0,1,488568552407
Measurement_interval(ms):,1000,272,14918,27704,0,0,1,488569552417
Measurement_interval(ms):,1000,272,14918,27704,0,0,1,488570552400
Measurement_interval(ms):,1000,272,14918,27704,0,0,1,488571552411
Measurement_interval(ms):,1000,272,14918,27704,0,0,1,488572552385
Measurement_interval(ms):,1000,272,14918,27704,0,0,1,488573552384
Measurement_interval(ms):,1000,272,14918,27704,0,0,1,488574552394
Measurement_interval(ms):,1000,272,14918,27704,0,0,1,488575552393
Measurement_interval(ms):,1000,272,14918,27704,0,0,1,488576552385
Measurement_interval(ms):,1000,272,14918,27704,0,0,1,488577552419
Measurement_interval(ms):,1000,272,14918,27704,0,0,1,488578552392
Measurement_interval(ms):,1000,272,14918,27704,0,0,1,488579552417
Measurement_interval(ms):,1000,272,14918,27704,0,0,1,488580552408
Measurement_interval(ms):,1000,272,14918,27704,0,0,1,488581552393
