Measurement_interval(ms):,1000,0,0,0,0,0,1,481619275388
Measurement_interval(ms):,1000,0,0,0,0,0,1,481627959980
Measurement_interval(ms):,1000,0,0,0,0,0,1,481627959981
Measurement_interval(ms):,1000,0,0,0,0,0,1,481627959984
Measurement_interval(ms):,1000,0,0,0,0,0,1,481627959985
Measurement_interval(ms):,1000,0,0,0,0,0,1,481627959987
Measurement_interval(ms):,1000,0,0,0,0,0,1,481627959988
Measurement_interval(ms):,1000,0,0,0,0,0,1,481627960035
Measurement_interval(ms):,1000,0,0,0,0,0,1,481627960036
Measurement_interval(ms):,1000,0,0,0,0,0,1,481627960038
Measurement_interval(ms):,1000,0,0,0,0,0,1,481629593696
Measurement_interval(ms):,1000,1,0,0,0,0,1,481630434317
Measurement_interval(ms):,1000,64,0,0,0,0,1,481630883960
Measurement_interval(ms):,1000,145,7343,12574,0,0,1,481631884253
Measurement_interval(ms):,1000,145,7343,12574,0,0,1,481632884689
Measurement_interval(ms):,1000,145,7343,12574,0,0,1,481633883934
Measurement_interval(ms):,1000,145,7343,12574,0,0,1,481634883939
Measurement_interval(ms):,1000,145,7343,12508,0,0,1,481635883947
Measurement_interval(ms):,1000,146,7343,12508,0,0,1,481636885723
Measurement_interval(ms):,1000,145,7343,12508,0,0,1,481637883939
Measurement_interval(ms):,1000,145,7343,12508,0,0,1,481638883978
Measurement_interval(ms):,1000,145,7343,12508,0,0,1,481639883990
Measurement_interval(ms):,1000,146,7031,11980,0,0,1,481640884034
Measurement_interval(ms):,1000,145,6992,11980,0,0,1,481641883963
Measurement_interval(ms):,1000,146,6992,11980,0,0,1,481642883989
Measurement_interval(ms):,1000,145,6992,11980,0,0,1,481643883961
Measurement_interval(ms):,1000,146,6992,11980,0,0,1,481644884373
Measurement_interval(ms):,1000,145,6953,11980,0,0,1,481645884004
Measurement_interval(ms):,1000,146,6953,11980,0,0,1,481646884039
Measurement_interval(ms):,1000,145,6953,11980,0,0,1,481647883976
Measurement_interval(ms):,1000,146,6953,11980,0,0,1,481648884004
Measurement_interval(ms):,1000,146,6953,11980,0,0,1,481649885841
Measurement_interval(ms):,1000,145,6953,11980,0,0,1,481650884004
Measurement_interval(ms):,1000,146,6953,11980,0,0,1,481651885137
Measurement_interval(ms):,1000,145,6953,11980,0,0,1,481652883984
Measurement_interval(ms):,1000,146,6953,11980,0,0,1,481653883972
Measurement_interval(ms):,1000,145,6953,11980,0,0,1,481654883989
Measurement_interval(ms):,1000,146,6953,11980,0,0,1,481655883993
Measurement_interval(ms):,1000,144,6953,11980,0,0,1,481656883968
Measurement_interval(ms):,1000,146,6953,11980,0,0,1,481657883985
Measurement_interval(ms):,1000,146,6953,11980,0,0,1,481658884010
Measurement_interval(ms):,1000,146,6953,11980,0,0,1,481659885455
Measurement_interval(ms):,1000,145,6953,11980,0,0,1,481660883985
