Measurement_interval(ms):,1000,0,0,0,0,0,1,488912120266
Measurement_interval(ms):,1000,0,0,0,0,0,1,488918545915
Measurement_interval(ms):,1000,0,0,0,0,0,1,488918545919
Measurement_interval(ms):,1000,0,0,0,0,0,1,488918545922
Measurement_interval(ms):,1000,0,0,0,0,0,1,488918545923
Measurement_interval(ms):,1000,0,0,0,0,0,1,488918545925
Measurement_interval(ms):,1000,0,0,0,0,0,1,488918545926
Measurement_interval(ms):,1000,0,0,0,0,0,1,488918545927
Measurement_interval(ms):,1000,0,0,0,0,0,1,488918545928
Measurement_interval(ms):,1000,0,0,0,0,0,1,488920197577
Measurement_interval(ms):,1000,8,0,0,0,0,1,488921091877
Measurement_interval(ms):,1000,120,0,0,0,0,1,488921459706
Measurement_interval(ms):,1000,312,0,0,0,0,1,488922459741
Measurement_interval(ms):,1000,312,0,0,0,0,1,488923459755
Measurement_interval(ms):,1000,312,25869,49417,0,0,1,488924459736
Measurement_interval(ms):,1000,312,25869,49417,0,0,1,488925459718
Measurement_interval(ms):,1000,312,25869,49417,0,0,1,488926459755
Measurement_interval(ms):,1000,312,25869,49417,0,0,1,488927459742
Measurement_interval(ms):,1000,312,25869,49417,0,0,1,488928459707
Measurement_interval(ms):,1000,312,25869,49666,0,0,1,488929459711
Measurement_interval(ms):,1000,312,25869,49666,0,0,1,488930459704
Measurement_interval(ms):,1000,312,25869,49666,0,0,1,488931459722
Measurement_interval(ms):,1000,312,25869,49666,0,0,1,488932459717
Measurement_interval(ms):,1000,312,25869,49666,0,0,1,488933459719
Measurement_interval(ms):,1000,312,25869,49666,0,0,1,488934459727
Measurement_interval(ms):,1000,312,25869,49666,0,0,1,488935459798
Measurement_interval(ms):,1000,312,25869,49666,0,0,1,488936460231
Measurement_interval(ms):,1000,312,25869,49666,0,0,1,488937461431
Measurement_interval(ms):,1000,312,25869,49666,0,0,1,488938461550
Measurement_interval(ms):,1000,304,25869,49666,0,0,1,488939459723
Measurement_interval(ms):,1000,320,25869,49666,0,0,1,488940461523
Measurement_interval(ms):,1000,312,25869,49666,0,0,1,488941460946
Measurement_interval(ms):,1000,304,25869,49666,0,0,1,488942459721
Measurement_interval(ms):,1000,312,25869,49666,0,0,1,488943459748
Measurement_interval(ms):,1000,320,25869,49666,0,0,1,488944459746
Measurement_interval(ms):,1000,312,25869,49666,0,0,1,488945459735
Measurement_interval(ms):,1000,312,25869,49666,0,0,1,488946459712
Measurement_interval(ms):,1000,312,25869,49666,0,0,1,488947459711
Measurement_interval(ms):,1000,320,25869,49666,0,0,1,488948459718
Measurement_interval(ms):,1000,312,25869,49666,0,0,1,488949459722
Measurement_interval(ms):,1000,312,25869,49666,0,0,1,488950459722
Measurement_interval(ms):,1000,312,25869,49666,0,0,1,488951459702
Measurement_interval(ms):,1000,320,25869,49666,0,0,1,488952460180
Measurement_interval(ms):,1000,312,25869,49666,0,0,1,488953459734
Measurement_interval(ms):,1000,312,25869,49666,0,0,1,488954459694
Measurement_interval(ms):,1000,312,25869,49666,0,0,1,488955459735
Measurement_interval(ms):,1000,320,25869,49666,0,0,1,488956461067
Measurement_interval(ms):,1000,312,25869,49666,0,0,1,488957459714
Measurement_interval(ms):,1000,312,25869,49666,0,0,1,488958459709
Measurement_interval(ms):,1000,312,25869,49666,0,0,1,488959460081
Measurement_interval(ms):,1000,312,25869,49666,0,0,1,488960460748
Measurement_interval(ms):,1000,312,25869,49666,0,0,1,488961460705
