Measurement_interval(ms):,250,1920,3972,7665,0,0,1,30046842506,1304,0
Measurement_interval(ms):,250,1920,3972,7665,0,0,1,30047092538,1784,0
Measurement_interval(ms):,250,1920,3972,7665,0,0,1,30047342507,2264,0
Measurement_interval(ms):,250,1952,3972,7665,0,0,1,30047592710,2752,0
Measurement_interval(ms):,250,1920,3972,7665,0,0,1,30047842504,3232,0
Measurement_interval(ms):,250,1920,3972,7665,0,0,1,30048092512,3712,0
Measurement_interval(ms):,250,2144,3972,11214,0,0,1,30048342587,4248,0
Measurement_interval(ms):,250,2112,3972,11214,0,0,1,30048592493,4776,0
Measurement_interval(ms):,250,2112,3972,11214,0,0,1,30048842489,5304,0
Measurement_interval(ms):,250,2144,3972,11214,0,0,1,30049092771,5840,0
Measurement_interval(ms):,250,2112,3972,11214,0,0,1,30049342529,6368,0
Measurement_interval(ms):,250,2112,3972,11214,0,0,1,30049592511,6896,0
Measurement_interval(ms):,250,2112,3972,11214,0,0,1,30049842511,7424,0
Measurement_interval(ms):,250,2144,3972,11214,0,0,1,30050092520,7960,0
Measurement_interval(ms):,250,2112,3972,11214,0,0,1,30050342514,8488,0
Measurement_interval(ms):,250,2112,3972,11214,0,0,1,30050592514,9016,0
Measurement_interval(ms):,250,2144,3972,11214,0,0,1,30050842581,9552,0
Measurement_interval(ms):,250,2112,3972,11214,0,0,1,30051092506,10080,0
Measurement_interval(ms):,250,2112,3972,11214,0,0,1,30051342492,10608,0
Measurement_interval(ms):,250,2144,3972,11214,0,0,1,30051592936,11144,0
Measurement_interval(ms):,250,2112,3972,11214,0,0,1,30051842513,11672,0
Measurement_interval(ms):,250,2112,3972,11214,0,0,1,30052092487,12200,0
Measurement_interval(ms):,250,2112,3972,11214,0,0,1,30052342506,12728,0
Measurement_interval(ms):,250,2144,3972,11214,0,0,1,30052592535,13264,0
Measurement_interval(ms):,250,2112,3972,11214,0,0,1,30052842488,13792,0
Measurement_interval(ms):,250,2112,3972,11214,0,0,1,30053092486,14320,0
Measurement_interval(ms):,250,2112,3972,11214,0,0,1,30053342502,14848,0
Measurement_interval(ms):,250,2112,3972,11214,0,0,1,30053592486,15376,0
Measurement_interval(ms):,250,1984,3972,11214,0,0,1,30053842508,15872,0
Measurement_interval(ms):,250,1920,3972,11214,0,0,1,30054092484,16352,0
Measurement_interval(ms):,250,1920,3972,11214,0,0,1,30054342517,16832,0
Measurement_interval(ms):,250,1920,3972,11214,0,0,1,30054592512,17312,0
Measurement_interval(ms):,250,1920,3972,11214,0,0,1,30054842515,17792,0
Measurement_interval(ms):,250,1920,3972,11214,0,0,1,30055092485,18272,0
Measurement_interval(ms):,250,1952,3972,11214,0,0,1,30055342509,18760,0
Measurement_interval(ms):,250,1920,3972,11214,0,0,1,30055592531,19240,0
Measurement_interval(ms):,250,1920,3972,11214,0,0,1,30055842507,19720,0
Measurement_interval(ms):,250,1920,3972,11214,0,0,1,30056092483,20200,0
Measurement_interval(ms):,250,1920,3972,11214,0,0,1,30056342483,20680,0
Measurement_interval(ms):,250,1920,3972,11214,0,0,1,30056592484,21160,0
Measurement_interval(ms):,250,1920,3972,11214,0,0,1,30056842506,21640,0
Measurement_interval(ms):,250,1920,3972,11214,0,0,1,30057092505,22120,0
Measurement_interval(ms):,250,1920,3972,11214,0,0,1,30057342499,22600,0
Measurement_interval(ms):,250,1952,3972,11214,0,0,1,30057592521,23088,0
Measurement_interval(ms):,250,1920,3972,11214,0,0,1,30057842483,23568,0
Measurement_interval(ms):,250,1920,3972,11214,0,0,1,30058092523,24048,0
Measurement_interval(ms):,250,1920,3972,11214,0,0,1,30058342491,24528,0
Measurement_interval(ms):,250,1920,3972,11214,0,0,1,30058592483,25008,0
Measurement_interval(ms):,250,1920,3972,11214,0,0,1,30058842495,25488,0
Measurement_interval(ms):,250,1952,3972,11214,0,0,1,30059092849,25976,0
Measurement_interval(ms):,250,1920,3972,11214,0,0,1,30059342511,26456,0
Measurement_interval(ms):,250,1920,3972,11214,0,0,1,30059592496,26936,0
Measurement_interval(ms):,250,1824,3972,11214,0,0,1,30059842494,27392,0
Measurement_interval(ms):,250,1920,3972,11214,0,0,1,30060092513,27872,0
Measurement_interval(ms):,250,1920,3972,11214,0,0,1,30060342492,28352,0
Measurement_interval(ms):,250,1920,3972,11214,0,0,1,30060592514,28832,0
Measurement_interval(ms):,250,2048,3972,11214,0,0,1,30060842497,29344,0
Measurement_interval(ms):,250,2112,3972,11214,0,0,1,30061092481,29872,0
Measurement_interval(ms):,250,2112,3972,11214,0,0,1,30061342521,30400,0
Measurement_interval(ms):,250,2144,3972,11214,0,0,1,30061592691,30936,0
Measurement_interval(ms):,250,2112,3972,11214,0,0,1,30061842513,31464,0
Measurement_interval(ms):,250,2112,3972,11214,0,0,1,30062092512,31992,0
Measurement_interval(ms):,250,2112,3972,11214,0,0,1,30062342480,32520,0
Measurement_interval(ms):,250,2144,3972,11214,0,0,1,30062592485,33056,0
Measurement_interval(ms):,250,2112,3972,11214,0,0,1,30062842480,33584,0
Measurement_interval(ms):,250,2112,3972,11214,0,0,1,30063092511,34112,0
Measurement_interval(ms):,250,2112,3951,11214,0,0,1,30063342506,34640,0
Measurement_interval(ms):,250,2144,3951,11214,0,0,1,30063592514,35176,0
Measurement_interval(ms):,250,2112,3930,11214,0,0,1,30063842503,35704,0
Measurement_interval(ms):,250,2112,3909,11214,0,0,1,30064092486,36232,0
Measurement_interval(ms):,250,2144,3909,11214,0,0,1,30064342500,36768,0
Measurement_interval(ms):,250,2112,3909,11214,0,0,1,30064592478,37296,0
Measurement_interval(ms):,250,2144,3909,11214,0,0,1,30064842696,37832,0
Measurement_interval(ms):,250,2112,3909,11214,0,0,1,30065092478,38360,0
Measurement_interval(ms):,250,2112,3909,11214,0,0,1,30065342491,38888,0
Measurement_interval(ms):,250,2144,3867,11214,0,0,1,30065592479,39424,0
Measurement_interval(ms):,250,2112,3867,11214,0,0,1,30065842488,39952,0
Measurement_interval(ms):,250,2112,3762,11214,0,0,1,30066092490,40480,0
Measurement_interval(ms):,250,2144,3762,11214,0,0,1,30066342499,41016,0
Measurement_interval(ms):,250,2112,3762,11214,0,0,1,30066592515,41544,0
Measurement_interval(ms):,250,2112,3762,11214,0,0,1,30066842478,42072,0
Measurement_interval(ms):,250,2144,3762,11214,0,0,1,30067092514,42608,0
Measurement_interval(ms):,250,2112,3762,11214,0,0,1,30067342517,43136,0
Measurement_interval(ms):,250,2112,3762,11214,0,0,1,30067592493,43664,0
Measurement_interval(ms):,250,2144,3762,11214,0,0,1,30067842512,44200,0
Measurement_interval(ms):,250,2112,3762,11214,0,0,1,30068092495,44728,0
Measurement_interval(ms):,250,2144,3762,11214,0,0,1,30068342512,45264,0
Measurement_interval(ms):,250,2112,3762,11214,0,0,1,30068592506,45792,0
Measurement_interval(ms):,250,2144,3762,11214,0,0,1,30068842505,46328,0
Measurement_interval(ms):,250,2144,3762,11214,0,0,1,30069092684,46864,0
Measurement_interval(ms):,250,2112,3762,11214,0,0,1,30069342495,47392,0
Measurement_interval(ms):,250,2144,3762,11214,0,0,1,30069592871,47928,0
Measurement_interval(ms):,250,2112,3762,11214,0,0,1,30069842506,48456,0
Measurement_interval(ms):,250,2144,3762,11214,0,0,1,30070092522,48992,0
Measurement_interval(ms):,250,2112,3762,11214,0,0,1,30070342481,49520,0
Measurement_interval(ms):,250,2144,3762,11214,0,0,1,30070592520,50056,0
Measurement_interval(ms):,250,2112,3762,11214,0,0,1,30070842503,50584,0
Measurement_interval(ms):,250,2144,3762,11214,0,0,1,30071092480,51120,0
Measurement_interval(ms):,250,2144,3741,11214,0,0,1,30071342475,51656,0
Measurement_interval(ms):,250,2112,3741,11214,0,0,1,30071592491,52184,0
Measurement_interval(ms):,250,2144,3741,11214,0,0,1,30071842487,52720,0
Measurement_interval(ms):,250,2112,3741,11214,0,0,1,30072092489,53248,0
Measurement_interval(ms):,250,2144,3741,11214,0,0,1,30072342493,53784,0
