Measurement_interval(ms):,250,2048,7332,23914,0,0,1,30166619236,27296,0
Measurement_interval(ms):,250,2048,7332,23914,0,0,1,30166869258,27808,0
Measurement_interval(ms):,250,2048,7332,23914,0,0,1,30167119212,28320,0
Measurement_interval(ms):,250,2176,7332,23914,0,0,1,30167369239,28864,0
Measurement_interval(ms):,250,2048,7332,23914,0,0,1,30167619216,29376,0
Measurement_interval(ms):,250,2176,7332,23914,0,0,1,30167869243,29920,0
Measurement_interval(ms):,250,2304,7332,23914,0,0,1,30168119239,30496,0
Measurement_interval(ms):,250,2304,7332,23914,0,0,1,30168369238,31072,0
Measurement_interval(ms):,250,2304,7332,23914,0,0,1,30168619247,31648,0
Measurement_interval(ms):,250,2432,7332,23914,0,0,1,30168869257,32256,0
Measurement_interval(ms):,250,2432,7332,23914,0,0,1,30169119239,32864,0
Measurement_interval(ms):,250,2560,7332,23914,0,0,1,30169369225,33504,0
Measurement_interval(ms):,250,2560,7332,23914,0,0,1,30169619233,34144,0
Measurement_interval(ms):,250,2560,7332,23914,0,0,1,30169869220,34784,0
Measurement_interval(ms):,250,2688,7332,23914,0,0,1,30170119239,35456,0
Measurement_interval(ms):,250,2688,7332,23914,0,0,1,30170369209,36128,0
Measurement_interval(ms):,250,2688,7332,23914,0,0,1,30170619238,36800,0
Measurement_interval(ms):,250,2688,7332,23914,0,0,1,30170869228,37472,0
Measurement_interval(ms):,250,2688,7332,23914,0,0,1,30171119226,38144,0
Measurement_interval(ms):,250,2688,7332,23771,0,0,1,30171369208,38816,0
Measurement_interval(ms):,250,2688,7332,23771,0,0,1,30171619214,39488,0
Measurement_interval(ms):,250,2688,7332,23771,0,0,1,30171869242,40160,0
Measurement_interval(ms):,250,2688,7332,23771,0,0,1,30172119229,40832,0
Measurement_interval(ms):,250,2688,7332,23771,0,0,1,30172369245,41504,0
Measurement_interval(ms):,250,2688,7332,23628,0,0,1,30172619228,42176,0
Measurement_interval(ms):,250,2688,7332,23628,0,0,1,30172869232,42848,0
Measurement_interval(ms):,250,2560,7332,23628,0,0,1,30173119208,43488,0
Measurement_interval(ms):,250,2688,7332,23628,0,0,1,30173369217,44160,0
Measurement_interval(ms):,250,2688,7332,23628,0,0,1,30173619228,44832,0
Measurement_interval(ms):,250,2688,7332,23485,0,0,1,30173869245,45504,0
Measurement_interval(ms):,250,2688,7332,23485,0,0,1,30174119209,46176,0
Measurement_interval(ms):,250,2688,7332,23485,0,0,1,30174369231,46848,0
Measurement_interval(ms):,250,2688,7332,23485,0,0,1,30174619208,47520,0
Measurement_interval(ms):,250,2688,7332,23485,0,0,1,30174869639,48192,0
Measurement_interval(ms):,250,2688,7332,23485,0,0,1,30175119209,48864,0
Measurement_interval(ms):,250,2688,7332,23485,0,0,1,30175369207,49536,0
Measurement_interval(ms):,250,2688,7332,23485,0,0,1,30175619219,50208,0
Measurement_interval(ms):,250,2688,7332,23485,0,0,1,30175869217,50880,0
Measurement_interval(ms):,250,2688,7332,23485,0,0,1,30176119221,51552,0
Measurement_interval(ms):,250,2560,7332,23485,0,0,1,30176369214,52192,0
Measurement_interval(ms):,250,2688,7332,23485,0,0,1,30176619210,52864,0
Measurement_interval(ms):,250,2560,7332,23485,0,0,1,30176869225,53504,0
Measurement_interval(ms):,250,2560,7332,23485,0,0,1,30177119226,54144,0
Measurement_interval(ms):,250,2560,7332,23485,0,0,1,30177369242,54784,0
Measurement_interval(ms):,250,2432,7332,23485,0,0,1,30177619215,55392,0
Measurement_interval(ms):,250,2304,7332,23485,0,0,1,30177869210,55968,0
Measurement_interval(ms):,250,2304,7332,23485,0,0,1,30178119242,56544,0
Measurement_interval(ms):,250,2304,7332,23485,0,0,1,30178369228,57120,0
Measurement_interval(ms):,250,2304,7332,23485,0,0,1,30178619205,57696,0
Measurement_interval(ms):,250,2048,7332,23485,0,0,1,30178869235,58208,0
Measurement_interval(ms):,250,2176,7332,23485,0,0,1,30179119227,58752,0
Measurement_interval(ms):,250,1920,7332,23485,0,0,1,30179369542,59232,0
Measurement_interval(ms):,250,1920,7332,23485,0,0,1,30179619241,59712,0
Measurement_interval(ms):,250,1792,7332,23485,0,0,1,30179869252,60160,0
Measurement_interval(ms):,250,1920,7332,23485,0,0,1,30180119237,60640,0
Measurement_interval(ms):,250,1920,7332,23771,0,0,1,30180369252,61120,0
Measurement_interval(ms):,250,1920,7332,23771,0,0,1,30180619244,61600,0
Measurement_interval(ms):,250,1920,7332,23771,0,0,1,30180869219,62080,0
Measurement_interval(ms):,250,1920,7332,23771,0,0,1,30181119204,62560,0
