Measurement_interval(ms):,250,1280,3425,170792,0,0,1,29996023250,744,0
Measurement_interval(ms):,250,1264,3389,112412,0,0,1,29996273208,1060,0
Measurement_interval(ms):,250,1264,3389,110744,0,0,1,29996523241,1376,0
Measurement_interval(ms):,250,1264,3371,110744,0,0,1,29996773221,1692,0
Measurement_interval(ms):,250,1280,3371,110744,0,0,1,29997023231,2012,0
Measurement_interval(ms):,250,1264,3371,80720,0,0,1,29997273256,2328,0
Measurement_interval(ms):,250,1280,3371,79052,0,0,1,29997523316,2648,0
Measurement_interval(ms):,250,1264,3371,79052,0,0,1,29997773225,2964,0
Measurement_interval(ms):,250,1264,3371,79052,0,0,1,29998023253,3280,0
Measurement_interval(ms):,250,1264,3371,79052,0,0,1,29998273254,3596,0
Measurement_interval(ms):,250,1280,3371,79052,0,0,1,29998523253,3916,0
Measurement_interval(ms):,250,1264,3371,79052,0,0,1,29998773243,4232,0
Measurement_interval(ms):,250,1264,3371,79052,0,0,1,29999023218,4548,0
Measurement_interval(ms):,250,1280,3371,79052,0,0,1,29999273343,4868,0
Measurement_interval(ms):,250,1264,3371,79052,0,0,1,29999523213,5184,0
Measurement_interval(ms):,250,1232,3371,79052,0,0,1,29999776019,5492,0
Measurement_interval(ms):,250,1248,3371,84056,0,0,1,30000023221,5804,0
Measurement_interval(ms):,250,1280,3371,107408,0,0,1,30000273458,6124,0
Measurement_interval(ms):,250,1264,3371,107408,0,0,1,30000523234,6440,0
Measurement_interval(ms):,250,1264,3371,107408,0,0,1,30000773251,6756,0
Measurement_interval(ms):,250,1280,3371,107408,0,0,1,30001023208,7076,0
Measurement_interval(ms):,250,1264,3371,109076,0,0,1,30001273241,7392,0
Measurement_interval(ms):,250,1264,3371,109076,0,0,1,30001523227,7708,0
Measurement_interval(ms):,250,1280,3371,109076,0,0,1,30001773243,8028,0
Measurement_interval(ms):,250,1280,3371,109076,0,0,1,30002023227,8348,0
Measurement_interval(ms):,250,1264,3371,109076,0,0,1,30002273230,8664,0
Measurement_interval(ms):,250,1264,3371,109076,0,0,1,30002523214,8980,0
Measurement_interval(ms):,250,1280,3371,110744,0,0,1,30002773241,9300,0
Measurement_interval(ms):,250,1264,3371,110744,0,0,1,30003023213,9616,0
Measurement_interval(ms):,250,1280,3371,110744,0,0,1,30003273213,9936,0
Measurement_interval(ms):,250,1264,3371,110744,0,0,1,30003523212,10252,0
Measurement_interval(ms):,250,1264,3371,110744,0,0,1,30003773207,10568,0
Measurement_interval(ms):,250,1280,3371,112412,0,0,1,30004023253,10888,0
Measurement_interval(ms):,250,1264,3371,112412,0,0,1,30004273236,11204,0
Measurement_interval(ms):,250,1280,3371,110744,0,0,1,30004523252,11524,0
Measurement_interval(ms):,250,1264,3335,110744,0,0,1,30004773227,11840,0
Measurement_interval(ms):,250,1280,3209,110744,0,0,1,30005023302,12160,0
Measurement_interval(ms):,250,1264,3209,110744,0,0,1,30005273230,12476,0
Measurement_interval(ms):,250,1280,3209,110744,0,0,1,30005523208,12796,0
Measurement_interval(ms):,250,1264,3173,109076,0,0,1,30005773237,13112,0
Measurement_interval(ms):,250,1280,3173,110744,0,0,1,30006023225,13432,0
Measurement_interval(ms):,250,1264,3173,110744,0,0,1,30006273209,13748,0
Measurement_interval(ms):,250,1280,3173,110744,0,0,1,30006523208,14068,0
Measurement_interval(ms):,250,1280,3173,110744,0,0,1,30006773542,14388,0
Measurement_interval(ms):,250,1264,3173,110744,0,0,1,30007023223,14704,0
Measurement_interval(ms):,250,1280,3173,110744,0,0,1,30007273235,15024,0
Measurement_interval(ms):,250,1264,3173,110744,0,0,1,30007523219,15340,0
Measurement_interval(ms):,250,1280,3173,109076,0,0,1,30007773250,15660,0
Measurement_interval(ms):,250,1264,3173,109076,0,0,1,30008023247,15976,0
Measurement_interval(ms):,250,1280,3173,109076,0,0,1,30008273250,16296,0
Measurement_interval(ms):,250,1280,3173,109076,0,0,1,30008523209,16616,0
Measurement_interval(ms):,250,1264,3173,110744,0,0,1,30008773248,16932,0
Measurement_interval(ms):,250,1280,3173,110744,0,0,1,30009023380,17252,0
Measurement_interval(ms):,250,1264,3173,110744,0,0,1,30009273260,17568,0
Measurement_interval(ms):,250,1264,3173,112412,0,0,1,30009523217,17884,0
Measurement_interval(ms):,250,1264,3173,112412,0,0,1,30009773245,18200,0
Measurement_interval(ms):,250,1280,3173,112412,0,0,1,30010023208,18520,0
Measurement_interval(ms):,250,1264,3173,112412,0,0,1,30010273248,18836,0
Measurement_interval(ms):,250,1280,3173,112412,0,0,1,30010523449,19156,0
Measurement_interval(ms):,250,1264,3173,112412,0,0,1,30010773223,19472,0
Measurement_interval(ms):,250,1280,3173,112412,0,0,1,30011023240,19792,0
Measurement_interval(ms):,250,1264,3173,112412,0,0,1,30011273223,20108,0
Measurement_interval(ms):,250,1280,3173,112412,0,0,1,30011523209,20428,0
Measurement_interval(ms):,250,1280,3173,112412,0,0,1,30011773208,20748,0
Measurement_interval(ms):,250,1264,3173,115748,0,0,1,30012023221,21064,0
Measurement_interval(ms):,250,1280,3173,117416,0,0,1,30012273225,21384,0
Measurement_interval(ms):,250,1264,3173,117416,0,0,1,30012523224,21700,0
Measurement_interval(ms):,250,1280,3173,117416,0,0,1,30012773233,22020,0
Measurement_interval(ms):,250,1280,3173,117416,0,0,1,30013023511,22340,0
Measurement_interval(ms):,250,1264,3173,117416,0,0,1,30013273232,22656,0
Measurement_interval(ms):,250,1264,3173,119084,0,0,1,30013523222,22972,0
Measurement_interval(ms):,250,1280,3173,119084,0,0,1,30013773208,23292,0
Measurement_interval(ms):,250,1264,3173,119084,0,0,1,30014023209,23608,0
Measurement_interval(ms):,250,1264,3173,119084,0,0,1,30014273244,23924,0
Measurement_interval(ms):,250,1280,3173,142436,0,0,1,30014523225,24244,0
Measurement_interval(ms):,250,1264,3173,139100,0,0,1,30014773209,24560,0
Measurement_interval(ms):,250,1280,3173,142436,0,0,1,30015023237,24880,0
Measurement_interval(ms):,250,1264,3173,142436,0,0,1,30015273208,25196,0
Measurement_interval(ms):,250,1280,3173,144104,0,0,1,30015523537,25516,0
Measurement_interval(ms):,250,1264,3173,144104,0,0,1,30015773230,25832,0
Measurement_interval(ms):,250,1280,3173,145772,0,0,1,30016023298,26152,0
Measurement_interval(ms):,250,1264,3173,147440,0,0,1,30016273233,26468,0
Measurement_interval(ms):,250,1264,3173,147440,0,0,1,30016523217,26784,0
Measurement_interval(ms):,250,1280,3173,147440,0,0,1,30016773232,27104,0
Measurement_interval(ms):,250,1264,3173,147440,0,0,1,30017023233,27420,0
Measurement_interval(ms):,250,1280,3173,147440,0,0,1,30017273243,27740,0
Measurement_interval(ms):,250,1264,3173,147440,0,0,1,30017523226,28056,0
Measurement_interval(ms):,250,1280,3173,147440,0,0,1,30017773209,28376,0
Measurement_interval(ms):,250,1264,3173,145772,0,0,1,30018023209,28692,0
Measurement_interval(ms):,250,1264,3173,145772,0,0,1,30018273220,29008,0
Measurement_interval(ms):,250,1264,3173,145772,0,0,1,30018523255,29324,0
Measurement_interval(ms):,250,1280,3173,145772,0,0,1,30018773210,29644,0
Measurement_interval(ms):,250,1264,3173,145772,0,0,1,30019023222,29960,0
Measurement_interval(ms):,250,1280,3173,144104,0,0,1,30019273212,30280,0
Measurement_interval(ms):,250,1264,3173,144104,0,0,1,30019523214,30596,0
Measurement_interval(ms):,250,1280,3173,142436,0,0,1,30019773238,30916,0
Measurement_interval(ms):,250,1264,3173,142436,0,0,1,30020023241,31232,0
Measurement_interval(ms):,250,1280,3173,142436,0,0,1,30020273210,31552,0
Measurement_interval(ms):,250,1264,3173,142436,0,0,1,30020523254,31868,0
Measurement_interval(ms):,250,1280,3173,142436,0,0,1,30020773416,32188,0
Measurement_interval(ms):,250,1264,3173,142436,0,0,1,30021023209,32504,0
Measurement_interval(ms):,250,1264,3173,142436,0,0,1,30021273210,32820,0
Measurement_interval(ms):,250,1280,3173,140768,0,0,1,30021523244,33140,0
Measurement_interval(ms):,250,1264,3173,139100,0,0,1,30021773210,33456,0
Measurement_interval(ms):,250,1280,3173,119084,0,0,1,30022023235,33776,0
Measurement_interval(ms):,250,1264,3173,119084,0,0,1,30022273210,34092,0
