Measurement_interval(ms):,1000,0,0,0,0,0,1,583250831330
Measurement_interval(ms):,1000,0,0,0,0,0,1,583258643341
Measurement_interval(ms):,1000,0,0,0,0,0,1,583258643343
Measurement_interval(ms):,1000,0,0,0,0,0,1,583258643346
Measurement_interval(ms):,1000,0,0,0,0,0,1,583258643346
Measurement_interval(ms):,1000,0,0,0,0,0,1,583258643348
Measurement_interval(ms):,1000,0,0,0,0,0,1,583258643349
Measurement_interval(ms):,1000,0,0,0,0,0,1,583258643350
Measurement_interval(ms):,1000,0,0,0,0,0,1,583258643351
Measurement_interval(ms):,1000,0,0,0,0,0,1,583258643352
Measurement_interval(ms):,1000,0,0,0,0,0,1,583260256776
Measurement_interval(ms):,1000,8,0,0,0,0,1,583261003233
Measurement_interval(ms):,1000,96,0,0,0,0,1,583261309460
Measurement_interval(ms):,1000,296,0,0,0,0,1,583262309453
Measurement_interval(ms):,1000,304,0,0,0,0,1,583263309500
Measurement_interval(ms):,1000,296,27131,53374,0,0,1,583264309494
Measurement_interval(ms):,1000,304,27131,53374,0,0,1,583265309499
Measurement_interval(ms):,1000,296,27131,53374,0,0,1,583266309491
Measurement_interval(ms):,1000,304,26994,53105,0,0,1,583267309498
Measurement_interval(ms):,1000,296,26994,53105,0,0,1,583268309499
Measurement_interval(ms):,1000,304,26994,53105,0,0,1,583269309463
Measurement_interval(ms):,1000,296,26994,53105,0,0,1,583270309491
Measurement_interval(ms):,1000,304,26994,53105,0,0,1,583271309503
Measurement_interval(ms):,1000,296,26994,53105,0,0,1,583272309471
Measurement_interval(ms):,1000,304,26994,53105,0,0,1,583273309506
Measurement_interval(ms):,1000,296,26994,53105,0,0,1,583274309494
Measurement_interval(ms):,1000,304,26994,53105,0,0,1,583275309489
Measurement_interval(ms):,1000,296,26994,53105,0,0,1,583276309482
Measurement_interval(ms):,1000,304,26994,53105,0,0,1,583277309479
Measurement_interval(ms):,1000,296,26994,53105,0,0,1,583278309498
Measurement_interval(ms):,1000,304,26994,53105,0,0,1,583279309504
Measurement_interval(ms):,1000,296,26994,53105,0,0,1,583280309480
Measurement_interval(ms):,1000,304,26994,53105,0,0,1,583281309508
Measurement_interval(ms):,1000,296,26994,53105,0,0,1,583282309492
Measurement_interval(ms):,1000,304,26994,53105,0,0,1,583283309502
Measurement_interval(ms):,1000,296,26994,53105,0,0,1,583284309473
Measurement_interval(ms):,1000,304,26994,53105,0,0,1,583285309471
Measurement_interval(ms):,1000,296,26994,53105,0,0,1,583286309480
Measurement_interval(ms):,1000,304,26994,53105,0,0,1,583287309500
Measurement_interval(ms):,1000,296,26857,52836,0,0,1,583288309473
Measurement_interval(ms):,1000,304,26857,52836,0,0,1,583289309483
Measurement_interval(ms):,1000,296,26857,52836,0,0,1,583290309470
Measurement_interval(ms):,1000,304,26857,52836,0,0,1,583291309491
Measurement_interval(ms):,1000,296,26857,52836,0,0,1,583292309497
