Measurement_interval(ms):,1000,0,0,0,0,0,1,585486013909
Measurement_interval(ms):,1000,0,0,0,0,0,1,585492968836
Measurement_interval(ms):,1000,0,0,0,0,0,1,585492968839
Measurement_interval(ms):,1000,0,0,0,0,0,1,585492968842
Measurement_interval(ms):,1000,0,0,0,0,0,1,585492968843
Measurement_interval(ms):,1000,0,0,0,0,0,1,585492968844
Measurement_interval(ms):,1000,0,0,0,0,0,1,585492968844
Measurement_interval(ms):,1000,0,0,0,0,0,1,585492968890
Measurement_interval(ms):,1000,0,0,0,0,0,1,585492968891
Measurement_interval(ms):,1000,0,0,0,0,0,1,585492968892
Measurement_interval(ms):,1000,0,0,0,0,0,1,585492968893
Measurement_interval(ms):,1000,0,0,0,0,0,1,585492968999
Measurement_interval(ms):,1000,0,0,0,0,0,1,585492969000
Measurement_interval(ms):,1000,0,0,0,0,0,1,585492969002
Measurement_interval(ms):,1000,0,0,0,0,0,1,585492969002
Measurement_interval(ms):,1000,0,0,0,0,0,1,585494698290
Measurement_interval(ms):,1000,0,0,0,0,0,1,585494698294
Measurement_interval(ms):,1000,32,0,0,0,0,1,585495844405
Measurement_interval(ms):,1000,256,0,0,0,0,1,585496339866
Measurement_interval(ms):,1000,480,0,0,0,0,1,585497339839
Measurement_interval(ms):,1000,480,0,0,0,0,1,585498339860
Measurement_interval(ms):,1000,480,0,0,0,0,1,585499339834
Measurement_interval(ms):,1000,480,0,0,0,0,1,585500339836
Measurement_interval(ms):,1000,480,0,0,0,0,1,585501339860
Measurement_interval(ms):,1000,480,0,0,0,0,1,585502339867
Measurement_interval(ms):,1000,480,64777,130644,0,0,1,585503339827
Measurement_interval(ms):,1000,480,64777,130644,0,0,1,585504339839
Measurement_interval(ms):,1000,480,64777,130644,0,0,1,585505339859
Measurement_interval(ms):,1000,480,64777,130644,0,0,1,585506339863
Measurement_interval(ms):,1000,480,64777,130644,0,0,1,585507339817
Measurement_interval(ms):,1000,480,64777,130644,0,0,1,585508339831
Measurement_interval(ms):,1000,480,64777,130644,0,0,1,585509339860
Measurement_interval(ms):,1000,480,64777,131297,0,0,1,585510339827
Measurement_interval(ms):,1000,512,64777,131297,0,0,1,585511339859
Measurement_interval(ms):,1000,480,64777,131297,0,0,1,585512339832
Measurement_interval(ms):,1000,480,64777,131297,0,0,1,585513339857
Measurement_interval(ms):,1000,480,64777,131297,0,0,1,585514339827
Measurement_interval(ms):,1000,480,64777,131297,0,0,1,585515339853
Measurement_interval(ms):,1000,480,64777,130644,0,0,1,585516339822
Measurement_interval(ms):,1000,480,64777,130644,0,0,1,585517339828
Measurement_interval(ms):,1000,480,64777,130644,0,0,1,585518339816
Measurement_interval(ms):,1000,480,64777,130644,0,0,1,585519339814
Measurement_interval(ms):,1000,480,64777,130644,0,0,1,585520339823
Measurement_interval(ms):,1000,480,64777,130644,0,0,1,585521339841
Measurement_interval(ms):,1000,480,64777,130644,0,0,1,585522339833
Measurement_interval(ms):,1000,480,64777,131297,0,0,1,585523339861
Measurement_interval(ms):,1000,480,64777,131297,0,0,1,585524339822
Measurement_interval(ms):,1000,480,64777,131297,0,0,1,585525339841
Measurement_interval(ms):,1000,480,64777,131297,0,0,1,585526339855
Measurement_interval(ms):,1000,480,64777,131297,0,0,1,585527339812
Measurement_interval(ms):,1000,480,64777,131297,0,0,1,585528339820
Measurement_interval(ms):,1000,480,64777,131297,0,0,1,585529339846
Measurement_interval(ms):,1000,480,64777,131297,0,0,1,585530339835
Measurement_interval(ms):,1000,480,64777,131297,0,0,1,585531339827
