Measurement_interval(ms):,1000,0,0,0,0,0,1,584591520634
Measurement_interval(ms):,1000,0,0,0,0,0,1,584593765557
Measurement_interval(ms):,1000,0,0,0,0,0,1,584593765559
Measurement_interval(ms):,1000,0,0,0,0,0,1,584593765561
Measurement_interval(ms):,1000,0,0,0,0,0,1,584595423030
Measurement_interval(ms):,1000,16,0,0,0,0,1,584596668345
Measurement_interval(ms):,1000,0,0,0,0,0,1,584596668349
Measurement_interval(ms):,1000,400,0,0,0,0,1,584597501102
Measurement_interval(ms):,1000,464,0,0,0,0,1,584598501059
Measurement_interval(ms):,1000,480,0,0,0,0,1,584599501088
Measurement_interval(ms):,1000,464,34261,67592,0,0,1,584600501060
Measurement_interval(ms):,1000,480,34261,67592,0,0,1,584601501069
Measurement_interval(ms):,1000,464,34261,67592,0,0,1,584602501069
Measurement_interval(ms):,1000,480,34261,67592,0,0,1,584603501099
Measurement_interval(ms):,1000,464,34088,67592,0,0,1,584604501053
Measurement_interval(ms):,1000,480,34088,67592,0,0,1,584605501059
Measurement_interval(ms):,1000,464,34088,67592,0,0,1,584606501064
Measurement_interval(ms):,1000,480,34261,67592,0,0,1,584607501076
Measurement_interval(ms):,1000,464,34261,67592,0,0,1,584608501066
Measurement_interval(ms):,1000,480,34261,67592,0,0,1,584609501066
Measurement_interval(ms):,1000,464,34261,67592,0,0,1,584610501068
Measurement_interval(ms):,1000,480,34088,67592,0,0,1,584611501075
Measurement_interval(ms):,1000,464,34088,67592,0,0,1,584612501049
Measurement_interval(ms):,1000,480,34088,67592,0,0,1,584613501090
Measurement_interval(ms):,1000,464,34088,67592,0,0,1,584614501093
Measurement_interval(ms):,1000,480,34088,67592,0,0,1,584615501080
Measurement_interval(ms):,1000,464,34088,67592,0,0,1,584616501058
Measurement_interval(ms):,1000,480,34088,67592,0,0,1,584617501082
Measurement_interval(ms):,1000,464,34088,67592,0,0,1,584618501071
Measurement_interval(ms):,1000,480,34088,67592,0,0,1,584619501046
Measurement_interval(ms):,1000,464,34088,67592,0,0,1,584620501075
Measurement_interval(ms):,1000,480,34088,67592,0,0,1,584621501076
Measurement_interval(ms):,1000,464,34088,67592,0,0,1,584622501067
Measurement_interval(ms):,1000,480,34088,67592,0,0,1,584623501061
Measurement_interval(ms):,1000,464,34088,67592,0,0,1,584624501054
Measurement_interval(ms):,1000,480,34088,67592,0,0,1,584625501055
Measurement_interval(ms):,1000,464,34088,67592,0,0,1,584626501090
Measurement_interval(ms):,1000,480,34088,67592,0,0,1,584627501058
Measurement_interval(ms):,1000,464,34088,67592,0,0,1,584628501069
Measurement_interval(ms):,1000,480,34088,67592,0,0,1,584629501064
Measurement_interval(ms):,1000,464,34088,67592,0,0,1,584630501066
Measurement_interval(ms):,1000,480,34088,67592,0,0,1,584631501065
Measurement_interval(ms):,1000,464,34088,67592,0,0,1,584632501051
Measurement_interval(ms):,1000,480,34088,67592,0,0,1,584633501115
