Measurement_interval(ms):,1000,0,0,0,0,0,1,574112337199
Measurement_interval(ms):,1000,0,0,0,0,0,1,574117105606
Measurement_interval(ms):,1000,0,0,0,0,0,1,574117105609
Measurement_interval(ms):,1000,0,0,0,0,0,1,574117105612
Measurement_interval(ms):,1000,0,0,0,0,0,1,574117105612
Measurement_interval(ms):,1000,0,0,0,0,0,1,574117105614
Measurement_interval(ms):,1000,0,0,0,0,0,1,574117105614
Measurement_interval(ms):,1000,0,0,0,0,0,1,574117105661
Measurement_interval(ms):,1000,0,0,0,0,0,1,574117105662
Measurement_interval(ms):,1000,0,0,0,0,0,1,574118677368
Measurement_interval(ms):,1000,0,0,0,0,0,1,574118677373
Measurement_interval(ms):,1000,27,0,0,0,0,1,574119444308
Measurement_interval(ms):,1000,178,5887,11083,0,0,1,574120444318
Measurement_interval(ms):,1000,179,5887,11083,0,0,1,574121444300
Measurement_interval(ms):,1000,179,5887,11083,0,0,1,574122444308
Measurement_interval(ms):,1000,180,5887,11083,0,0,1,574123444668
Measurement_interval(ms):,1000,179,5887,11083,0,0,1,574124444549
Measurement_interval(ms):,1000,179,5887,11083,0,0,1,574125444290
Measurement_interval(ms):,1000,179,5887,11083,0,0,1,574126444324
Measurement_interval(ms):,1000,180,5887,11083,0,0,1,574127444318
Measurement_interval(ms):,1000,179,5887,11083,0,0,1,574128444283
Measurement_interval(ms):,1000,179,5887,11083,0,0,1,574129444282
Measurement_interval(ms):,1000,180,5887,11025,0,0,1,574130444556
Measurement_interval(ms):,1000,179,5827,10909,0,0,1,574131444307
Measurement_interval(ms):,1000,179,5827,10909,0,0,1,574132444319
Measurement_interval(ms):,1000,180,5677,10851,0,0,1,574133444321
Measurement_interval(ms):,1000,179,5677,10735,0,0,1,574134444325
Measurement_interval(ms):,1000,180,5677,10735,0,0,1,574135444797
Measurement_interval(ms):,1000,178,5647,10735,0,0,1,574136444318
Measurement_interval(ms):,1000,179,5647,10677,0,0,1,574137444328
Measurement_interval(ms):,1000,180,5617,10619,0,0,1,574138444295
Measurement_interval(ms):,1000,179,5677,10735,0,0,1,574139444317
Measurement_interval(ms):,1000,179,5677,10735,0,0,1,574140444282
Measurement_interval(ms):,1000,180,5647,10677,0,0,1,574141444280
Measurement_interval(ms):,1000,179,5647,10677,0,0,1,574142444288
Measurement_interval(ms):,1000,180,5647,10677,0,0,1,574143444297
Measurement_interval(ms):,1000,179,5647,10677,0,0,1,574144444324
Measurement_interval(ms):,1000,180,5617,10677,0,0,1,574145444675
Measurement_interval(ms):,1000,179,5617,10619,0,0,1,574146444317
Measurement_interval(ms):,1000,179,5617,10677,0,0,1,574147444306
Measurement_interval(ms):,1000,180,5617,10619,0,0,1,574148444298
Measurement_interval(ms):,1000,179,5617,10619,0,0,1,574149444294
Measurement_interval(ms):,1000,180,5617,10619,0,0,1,574150444745
Measurement_interval(ms):,1000,179,5617,10619,0,0,1,574151444302
Measurement_interval(ms):,1000,179,5617,10619,0,0,1,574152444328
Measurement_interval(ms):,1000,180,5617,10619,0,0,1,574153444288
Measurement_interval(ms):,1000,179,5617,10619,0,0,1,574154444291
Measurement_interval(ms):,1000,180,5617,10619,0,0,1,574155444402
Measurement_interval(ms):,1000,179,5617,10619,0,0,1,574156444291
Measurement_interval(ms):,1000,180,5617,10619,0,0,1,574157444306
