Measurement_interval(ms):,1000,0,0,0,0,0,1,575774311813
Measurement_interval(ms):,1000,0,0,0,0,0,1,575784329667
Measurement_interval(ms):,1000,0,0,0,0,0,1,575784329668
Measurement_interval(ms):,1000,0,0,0,0,0,1,575784329671
Measurement_interval(ms):,1000,0,0,0,0,0,1,575784329672
Measurement_interval(ms):,1000,0,0,0,0,0,1,575784329674
Measurement_interval(ms):,1000,0,0,0,0,0,1,575784329675
Measurement_interval(ms):,1000,0,0,0,0,0,1,575784329676
Measurement_interval(ms):,1000,0,0,0,0,0,1,575784329676
Measurement_interval(ms):,1000,0,0,0,0,0,1,575784329723
Measurement_interval(ms):,1000,0,0,0,0,0,1,575784329724
Measurement_interval(ms):,1000,0,0,0,0,0,1,575784329726
Measurement_interval(ms):,1000,0,0,0,0,0,1,575785918693
Measurement_interval(ms):,1000,4,0,0,0,0,1,575786573735
Measurement_interval(ms):,1000,180,0,0,0,0,1,575787302430
Measurement_interval(ms):,1000,244,0,0,0,0,1,575788302079
Measurement_interval(ms):,1000,244,17003,33213,0,0,1,575789302043
Measurement_interval(ms):,1000,244,16655,32873,0,0,1,575790302076
Measurement_interval(ms):,1000,244,16655,32873,0,0,1,575791302031
Measurement_interval(ms):,1000,244,16655,32533,0,0,1,575792302033
Measurement_interval(ms):,1000,244,16655,32533,0,0,1,575793302032
Measurement_interval(ms):,1000,244,16655,32533,0,0,1,575794302080
Measurement_interval(ms):,1000,244,16655,32533,0,0,1,575795302058
Measurement_interval(ms):,1000,244,16655,32533,0,0,1,575796302077
Measurement_interval(ms):,1000,244,16655,32533,0,0,1,575797302035
Measurement_interval(ms):,1000,244,16655,32533,0,0,1,575798302071
Measurement_interval(ms):,1000,244,16655,32533,0,0,1,575799302067
Measurement_interval(ms):,1000,244,16655,32533,0,0,1,575800302063
Measurement_interval(ms):,1000,244,16655,32533,0,0,1,575801302034
Measurement_interval(ms):,1000,244,16655,32533,0,0,1,575802302075
Measurement_interval(ms):,1000,248,16568,32533,0,0,1,575803302399
Measurement_interval(ms):,1000,244,16568,32533,0,0,1,575804302045
Measurement_interval(ms):,1000,244,16568,32533,0,0,1,575805302080
Measurement_interval(ms):,1000,244,16568,32533,0,0,1,575806302038
Measurement_interval(ms):,1000,244,16568,32533,0,0,1,575807302051
Measurement_interval(ms):,1000,244,16568,32533,0,0,1,575808302072
Measurement_interval(ms):,1000,244,16568,32533,0,0,1,575809302043
Measurement_interval(ms):,1000,244,16568,32533,0,0,1,575810302067
Measurement_interval(ms):,1000,244,16568,32533,0,0,1,575811302061
Measurement_interval(ms):,1000,248,16568,32533,0,0,1,575812302068
Measurement_interval(ms):,1000,244,16568,32533,0,0,1,575813302079
Measurement_interval(ms):,1000,244,16568,32533,0,0,1,575814302033
Measurement_interval(ms):,1000,244,16568,32533,0,0,1,575815302068
Measurement_interval(ms):,1000,244,16568,32533,0,0,1,575816302040
Measurement_interval(ms):,1000,244,16568,32533,0,0,1,575817302032
Measurement_interval(ms):,1000,244,16568,32533,0,0,1,575818302062
Measurement_interval(ms):,1000,244,16568,32533,0,0,1,575819302073
Measurement_interval(ms):,1000,248,16568,32533,0,0,1,575820302060
Measurement_interval(ms):,1000,244,16568,32363,0,0,1,575821302036
Measurement_interval(ms):,1000,244,16568,32363,0,0,1,575822302057
Measurement_interval(ms):,1000,244,16568,32363,0,0,1,575823302074
Measurement_interval(ms):,1000,244,16568,32363,0,0,1,575824302052
