Measurement_interval(ms):,1000,0,0,0,0,0,1,574818013997
Measurement_interval(ms):,1000,0,0,0,0,0,1,574820123626
Measurement_interval(ms):,1000,0,0,0,0,0,1,574820123627
Measurement_interval(ms):,1000,0,0,0,0,0,1,574820123630
Measurement_interval(ms):,1000,0,0,0,0,0,1,574820123631
Measurement_interval(ms):,1000,0,0,0,0,0,1,574820123633
Measurement_interval(ms):,1000,0,0,0,0,0,1,574820123634
Measurement_interval(ms):,1000,0,0,0,0,0,1,574821689887
Measurement_interval(ms):,1000,0,0,0,0,0,1,574821689890
Measurement_interval(ms):,1000,36,0,0,0,0,1,574822477025
Measurement_interval(ms):,1000,212,9788,18825,0,0,1,574823477018
Measurement_interval(ms):,1000,212,9738,18729,0,0,1,574824476999
Measurement_interval(ms):,1000,212,9738,18729,0,0,1,574825477028
Measurement_interval(ms):,1000,212,9738,18729,0,0,1,574826477033
Measurement_interval(ms):,1000,212,9738,18729,0,0,1,574827477045
Measurement_interval(ms):,1000,212,9738,18729,0,0,1,574828476999
Measurement_interval(ms):,1000,212,9738,18633,0,0,1,574829477015
Measurement_interval(ms):,1000,212,9688,18633,0,0,1,574830476998
Measurement_interval(ms):,1000,212,9638,18537,0,0,1,574831477027
Measurement_interval(ms):,1000,212,9588,18537,0,0,1,574832476997
Measurement_interval(ms):,1000,212,9588,18537,0,0,1,574833476998
Measurement_interval(ms):,1000,212,9588,18537,0,0,1,574834477020
Measurement_interval(ms):,1000,212,9588,18537,0,0,1,574835477039
Measurement_interval(ms):,1000,212,9588,18537,0,0,1,574836477047
Measurement_interval(ms):,1000,212,9588,18441,0,0,1,574837476997
Measurement_interval(ms):,1000,212,9588,18537,0,0,1,574838477015
Measurement_interval(ms):,1000,212,9588,18441,0,0,1,574839477015
Measurement_interval(ms):,1000,212,9538,18441,0,0,1,574840476996
Measurement_interval(ms):,1000,212,9538,18441,0,0,1,574841477009
Measurement_interval(ms):,1000,212,9538,18345,0,0,1,574842477029
Measurement_interval(ms):,1000,212,9538,18345,0,0,1,574843477046
Measurement_interval(ms):,1000,212,9538,18345,0,0,1,574844476996
Measurement_interval(ms):,1000,212,9538,18345,0,0,1,574845477045
Measurement_interval(ms):,1000,212,9538,18345,0,0,1,574846477033
Measurement_interval(ms):,1000,212,9538,18345,0,0,1,574847477013
Measurement_interval(ms):,1000,212,9538,18345,0,0,1,574848477008
Measurement_interval(ms):,1000,212,9538,18345,0,0,1,574849477010
Measurement_interval(ms):,1000,212,9538,18345,0,0,1,574850477030
Measurement_interval(ms):,1000,212,9538,18345,0,0,1,574851477026
Measurement_interval(ms):,1000,212,9538,18441,0,0,1,574852476996
Measurement_interval(ms):,1000,212,9538,18441,0,0,1,574853477018
