Measurement_interval(ms):,1000,0,0,0,0,0,1,486345965929
Measurement_interval(ms):,1000,0,0,0,0,0,1,486350947637
Measurement_interval(ms):,1000,0,0,0,0,0,1,486350947639
Measurement_interval(ms):,1000,0,0,0,0,0,1,486350947642
Measurement_interval(ms):,1000,0,0,0,0,0,1,486350947643
Measurement_interval(ms):,1000,0,0,0,0,0,1,486350947644
Measurement_interval(ms):,1000,0,0,0,0,0,1,486352573573
Measurement_interval(ms):,1000,2,0,0,0,0,1,486353337835
Measurement_interval(ms):,1000,104,0,0,0,0,1,486353716456
Measurement_interval(ms):,1000,282,7600,13111,0,0,1,486354714739
Measurement_interval(ms):,1000,284,7600,13111,0,0,1,486355714735
Measurement_interval(ms):,1000,286,7600,13111,0,0,1,486356716575
Measurement_interval(ms):,1000,284,7600,13111,0,0,1,486357715831
Measurement_interval(ms):,1000,284,7600,13041,0,0,1,486358714913
Measurement_interval(ms):,1000,284,7600,13041,0,0,1,486359714719
Measurement_interval(ms):,1000,284,7600,13041,0,0,1,486360714713
Measurement_interval(ms):,1000,284,7560,13041,0,0,1,486361714739
Measurement_interval(ms):,1000,284,7560,13041,0,0,1,486362714702
Measurement_interval(ms):,1000,284,7560,13041,0,0,1,486363714714
Measurement_interval(ms):,1000,286,7560,13041,0,0,1,486364716567
Measurement_interval(ms):,1000,284,7560,13041,0,0,1,486365715714
Measurement_interval(ms):,1000,284,7560,13041,0,0,1,486366716061
Measurement_interval(ms):,1000,284,7560,13041,0,0,1,486367716600
Measurement_interval(ms):,1000,284,7560,13041,0,0,1,486368716011
Measurement_interval(ms):,1000,284,7560,13041,0,0,1,486369715457
Measurement_interval(ms):,1000,284,7240,12761,0,0,1,486370714707
Measurement_interval(ms):,1000,284,7120,12271,0,0,1,486371714738
Measurement_interval(ms):,1000,284,7120,12271,0,0,1,486372714736
Measurement_interval(ms):,1000,284,7120,12271,0,0,1,486373714754
Measurement_interval(ms):,1000,284,7120,12271,0,0,1,486374714729
Measurement_interval(ms):,1000,284,7120,12271,0,0,1,486375714719
Measurement_interval(ms):,1000,284,7120,12271,0,0,1,486376714755
Measurement_interval(ms):,1000,284,7120,12271,0,0,1,486377714758
Measurement_interval(ms):,1000,284,7120,12271,0,0,1,486378714734
Measurement_interval(ms):,1000,286,7120,12271,0,0,1,486379716315
Measurement_interval(ms):,1000,284,7120,12271,0,0,1,486380715550
Measurement_interval(ms):,1000,284,7120,12271,0,0,1,486381714882
Measurement_interval(ms):,1000,284,7120,12271,0,0,1,486382714721
Measurement_interval(ms):,1000,284,7120,12271,0,0,1,486383714750
