Measurement_interval(ms):,1000,0,0,0,0,0,1,489033205739
Measurement_interval(ms):,1000,0,0,0,0,0,1,489038707529
Measurement_interval(ms):,1000,0,0,0,0,0,1,489038707531
Measurement_interval(ms):,1000,0,0,0,0,0,1,489038707534
Measurement_interval(ms):,1000,0,0,0,0,0,1,489038707535
Measurement_interval(ms):,1000,0,0,0,0,0,1,489038707537
Measurement_interval(ms):,1000,0,0,0,0,0,1,489040335877
Measurement_interval(ms):,1000,0,0,0,0,0,1,489040335888
Measurement_interval(ms):,1000,48,0,0,0,0,1,489041168562
Measurement_interval(ms):,1000,464,0,0,0,0,1,489042168551
Measurement_interval(ms):,1000,464,17699,33129,0,0,1,489043168547
Measurement_interval(ms):,1000,464,17699,33129,0,0,1,489044168558
Measurement_interval(ms):,1000,464,17609,32960,0,0,1,489045168558
Measurement_interval(ms):,1000,464,17609,32960,0,0,1,489046168549
Measurement_interval(ms):,1000,464,17519,32960,0,0,1,489047168556
Measurement_interval(ms):,1000,464,17519,32960,0,0,1,489048168570
Measurement_interval(ms):,1000,464,17519,32960,0,0,1,489049168557
Measurement_interval(ms):,1000,464,17519,32960,0,0,1,489050168566
Measurement_interval(ms):,1000,464,17519,32960,0,0,1,489051168569
Measurement_interval(ms):,1000,464,17519,32960,0,0,1,489052168553
Measurement_interval(ms):,1000,464,17519,32960,0,0,1,489053168569
Measurement_interval(ms):,1000,464,17519,32960,0,0,1,489054168673
Measurement_interval(ms):,1000,464,17519,32960,0,0,1,489055169384
Measurement_interval(ms):,1000,464,17519,32960,0,0,1,489056170442
Measurement_interval(ms):,1000,456,17339,32622,0,0,1,489057168557
Measurement_interval(ms):,1000,464,17339,32622,0,0,1,489058168563
Measurement_interval(ms):,1000,464,17339,32622,0,0,1,489059168558
Measurement_interval(ms):,1000,464,17339,32622,0,0,1,489060168576
Measurement_interval(ms):,1000,464,17339,32622,0,0,1,489061168564
Measurement_interval(ms):,1000,464,17339,32622,0,0,1,489062168573
Measurement_interval(ms):,1000,464,17339,32622,0,0,1,489063168549
Measurement_interval(ms):,1000,464,17339,32622,0,0,1,489064168526
Measurement_interval(ms):,1000,464,17339,32622,0,0,1,489065168535
Measurement_interval(ms):,1000,464,17339,32622,0,0,1,489066168559
Measurement_interval(ms):,1000,464,17339,32622,0,0,1,489067168548
Measurement_interval(ms):,1000,464,17339,32622,0,0,1,489068169864
Measurement_interval(ms):,1000,456,17429,32622,0,0,1,489069168550
Measurement_interval(ms):,1000,464,17429,32622,0,0,1,489070168557
Measurement_interval(ms):,1000,464,17339,32622,0,0,1,489071168542
