Measurement_interval(ms):,1000,0,0,0,0,0,1,490398136425
Measurement_interval(ms):,1000,0,0,0,0,0,1,490402375071
Measurement_interval(ms):,1000,0,0,0,0,0,1,490402375073
Measurement_interval(ms):,1000,0,0,0,0,0,1,490402375076
Measurement_interval(ms):,1000,0,0,0,0,0,1,490402375077
Measurement_interval(ms):,1000,0,0,0,0,0,1,490402375079
Measurement_interval(ms):,1000,0,0,0,0,0,1,490404075506
Measurement_interval(ms):,1000,0,0,0,0,0,1,490404075517
Measurement_interval(ms):,1000,32,0,0,0,0,1,490405112445
Measurement_interval(ms):,1000,416,0,0,0,0,1,490405797304
Measurement_interval(ms):,1000,608,0,0,0,0,1,490406797297
Measurement_interval(ms):,1000,608,0,0,0,0,1,490407798645
Measurement_interval(ms):,1000,576,0,0,0,0,1,490408797297
Measurement_interval(ms):,1000,608,0,0,0,0,1,490409797316
Measurement_interval(ms):,1000,608,0,0,0,0,1,490410797309
Measurement_interval(ms):,1000,608,51690,102913,0,0,1,490411797320
Measurement_interval(ms):,1000,576,51690,102913,0,0,1,490412797310
Measurement_interval(ms):,1000,608,51690,102913,0,0,1,490413797325
Measurement_interval(ms):,1000,608,51690,102913,0,0,1,490414797333
Measurement_interval(ms):,1000,608,51690,102913,0,0,1,490415797329
Measurement_interval(ms):,1000,576,51690,102913,0,0,1,490416797305
Measurement_interval(ms):,1000,608,51690,102913,0,0,1,490417797313
Measurement_interval(ms):,1000,608,51690,102913,0,0,1,490418797329
Measurement_interval(ms):,1000,608,51690,102913,0,0,1,490419797300
Measurement_interval(ms):,1000,576,51690,102913,0,0,1,490420797290
Measurement_interval(ms):,1000,608,51690,102913,0,0,1,490421797307
Measurement_interval(ms):,1000,608,51690,102913,0,0,1,490422797285
Measurement_interval(ms):,1000,608,51690,102913,0,0,1,490423797299
Measurement_interval(ms):,1000,576,51690,102913,0,0,1,490424797303
Measurement_interval(ms):,1000,608,51690,102913,0,0,1,490425797325
Measurement_interval(ms):,1000,608,51690,102913,0,0,1,490426797292
Measurement_interval(ms):,1000,608,51690,102913,0,0,1,490427797303
Measurement_interval(ms):,1000,608,51690,102913,0,0,1,490428798674
Measurement_interval(ms):,1000,576,51690,102913,0,0,1,490429797319
Measurement_interval(ms):,1000,608,51690,102913,0,0,1,490430797295
Measurement_interval(ms):,1000,608,51690,102913,0,0,1,490431797285
Measurement_interval(ms):,1000,608,51690,102913,0,0,1,490432797302
Measurement_interval(ms):,1000,576,51690,102913,0,0,1,490433797313
Measurement_interval(ms):,1000,608,51690,102913,0,0,1,490434797311
Measurement_interval(ms):,1000,608,51690,102913,0,0,1,490435797299
