Measurement_interval(ms):,1000,0,0,0,0,0,1,481496504013
Measurement_interval(ms):,1000,0,0,0,0,0,1,481496504015
Measurement_interval(ms):,1000,0,0,0,0,0,1,481496504018
Measurement_interval(ms):,1000,0,0,0,0,0,1,481496504019
Measurement_interval(ms):,1000,0,0,0,0,0,1,481498132187
Measurement_interval(ms):,1000,0,0,0,0,0,1,481498132198
Measurement_interval(ms):,1000,1,0,0,0,0,1,481498844892
Measurement_interval(ms):,1000,140,6277,10436,0,0,1,481499674965
Measurement_interval(ms):,1000,174,6277,10436,0,0,1,481500676041
Measurement_interval(ms):,1000,173,6277,10436,0,0,1,481501674984
Measurement_interval(ms):,1000,173,6277,10436,0,0,1,481502675001
Measurement_interval(ms):,1000,173,6244,10436,0,0,1,481503674962
Measurement_interval(ms):,1000,174,6244,10436,0,0,1,481504675871
Measurement_interval(ms):,1000,173,6244,10436,0,0,1,481505674962
Measurement_interval(ms):,1000,173,6244,10436,0,0,1,481506674975
Measurement_interval(ms):,1000,173,6244,10436,0,0,1,481507674989
Measurement_interval(ms):,1000,174,6244,10436,0,0,1,481508676130
Measurement_interval(ms):,1000,173,6244,10436,0,0,1,481509676111
Measurement_interval(ms):,1000,173,6244,10380,0,0,1,481510676766
Measurement_interval(ms):,1000,173,6244,10380,0,0,1,481511675305
Measurement_interval(ms):,1000,173,6244,10380,0,0,1,481512674998
Measurement_interval(ms):,1000,173,6178,10380,0,0,1,481513674986
Measurement_interval(ms):,1000,174,6178,10324,0,0,1,481514676293
Measurement_interval(ms):,1000,173,6178,10324,0,0,1,481515674989
Measurement_interval(ms):,1000,173,6178,10324,0,0,1,481516674977
Measurement_interval(ms):,1000,173,6178,10324,0,0,1,481517675012
Measurement_interval(ms):,1000,174,6178,10324,0,0,1,481518675708
Measurement_interval(ms):,1000,173,6178,10324,0,0,1,481519674986
Measurement_interval(ms):,1000,173,6178,10324,0,0,1,481520675027
Measurement_interval(ms):,1000,174,6145,10044,0,0,1,481521676729
Measurement_interval(ms):,1000,173,5848,9988,0,0,1,481522675137
Measurement_interval(ms):,1000,173,5848,9708,0,0,1,481523674992
Measurement_interval(ms):,1000,173,5848,9708,0,0,1,481524674980
Measurement_interval(ms):,1000,173,5848,9708,0,0,1,481525675027
Measurement_interval(ms):,1000,173,5848,9708,0,0,1,481526675031
Measurement_interval(ms):,1000,174,5848,9708,0,0,1,481527676558
Measurement_interval(ms):,1000,173,5848,9708,0,0,1,481528675002
Measurement_interval(ms):,1000,173,5848,9708,0,0,1,481529675030
Measurement_interval(ms):,1000,173,5848,9708,0,0,1,481530674997
Measurement_interval(ms):,1000,173,5848,9708,0,0,1,481531674986
Measurement_interval(ms):,1000,174,5848,9708,0,0,1,481532676261
Measurement_interval(ms):,1000,173,5848,9708,0,0,1,481533674989
Measurement_interval(ms):,1000,173,5848,9708,0,0,1,481534675027
