Measurement_interval(ms):,1000,0,0,0,0,0,1,489737161391
Measurement_interval(ms):,1000,0,0,0,0,0,1,489737161393
Measurement_interval(ms):,1000,0,0,0,0,0,1,489737161396
Measurement_interval(ms):,1000,0,0,0,0,0,1,489737161397
Measurement_interval(ms):,1000,0,0,0,0,0,1,489737161399
Measurement_interval(ms):,1000,0,0,0,0,0,1,489737161400
Measurement_interval(ms):,1000,0,0,0,0,0,1,489738827191
Measurement_interval(ms):,1000,0,0,0,0,0,1,489738827202
Measurement_interval(ms):,1000,16,0,0,0,0,1,489739720134
Measurement_interval(ms):,1000,560,0,0,0,0,1,489740705810
Measurement_interval(ms):,1000,560,0,0,0,0,1,489741705839
Measurement_interval(ms):,1000,560,0,0,0,0,1,489742705808
Measurement_interval(ms):,1000,576,28359,54754,0,0,1,489743705806
Measurement_interval(ms):,1000,560,28359,54754,0,0,1,489744705845
Measurement_interval(ms):,1000,560,28359,54754,0,0,1,489745705852
Measurement_interval(ms):,1000,576,28359,54754,0,0,1,489746705851
Measurement_interval(ms):,1000,560,28359,54754,0,0,1,489747705834
Measurement_interval(ms):,1000,560,28359,54754,0,0,1,489748705810
Measurement_interval(ms):,1000,576,28359,54754,0,0,1,489749705840
Measurement_interval(ms):,1000,560,28359,54754,0,0,1,489750705831
Measurement_interval(ms):,1000,560,28359,54754,0,0,1,489751705824
Measurement_interval(ms):,1000,576,28359,54754,0,0,1,489752707927
Measurement_interval(ms):,1000,560,28359,54754,0,0,1,489753705808
Measurement_interval(ms):,1000,560,28359,54754,0,0,1,489754705823
Measurement_interval(ms):,1000,560,28359,54754,0,0,1,489755705798
Measurement_interval(ms):,1000,576,28359,54754,0,0,1,489756705835
Measurement_interval(ms):,1000,560,28359,54754,0,0,1,489757705807
Measurement_interval(ms):,1000,560,28359,54754,0,0,1,489758705806
Measurement_interval(ms):,1000,576,28359,54754,0,0,1,489759705814
Measurement_interval(ms):,1000,560,28359,54754,0,0,1,489760705827
Measurement_interval(ms):,1000,560,28359,54754,0,0,1,489761705802
Measurement_interval(ms):,1000,560,28359,54754,0,0,1,489762705793
Measurement_interval(ms):,1000,576,28359,54754,0,0,1,489763705809
Measurement_interval(ms):,1000,560,28359,54754,0,0,1,489764705808
Measurement_interval(ms):,1000,560,28359,54754,0,0,1,489765705823
