Measurement_interval(ms):,1000,0,0,0,0,0,1,488428951452
Measurement_interval(ms):,1000,0,0,0,0,0,1,488435635237
Measurement_interval(ms):,1000,0,0,0,0,0,1,488435635239
Measurement_interval(ms):,1000,0,0,0,0,0,1,488435635242
Measurement_interval(ms):,1000,0,0,0,0,0,1,488435635243
Measurement_interval(ms):,1000,0,0,0,0,0,1,488435635244
Measurement_interval(ms):,1000,0,0,0,0,0,1,488435635245
Measurement_interval(ms):,1000,0,0,0,0,0,1,488435635291
Measurement_interval(ms):,1000,0,0,0,0,0,1,488435635291
Measurement_interval(ms):,1000,0,0,0,0,0,1,488437282339
Measurement_interval(ms):,1000,4,0,0,0,0,1,488438038029
Measurement_interval(ms):,1000,200,0,0,0,0,1,488438552725
Measurement_interval(ms):,1000,400,10558,19051,0,0,1,488439554059
Measurement_interval(ms):,1000,396,10558,19051,0,0,1,488440553090
Measurement_interval(ms):,1000,396,10558,19051,0,0,1,488441552695
Measurement_interval(ms):,1000,396,10558,19051,0,0,1,488442552683
Measurement_interval(ms):,1000,396,10558,19051,0,0,1,488443552710
Measurement_interval(ms):,1000,396,10558,19051,0,0,1,488444552672
Measurement_interval(ms):,1000,396,10558,18952,0,0,1,488445552708
Measurement_interval(ms):,1000,396,10503,18952,0,0,1,488446552709
Measurement_interval(ms):,1000,396,10503,18952,0,0,1,488447552677
Measurement_interval(ms):,1000,396,10503,18952,0,0,1,488448552711
Measurement_interval(ms):,1000,400,10503,18952,0,0,1,488449553647
Measurement_interval(ms):,1000,396,10503,18952,0,0,1,488450553040
Measurement_interval(ms):,1000,396,10448,18952,0,0,1,488451552671
Measurement_interval(ms):,1000,396,10448,18853,0,0,1,488452552668
Measurement_interval(ms):,1000,396,10283,18754,0,0,1,488453552699
Measurement_interval(ms):,1000,396,10283,18457,0,0,1,488454552705
Measurement_interval(ms):,1000,396,10228,18457,0,0,1,488455552676
Measurement_interval(ms):,1000,396,10228,18457,0,0,1,488456552699
Measurement_interval(ms):,1000,396,10228,18457,0,0,1,488457552705
Measurement_interval(ms):,1000,396,10228,18457,0,0,1,488458552667
Measurement_interval(ms):,1000,396,10228,18457,0,0,1,488459552682
Measurement_interval(ms):,1000,396,10228,18457,0,0,1,488460552660
Measurement_interval(ms):,1000,396,10228,18457,0,0,1,488461552690
Measurement_interval(ms):,1000,396,10228,18457,0,0,1,488462552678
Measurement_interval(ms):,1000,396,10173,18457,0,0,1,488463552700
Measurement_interval(ms):,1000,396,10173,18457,0,0,1,488464552677
Measurement_interval(ms):,1000,396,10173,18457,0,0,1,488465552704
Measurement_interval(ms):,1000,396,10173,18457,0,0,1,488466552696
Measurement_interval(ms):,1000,396,10173,18457,0,0,1,488467552678
Measurement_interval(ms):,1000,396,10173,18457,0,0,1,488468552653
Measurement_interval(ms):,1000,392,10228,18457,0,0,1,488469552652
