Measurement_interval(ms):,1000,0,0,0,0,0,1,78616716521
Measurement_interval(ms):,1000,0,0,0,0,0,1,78620767087
Measurement_interval(ms):,1000,0,0,0,0,0,1,78620767089
Measurement_interval(ms):,1000,0,0,0,0,0,1,78620767092
Measurement_interval(ms):,1000,0,0,0,0,0,1,78620767093
Measurement_interval(ms):,1000,0,0,0,0,0,1,78620767094
Measurement_interval(ms):,1000,0,0,0,0,0,1,78620767095
Measurement_interval(ms):,1000,0,0,0,0,0,1,78620767096
Measurement_interval(ms):,1000,0,0,0,0,0,1,78620767097
Measurement_interval(ms):,1000,0,0,0,0,0,1,78620767141
Measurement_interval(ms):,1000,0,0,0,0,0,1,78620767142
Measurement_interval(ms):,1000,0,0,0,0,0,1,78620767143
Measurement_interval(ms):,1000,240,0,0,0,0,1,78621014411
Measurement_interval(ms):,1000,1040,0,0,0,0,1,78622014415
Measurement_interval(ms):,1000,1040,15322,30322,0,0,1,78623014443
Measurement_interval(ms):,1000,1040,15322,30322,0,0,1,78624014426
Measurement_interval(ms):,1000,1040,15322,30322,0,0,1,78625014405
Measurement_interval(ms):,1000,1040,15322,30322,0,0,1,78626014427
Measurement_interval(ms):,1000,1040,15322,30322,0,0,1,78627014441
Measurement_interval(ms):,1000,1040,15245,30322,0,0,1,78628014440
Measurement_interval(ms):,1000,1040,15245,30322,0,0,1,78629014415
Measurement_interval(ms):,1000,1040,15245,30322,0,0,1,78630014443
Measurement_interval(ms):,1000,1040,15245,30322,0,0,1,78631014434
Measurement_interval(ms):,1000,1024,15245,30322,0,0,1,78632014428
Measurement_interval(ms):,1000,1040,15245,30322,0,0,1,78633014429
Measurement_interval(ms):,1000,1040,15245,30322,0,0,1,78634014400
Measurement_interval(ms):,1000,1040,15245,30322,0,0,1,78635014429
Measurement_interval(ms):,1000,1040,15245,30322,0,0,1,78636014411
Measurement_interval(ms):,1000,1040,15245,30322,0,0,1,78637014401
Measurement_interval(ms):,1000,1040,15245,30322,0,0,1,78638014401
Measurement_interval(ms):,1000,1040,15245,30322,0,0,1,78639014434
Measurement_interval(ms):,1000,1040,15245,30322,0,0,1,78640014422
Measurement_interval(ms):,1000,1040,15245,30322,0,0,1,78641014406
Measurement_interval(ms):,1000,1040,15245,30322,0,0,1,78642014401
Measurement_interval(ms):,1000,1040,15245,30322,0,0,1,78643014439
Measurement_interval(ms):,1000,1040,15245,30322,0,0,1,78644014433
Measurement_interval(ms):,1000,1040,15245,30322,0,0,1,78645014425
Measurement_interval(ms):,1000,1040,15245,30322,0,0,1,78646014426
Measurement_interval(ms):,1000,1040,15245,30322,0,0,1,78647014441
Measurement_interval(ms):,1000,1040,15245,30322,0,0,1,78648014439
Measurement_interval(ms):,1000,1040,15245,30322,0,0,1,78649014410
Measurement_interval(ms):,1000,1040,15245,30322,0,0,1,78650014398
Measurement_interval(ms):,1000,1040,15245,30322,0,0,1,78651014405
Measurement_interval(ms):,1000,1056,15245,30322,0,0,1,78652014424
Measurement_interval(ms):,1000,1040,15245,30322,0,0,1,78653014433
