Measurement_interval(ms):,1000,0,0,0,0,0,1,148382057563
Measurement_interval(ms):,1000,0,0,0,0,0,1,148389159090
Measurement_interval(ms):,1000,0,0,0,0,0,1,148389159091
Measurement_interval(ms):,1000,0,0,0,0,0,1,148389159094
Measurement_interval(ms):,1000,0,0,0,0,0,1,148389159094
Measurement_interval(ms):,1000,0,0,0,0,0,1,148389159096
Measurement_interval(ms):,1000,0,0,0,0,0,1,148389159097
Measurement_interval(ms):,1000,0,0,0,0,0,1,148389159143
Measurement_interval(ms):,1000,0,0,0,0,0,1,148389159144
Measurement_interval(ms):,1000,0,0,0,0,0,1,148389159146
Measurement_interval(ms):,1000,0,0,0,0,0,1,148389159147
Measurement_interval(ms):,1000,0,0,0,0,0,1,148389159149
Measurement_interval(ms):,1000,744,0,0,0,0,1,148389899257
Measurement_interval(ms):,1000,1056,18321,30132,0,0,1,148390899225
Measurement_interval(ms):,1000,1056,18321,30132,0,0,1,148391899234
Measurement_interval(ms):,1000,1056,18321,29980,0,0,1,148392899271
Measurement_interval(ms):,1000,1048,18321,29980,0,0,1,148393899252
Measurement_interval(ms):,1000,1056,18321,29980,0,0,1,148394899225
Measurement_interval(ms):,1000,1056,18321,29980,0,0,1,148395899253
Measurement_interval(ms):,1000,1032,18321,29980,0,0,1,148396899239
Measurement_interval(ms):,1000,1056,18321,29980,0,0,1,148397899252
Measurement_interval(ms):,1000,1056,18321,29980,0,0,1,148398899241
Measurement_interval(ms):,1000,1056,18321,29980,0,0,1,148399899224
Measurement_interval(ms):,1000,1056,18321,29980,0,0,1,148400899244
Measurement_interval(ms):,1000,1048,18321,29980,0,0,1,148401899235
Measurement_interval(ms):,1000,1056,18321,29980,0,0,1,148402899238
Measurement_interval(ms):,1000,1056,18321,29980,0,0,1,148403899265
Measurement_interval(ms):,1000,1032,18321,29980,0,0,1,148404899237
Measurement_interval(ms):,1000,1056,18321,29980,0,0,1,148405899247
Measurement_interval(ms):,1000,1056,18321,29980,0,0,1,148406899251
Measurement_interval(ms):,1000,1056,18321,29980,0,0,1,148407899234
Measurement_interval(ms):,1000,1056,18321,29980,0,0,1,148408899229
Measurement_interval(ms):,1000,1048,18321,29980,0,0,1,148409899224
Measurement_interval(ms):,1000,1056,18321,29980,0,0,1,148410899271
Measurement_interval(ms):,1000,1056,18321,29980,0,0,1,148411899258
Measurement_interval(ms):,1000,1056,18321,29980,0,0,1,148412900078
Measurement_interval(ms):,1000,1032,18321,29980,0,0,1,148413899237
Measurement_interval(ms):,1000,1056,18321,29980,0,0,1,148414899271
Measurement_interval(ms):,1000,1056,18321,29980,0,0,1,148415899234
Measurement_interval(ms):,1000,1056,18321,29980,0,0,1,148416899261
Measurement_interval(ms):,1000,1056,18321,29980,0,0,1,148417899554
Measurement_interval(ms):,1000,1048,18321,29980,0,0,1,148418899231
Measurement_interval(ms):,1000,1056,18321,29980,0,0,1,148419899231
Measurement_interval(ms):,1000,1056,18321,29980,0,0,1,148420899222
Measurement_interval(ms):,1000,1032,18321,29980,0,0,1,148421899261
