Measurement_interval(ms):,1000,0,0,0,0,0,1,78680956928
Measurement_interval(ms):,1000,0,0,0,0,0,1,78684353165
Measurement_interval(ms):,1000,0,0,0,0,0,1,78684353167
Measurement_interval(ms):,1000,0,0,0,0,0,1,78684353169
Measurement_interval(ms):,1000,0,0,0,0,0,1,78684353170
Measurement_interval(ms):,1000,0,0,0,0,0,1,78684353172
Measurement_interval(ms):,1000,0,0,0,0,0,1,78684353173
Measurement_interval(ms):,1000,0,0,0,0,0,1,78684353174
Measurement_interval(ms):,1000,1184,0,0,0,0,1,78685218407
Measurement_interval(ms):,1000,1472,0,0,0,0,1,78686218402
Measurement_interval(ms):,1000,1440,21364,43214,0,0,1,78687218402
Measurement_interval(ms):,1000,1440,21364,43214,0,0,1,78688218404
Measurement_interval(ms):,1000,1472,21364,43214,0,0,1,78689218410
Measurement_interval(ms):,1000,1440,21364,43214,0,0,1,78690218392
Measurement_interval(ms):,1000,1440,21364,43214,0,0,1,78691218409
Measurement_interval(ms):,1000,1472,21257,42997,0,0,1,78692218509
Measurement_interval(ms):,1000,1440,21257,42997,0,0,1,78693218437
Measurement_interval(ms):,1000,1440,21257,42997,0,0,1,78694218419
Measurement_interval(ms):,1000,1440,21257,42997,0,0,1,78695218436
Measurement_interval(ms):,1000,1472,21257,42997,0,0,1,78696218401
Measurement_interval(ms):,1000,1440,21257,42997,0,0,1,78697218407
Measurement_interval(ms):,1000,1440,21257,42997,0,0,1,78698218414
Measurement_interval(ms):,1000,1472,21257,42997,0,0,1,78699218399
Measurement_interval(ms):,1000,1440,21257,42997,0,0,1,78700218413
Measurement_interval(ms):,1000,1440,21257,42997,0,0,1,78701218388
Measurement_interval(ms):,1000,1472,21257,42997,0,0,1,78702218388
Measurement_interval(ms):,1000,1440,21257,42997,0,0,1,78703218400
Measurement_interval(ms):,1000,1440,21257,42997,0,0,1,78704218407
Measurement_interval(ms):,1000,1472,21257,42997,0,0,1,78705218403
Measurement_interval(ms):,1000,1440,21257,42997,0,0,1,78706218393
Measurement_interval(ms):,1000,1440,21257,42997,0,0,1,78707218424
Measurement_interval(ms):,1000,1472,21257,42997,0,0,1,78708218410
Measurement_interval(ms):,1000,1440,21257,42997,0,0,1,78709218423
Measurement_interval(ms):,1000,1440,21257,42997,0,0,1,78710218394
Measurement_interval(ms):,1000,1472,21257,42997,0,0,1,78711218426
Measurement_interval(ms):,1000,1440,21257,42997,0,0,1,78712218391
Measurement_interval(ms):,1000,1440,21257,42997,0,0,1,78713218426
Measurement_interval(ms):,1000,1472,21257,42997,0,0,1,78714218404
Measurement_interval(ms):,1000,1440,21257,42997,0,0,1,78715218424
Measurement_interval(ms):,1000,1440,21257,42997,0,0,1,78716218412
Measurement_interval(ms):,1000,1472,21257,42997,0,0,1,78717218426
Measurement_interval(ms):,1000,1440,21257,42997,0,0,1,78718218431
