Measurement_interval(ms):,1000,0,0,0,0,0,1,78549099566
Measurement_interval(ms):,1000,0,0,0,0,0,1,78557307748
Measurement_interval(ms):,1000,0,0,0,0,0,1,78557307750
Measurement_interval(ms):,1000,0,0,0,0,0,1,78557307753
Measurement_interval(ms):,1000,0,0,0,0,0,1,78557307753
Measurement_interval(ms):,1000,0,0,0,0,0,1,78557307800
Measurement_interval(ms):,1000,0,0,0,0,0,1,78557307801
Measurement_interval(ms):,1000,0,0,0,0,0,1,78557307803
Measurement_interval(ms):,1000,0,0,0,0,0,1,78557307804
Measurement_interval(ms):,1000,0,0,0,0,0,1,78557307855
Measurement_interval(ms):,1000,0,0,0,0,0,1,78557307856
Measurement_interval(ms):,1000,0,0,0,0,0,1,78557307858
Measurement_interval(ms):,1000,0,0,0,0,0,1,78557307859
Measurement_interval(ms):,1000,56,0,0,0,0,1,78557406807
Measurement_interval(ms):,1000,680,0,0,0,0,1,78558406851
Measurement_interval(ms):,1000,672,11897,23305,0,0,1,78559406806
Measurement_interval(ms):,1000,680,11897,23305,0,0,1,78560406837
Measurement_interval(ms):,1000,672,11838,23305,0,0,1,78561406853
Measurement_interval(ms):,1000,672,11838,23305,0,0,1,78562406832
Measurement_interval(ms):,1000,680,11838,23305,0,0,1,78563406827
Measurement_interval(ms):,1000,672,11838,23305,0,0,1,78564406824
Measurement_interval(ms):,1000,680,11838,23305,0,0,1,78565406807
Measurement_interval(ms):,1000,672,11838,23305,0,0,1,78566406805
Measurement_interval(ms):,1000,680,11838,23305,0,0,1,78567406820
Measurement_interval(ms):,1000,672,11838,23305,0,0,1,78568406820
Measurement_interval(ms):,1000,680,11838,23305,0,0,1,78569406820
Measurement_interval(ms):,1000,672,11838,23305,0,0,1,78570406813
Measurement_interval(ms):,1000,680,11838,23305,0,0,1,78571406854
Measurement_interval(ms):,1000,672,11838,23305,0,0,1,78572406839
Measurement_interval(ms):,1000,680,11838,23305,0,0,1,78573406815
Measurement_interval(ms):,1000,672,11838,23305,0,0,1,78574406805
Measurement_interval(ms):,1000,680,11838,23305,0,0,1,78575406832
Measurement_interval(ms):,1000,672,11838,23305,0,0,1,78576406843
Measurement_interval(ms):,1000,680,11838,23305,0,0,1,78577406805
Measurement_interval(ms):,1000,672,11838,23305,0,0,1,78578406824
Measurement_interval(ms):,1000,680,11838,23305,0,0,1,78579406847
Measurement_interval(ms):,1000,672,11838,23305,0,0,1,78580406811
Measurement_interval(ms):,1000,680,11838,23305,0,0,1,78581406840
Measurement_interval(ms):,1000,672,11838,23305,0,0,1,78582406822
Measurement_interval(ms):,1000,680,11838,23305,0,0,1,78583406816
Measurement_interval(ms):,1000,672,11838,23305,0,0,1,78584406825
Measurement_interval(ms):,1000,680,11838,23305,0,0,1,78585406846
Measurement_interval(ms):,1000,672,11838,23305,0,0,1,78586406845
Measurement_interval(ms):,1000,680,11838,23305,0,0,1,78587406827
Measurement_interval(ms):,1000,672,11838,23305,0,0,1,78588406839
Measurement_interval(ms):,1000,680,11838,23305,0,0,1,78589406825
Measurement_interval(ms):,1000,672,11838,23305,0,0,1,78590406825
