Measurement_interval(ms):,1000,0,0,0,0,0,1,78416369440
Measurement_interval(ms):,1000,0,0,0,0,0,1,78420409972
Measurement_interval(ms):,1000,0,0,0,0,0,1,78420409973
Measurement_interval(ms):,1000,0,0,0,0,0,1,78420409976
Measurement_interval(ms):,1000,0,0,0,0,0,1,78420409977
Measurement_interval(ms):,1000,0,0,0,0,0,1,78420409978
Measurement_interval(ms):,1000,0,0,0,0,0,1,78420409979
Measurement_interval(ms):,1000,0,0,0,0,0,1,78420410026
Measurement_interval(ms):,1000,50,0,0,0,0,1,78420633360
Measurement_interval(ms):,1000,226,8881,17263,0,0,1,78421633340
Measurement_interval(ms):,1000,228,8881,17263,0,0,1,78422633346
Measurement_interval(ms):,1000,226,8881,17349,0,0,1,78423633364
Measurement_interval(ms):,1000,228,8881,17349,0,0,1,78424633330
Measurement_interval(ms):,1000,228,8881,17349,0,0,1,78425633326
Measurement_interval(ms):,1000,226,8881,17349,0,0,1,78426633361
Measurement_interval(ms):,1000,228,8881,17349,0,0,1,78427633362
Measurement_interval(ms):,1000,226,8881,17349,0,0,1,78428633364
Measurement_interval(ms):,1000,228,8881,17349,0,0,1,78429633356
Measurement_interval(ms):,1000,226,8881,17349,0,0,1,78430633331
Measurement_interval(ms):,1000,228,8881,17349,0,0,1,78431633331
Measurement_interval(ms):,1000,226,8881,17349,0,0,1,78432633352
Measurement_interval(ms):,1000,228,8881,17349,0,0,1,78433633342
Measurement_interval(ms):,1000,228,8881,17349,0,0,1,78434633363
Measurement_interval(ms):,1000,226,8881,17349,0,0,1,78435633334
Measurement_interval(ms):,1000,228,8881,17349,0,0,1,78436633348
Measurement_interval(ms):,1000,228,8881,17349,0,0,1,78437633701
Measurement_interval(ms):,1000,226,8881,17349,0,0,1,78438633334
Measurement_interval(ms):,1000,228,8881,17349,0,0,1,78439633373
Measurement_interval(ms):,1000,226,8881,17349,0,0,1,78440633341
Measurement_interval(ms):,1000,228,8881,17349,0,0,1,78441633356
Measurement_interval(ms):,1000,226,8881,17349,0,0,1,78442633358
Measurement_interval(ms):,1000,228,8881,17349,0,0,1,78443633640
Measurement_interval(ms):,1000,226,8881,17435,0,0,1,78444633369
Measurement_interval(ms):,1000,226,8881,17435,0,0,1,78445633365
Measurement_interval(ms):,1000,226,8881,17435,0,0,1,78446633370
Measurement_interval(ms):,1000,226,8881,17435,0,0,1,78447633344
Measurement_interval(ms):,1000,226,8881,17435,0,0,1,78448633375
Measurement_interval(ms):,1000,226,8881,17435,0,0,1,78449633354
Measurement_interval(ms):,1000,226,8881,17435,0,0,1,78450633346
Measurement_interval(ms):,1000,226,8881,17435,0,0,1,78451633363
Measurement_interval(ms):,1000,226,8881,17435,0,0,1,78452633362
