Measurement_interval(ms):,1000,0,0,0,0,0,1,68416569059
Measurement_interval(ms):,1000,0,0,0,0,0,1,68422852585
Measurement_interval(ms):,1000,0,0,0,0,0,1,68422852586
Measurement_interval(ms):,1000,0,0,0,0,0,1,68422852589
Measurement_interval(ms):,1000,0,0,0,0,0,1,68422852590
Measurement_interval(ms):,1000,0,0,0,0,0,1,68422852592
Measurement_interval(ms):,1000,0,0,0,0,0,1,68422852592
Measurement_interval(ms):,1000,0,0,0,0,0,1,68422852638
Measurement_interval(ms):,1000,0,0,0,0,0,1,68422852639
Measurement_interval(ms):,1000,64,0,0,0,0,1,68423093951
Measurement_interval(ms):,1000,288,0,0,0,0,1,68424093985
Measurement_interval(ms):,1000,304,0,0,0,0,1,68425093969
Measurement_interval(ms):,1000,304,0,0,0,0,1,68426093947
Measurement_interval(ms):,1000,288,0,0,0,0,1,68427093982
Measurement_interval(ms):,1000,304,0,0,0,0,1,68428093990
Measurement_interval(ms):,1000,288,54134,108164,0,0,1,68429093968
Measurement_interval(ms):,1000,304,54134,108164,0,0,1,68430093956
Measurement_interval(ms):,1000,304,54134,108164,0,0,1,68431093945
Measurement_interval(ms):,1000,288,54134,108164,0,0,1,68432093975
Measurement_interval(ms):,1000,304,54134,108164,0,0,1,68433093962
Measurement_interval(ms):,1000,288,54134,108164,0,0,1,68434093964
Measurement_interval(ms):,1000,304,54134,108164,0,0,1,68435093977
Measurement_interval(ms):,1000,304,54134,108164,0,0,1,68436093992
Measurement_interval(ms):,1000,288,54134,108164,0,0,1,68437093971
Measurement_interval(ms):,1000,304,54134,108164,0,0,1,68438093977
Measurement_interval(ms):,1000,288,54134,108164,0,0,1,68439093959
Measurement_interval(ms):,1000,304,54134,108164,0,0,1,68440093972
Measurement_interval(ms):,1000,304,54134,108164,0,0,1,68441093946
Measurement_interval(ms):,1000,288,54134,108164,0,0,1,68442093956
Measurement_interval(ms):,1000,304,54134,108164,0,0,1,68443093973
Measurement_interval(ms):,1000,288,54134,108164,0,0,1,68444093998
Measurement_interval(ms):,1000,304,54134,107621,0,0,1,68445093958
Measurement_interval(ms):,1000,304,54134,107621,0,0,1,68446093954
Measurement_interval(ms):,1000,288,54134,107621,0,0,1,68447093963
Measurement_interval(ms):,1000,304,54134,107621,0,0,1,68448093984
Measurement_interval(ms):,1000,288,54134,107621,0,0,1,68449093953
Measurement_interval(ms):,1000,304,54134,107621,0,0,1,68450093985
Measurement_interval(ms):,1000,304,54134,108164,0,0,1,68451093947
Measurement_interval(ms):,1000,288,54134,108164,0,0,1,68452093979
Measurement_interval(ms):,1000,304,54134,108164,0,0,1,68453093994
Measurement_interval(ms):,1000,288,54134,108164,0,0,1,68454093951
Measurement_interval(ms):,1000,304,54134,108164,0,0,1,68455093980
