Measurement_interval(ms):,1000,0,0,0,0,0,1,141319449785
Measurement_interval(ms):,1000,0,0,0,0,0,1,141322841545
Measurement_interval(ms):,1000,0,0,0,0,0,1,141322841548
Measurement_interval(ms):,1000,0,0,0,0,0,1,141322841551
Measurement_interval(ms):,1000,0,0,0,0,0,1,141322841552
Measurement_interval(ms):,1000,0,0,0,0,0,1,141322841554
Measurement_interval(ms):,1000,0,0,0,0,0,1,141322841555
Measurement_interval(ms):,1000,0,0,0,0,0,1,141322841556
Measurement_interval(ms):,1000,0,0,0,0,0,1,141322841557
Measurement_interval(ms):,1000,257,0,0,0,0,1,141323755442
Measurement_interval(ms):,1000,344,0,0,0,0,1,141324755440
Measurement_interval(ms):,1000,300,0,0,0,0,1,141325755441
Measurement_interval(ms):,1000,316,0,0,0,0,1,141326755470
Measurement_interval(ms):,1000,300,0,0,0,0,1,141327755481
Measurement_interval(ms):,1000,344,0,0,0,0,1,141328755437
Measurement_interval(ms):,1000,316,0,0,0,0,1,141329755436
Measurement_interval(ms):,1000,300,0,0,0,0,1,141330755467
Measurement_interval(ms):,1000,300,0,0,0,0,1,141331755450
Measurement_interval(ms):,1000,344,0,0,0,0,1,141332755449
Measurement_interval(ms):,1000,316,137113,191095,0,0,1,141333755447
Measurement_interval(ms):,1000,300,137113,191095,0,0,1,141334755466
Measurement_interval(ms):,1000,300,137113,191095,0,0,1,141335755443
Measurement_interval(ms):,1000,344,137113,191095,0,0,1,141336755440
Measurement_interval(ms):,1000,316,137113,191095,0,0,1,141337755432
Measurement_interval(ms):,1000,300,137113,191095,0,0,1,141338755457
Measurement_interval(ms):,1000,300,137113,191095,0,0,1,141339755459
Measurement_interval(ms):,1000,344,137113,191095,0,0,1,141340755465
Measurement_interval(ms):,1000,316,137113,191095,0,0,1,141341755475
Measurement_interval(ms):,1000,300,137113,191095,0,0,1,141342755430
Measurement_interval(ms):,1000,344,137113,191095,0,0,1,141343755446
Measurement_interval(ms):,1000,316,137113,191095,0,0,1,141344755739
Measurement_interval(ms):,1000,300,137113,191095,0,0,1,141345755442
Measurement_interval(ms):,1000,300,137113,191095,0,0,1,141346755464
Measurement_interval(ms):,1000,344,137113,191095,0,0,1,141347755465
Measurement_interval(ms):,1000,316,137113,191095,0,0,1,141348755428
Measurement_interval(ms):,1000,300,137113,191095,0,0,1,141349755477
Measurement_interval(ms):,1000,300,137113,191095,0,0,1,141350755440
Measurement_interval(ms):,1000,344,137113,191095,0,0,1,141351755432
Measurement_interval(ms):,1000,316,137113,191095,0,0,1,141352755457
Measurement_interval(ms):,1000,300,137113,191095,0,0,1,141353755438
Measurement_interval(ms):,1000,300,137113,191095,0,0,1,141354755456
Measurement_interval(ms):,1000,344,137113,191095,0,0,1,141355755453
Measurement_interval(ms):,1000,316,137113,191095,0,0,1,141356755474
Measurement_interval(ms):,1000,300,137113,191095,0,0,1,141357755437
