Measurement_interval(ms):,1000,0,0,0,0,0,1,150337358305
Measurement_interval(ms):,1000,0,0,0,0,0,1,150340052859
Measurement_interval(ms):,1000,0,0,0,0,0,1,150340052861
Measurement_interval(ms):,1000,0,0,0,0,0,1,150340052864
Measurement_interval(ms):,1000,0,0,0,0,0,1,150340052865
Measurement_interval(ms):,1000,0,0,0,0,0,1,150340052867
Measurement_interval(ms):,1000,0,0,0,0,0,1,150340052867
Measurement_interval(ms):,1000,0,0,0,0,0,1,150340052914
Measurement_interval(ms):,1000,0,0,0,0,0,1,150340052915
Measurement_interval(ms):,1000,97,0,0,0,0,1,150340420451
Measurement_interval(ms):,1000,305,0,0,0,0,1,150341420439
Measurement_interval(ms):,1000,303,0,0,0,0,1,150342420434
Measurement_interval(ms):,1000,305,0,0,0,0,1,150343420411
Measurement_interval(ms):,1000,303,0,0,0,0,1,150344420448
Measurement_interval(ms):,1000,305,0,0,0,0,1,150345420418
Measurement_interval(ms):,1000,303,56937,104953,0,0,1,150346420423
Measurement_interval(ms):,1000,305,56937,104953,0,0,1,150347420454
Measurement_interval(ms):,1000,303,56937,104953,0,0,1,150348420443
Measurement_interval(ms):,1000,305,56937,104953,0,0,1,150349420424
Measurement_interval(ms):,1000,303,56937,104953,0,0,1,150350420463
Measurement_interval(ms):,1000,320,56937,104953,0,0,1,150351420431
Measurement_interval(ms):,1000,305,56937,104953,0,0,1,150352420419
Measurement_interval(ms):,1000,303,56937,104953,0,0,1,150353420450
Measurement_interval(ms):,1000,305,56937,104953,0,0,1,150354420434
Measurement_interval(ms):,1000,303,56937,104953,0,0,1,150355420459
Measurement_interval(ms):,1000,305,56937,104953,0,0,1,150356420420
Measurement_interval(ms):,1000,303,56937,104953,0,0,1,150357420468
Measurement_interval(ms):,1000,305,56937,104953,0,0,1,150358420430
Measurement_interval(ms):,1000,303,56937,104953,0,0,1,150359420457
Measurement_interval(ms):,1000,305,56937,104953,0,0,1,150360420450
Measurement_interval(ms):,1000,303,56937,104953,0,0,1,150361420437
Measurement_interval(ms):,1000,305,56937,104953,0,0,1,150362420462
Measurement_interval(ms):,1000,303,56937,104953,0,0,1,150363420453
Measurement_interval(ms):,1000,305,56937,104953,0,0,1,150364420454
Measurement_interval(ms):,1000,303,56937,104953,0,0,1,150365420433
Measurement_interval(ms):,1000,320,56937,104953,0,0,1,150366420432
Measurement_interval(ms):,1000,305,56937,104953,0,0,1,150367420433
Measurement_interval(ms):,1000,303,56937,104953,0,0,1,150368420439
Measurement_interval(ms):,1000,305,56937,104953,0,0,1,150369420447
Measurement_interval(ms):,1000,303,56937,104953,0,0,1,150370420471
Measurement_interval(ms):,1000,305,56937,104953,0,0,1,150371420459
Measurement_interval(ms):,1000,303,56937,104953,0,0,1,150372420466
Measurement_interval(ms):,1000,305,56937,104953,0,0,1,150373420472
Measurement_interval(ms):,1000,303,56937,104953,0,0,1,150374420454
Measurement_interval(ms):,1000,305,56937,104953,0,0,1,150375420440
Measurement_interval(ms):,1000,303,56937,104953,0,0,1,150376420452
Measurement_interval(ms):,1000,305,56937,104953,0,0,1,150377420442
