Measurement_interval(ms):,1000,0,0,0,0,0,1,68273253251
Measurement_interval(ms):,1000,0,0,0,0,0,1,68278109302
Measurement_interval(ms):,1000,0,0,0,0,0,1,68278109303
Measurement_interval(ms):,1000,0,0,0,0,0,1,68278109306
Measurement_interval(ms):,1000,0,0,0,0,0,1,68278109307
Measurement_interval(ms):,1000,0,0,0,0,0,1,68278109308
Measurement_interval(ms):,1000,0,0,0,0,0,1,68278109309
Measurement_interval(ms):,1000,0,0,0,0,0,1,68278109310
Measurement_interval(ms):,1000,152,0,0,0,0,1,68278785269
Measurement_interval(ms):,1000,232,0,0,0,0,1,68279785240
Measurement_interval(ms):,1000,228,17603,34583,0,0,1,68280785240
Measurement_interval(ms):,1000,228,17603,34583,0,0,1,68281785233
Measurement_interval(ms):,1000,232,17603,34583,0,0,1,68282785244
Measurement_interval(ms):,1000,228,17603,34583,0,0,1,68283785234
Measurement_interval(ms):,1000,232,17603,34583,0,0,1,68284785220
Measurement_interval(ms):,1000,228,17603,34583,0,0,1,68285785239
Measurement_interval(ms):,1000,232,17603,34583,0,0,1,68286785344
Measurement_interval(ms):,1000,228,17603,34583,0,0,1,68287785264
Measurement_interval(ms):,1000,228,17515,34583,0,0,1,68288785239
Measurement_interval(ms):,1000,232,17515,34583,0,0,1,68289785238
Measurement_interval(ms):,1000,228,17603,34583,0,0,1,68290785264
Measurement_interval(ms):,1000,232,17603,34583,0,0,1,68291785257
Measurement_interval(ms):,1000,228,17603,34583,0,0,1,68292785237
Measurement_interval(ms):,1000,228,17603,34583,0,0,1,68293785216
Measurement_interval(ms):,1000,232,17603,34583,0,0,1,68294785231
Measurement_interval(ms):,1000,228,17603,34583,0,0,1,68295785217
Measurement_interval(ms):,1000,232,17603,34583,0,0,1,68296785253
Measurement_interval(ms):,1000,228,17603,34583,0,0,1,68297785238
Measurement_interval(ms):,1000,232,17603,34583,0,0,1,68298785220
Measurement_interval(ms):,1000,228,17603,34583,0,0,1,68299785263
Measurement_interval(ms):,1000,228,17603,34583,0,0,1,68300785218
Measurement_interval(ms):,1000,232,17603,34583,0,0,1,68301785219
Measurement_interval(ms):,1000,228,17603,34583,0,0,1,68302785250
Measurement_interval(ms):,1000,232,17603,34583,0,0,1,68303785240
Measurement_interval(ms):,1000,228,17603,34583,0,0,1,68304785247
Measurement_interval(ms):,1000,232,17603,34583,0,0,1,68305785227
Measurement_interval(ms):,1000,228,17603,34583,0,0,1,68306785247
Measurement_interval(ms):,1000,232,17603,34583,0,0,1,68307785212
Measurement_interval(ms):,1000,228,17603,34583,0,0,1,68308785246
Measurement_interval(ms):,1000,232,17603,34583,0,0,1,68309785234
Measurement_interval(ms):,1000,228,17603,34583,0,0,1,68310785263
Measurement_interval(ms):,1000,228,17515,34583,0,0,1,68311785226
