Measurement_interval(ms):,1000,0,0,0,0,0,1,68350537668
Measurement_interval(ms):,1000,0,0,0,0,0,1,68355911157
Measurement_interval(ms):,1000,0,0,0,0,0,1,68355911159
Measurement_interval(ms):,1000,0,0,0,0,0,1,68355911161
Measurement_interval(ms):,1000,0,0,0,0,0,1,68355911162
Measurement_interval(ms):,1000,0,0,0,0,0,1,68355911163
Measurement_interval(ms):,1000,0,0,0,0,0,1,68355911164
Measurement_interval(ms):,1000,0,0,0,0,0,1,68355911211
Measurement_interval(ms):,1000,40,0,0,0,0,1,68356074100
Measurement_interval(ms):,1000,272,0,0,0,0,1,68357074052
Measurement_interval(ms):,1000,272,0,0,0,0,1,68358074078
Measurement_interval(ms):,1000,272,0,0,0,0,1,68359074087
Measurement_interval(ms):,1000,272,29622,58754,0,0,1,68360074048
Measurement_interval(ms):,1000,272,29622,58754,0,0,1,68361074096
Measurement_interval(ms):,1000,272,29622,58754,0,0,1,68362074074
Measurement_interval(ms):,1000,272,29622,58754,0,0,1,68363074080
Measurement_interval(ms):,1000,272,29622,58754,0,0,1,68364074098
Measurement_interval(ms):,1000,272,29622,58754,0,0,1,68365074053
Measurement_interval(ms):,1000,272,29622,58754,0,0,1,68366074065
Measurement_interval(ms):,1000,272,29622,58754,0,0,1,68367074073
Measurement_interval(ms):,1000,272,29622,58754,0,0,1,68368074069
Measurement_interval(ms):,1000,272,29622,58754,0,0,1,68369074048
Measurement_interval(ms):,1000,264,29622,58754,0,0,1,68370074090
Measurement_interval(ms):,1000,272,29622,58754,0,0,1,68371074065
Measurement_interval(ms):,1000,272,29622,58754,0,0,1,68372074051
Measurement_interval(ms):,1000,272,29622,58754,0,0,1,68373074082
Measurement_interval(ms):,1000,272,29622,58754,0,0,1,68374074073
Measurement_interval(ms):,1000,272,29622,58754,0,0,1,68375074057
Measurement_interval(ms):,1000,272,29622,58754,0,0,1,68376074080
Measurement_interval(ms):,1000,272,29622,58754,0,0,1,68377074049
Measurement_interval(ms):,1000,272,29622,58754,0,0,1,68378074096
Measurement_interval(ms):,1000,272,29622,58754,0,0,1,68379074063
Measurement_interval(ms):,1000,272,29622,58754,0,0,1,68380074073
Measurement_interval(ms):,1000,272,29622,58754,0,0,1,68381074082
Measurement_interval(ms):,1000,272,29622,58754,0,0,1,68382074063
Measurement_interval(ms):,1000,272,29622,58754,0,0,1,68383074089
Measurement_interval(ms):,1000,272,29622,58754,0,0,1,68384074082
Measurement_interval(ms):,1000,272,29622,58754,0,0,1,68385074099
Measurement_interval(ms):,1000,272,29622,58754,0,0,1,68386074095
Measurement_interval(ms):,1000,272,29622,58754,0,0,1,68387074048
Measurement_interval(ms):,1000,272,29622,58754,0,0,1,68388074087
