Measurement_interval(ms):,1000,0,0,0,0,0,1,68216594115
Measurement_interval(ms):,1000,0,0,0,0,0,1,68222553292
Measurement_interval(ms):,1000,0,0,0,0,0,1,68222553293
Measurement_interval(ms):,1000,0,0,0,0,0,1,68222553296
Measurement_interval(ms):,1000,0,0,0,0,0,1,68222553297
Measurement_interval(ms):,1000,0,0,0,0,0,1,68222553298
Measurement_interval(ms):,1000,0,0,0,0,0,1,68222553299
Measurement_interval(ms):,1000,0,0,0,0,0,1,68222553300
Measurement_interval(ms):,1000,0,0,0,0,0,1,68222553301
Measurement_interval(ms):,1000,92,0,0,0,0,1,68223123880
Measurement_interval(ms):,1000,164,12334,24179,0,0,1,68224123908
Measurement_interval(ms):,1000,164,12334,24179,0,0,1,68225123905
Measurement_interval(ms):,1000,162,12334,24179,0,0,1,68226123894
Measurement_interval(ms):,1000,164,12334,24179,0,0,1,68227123921
Measurement_interval(ms):,1000,164,12334,24179,0,0,1,68228123894
Measurement_interval(ms):,1000,164,12334,24179,0,0,1,68229123887
Measurement_interval(ms):,1000,162,12334,24179,0,0,1,68230123913
Measurement_interval(ms):,1000,164,12334,24179,0,0,1,68231123920
Measurement_interval(ms):,1000,164,12334,24179,0,0,1,68232123890
Measurement_interval(ms):,1000,164,12334,24179,0,0,1,68233123891
Measurement_interval(ms):,1000,164,12334,24179,0,0,1,68234123876
Measurement_interval(ms):,1000,162,12334,24179,0,0,1,68235123899
Measurement_interval(ms):,1000,164,12334,24179,0,0,1,68236123877
Measurement_interval(ms):,1000,164,12334,24179,0,0,1,68237123896
Measurement_interval(ms):,1000,164,12334,24179,0,0,1,68238123913
Measurement_interval(ms):,1000,164,12334,24179,0,0,1,68239123919
Measurement_interval(ms):,1000,164,12334,24179,0,0,1,68240123905
Measurement_interval(ms):,1000,164,12334,24179,0,0,1,68241123915
Measurement_interval(ms):,1000,164,12334,24179,0,0,1,68242123906
Measurement_interval(ms):,1000,164,12334,24179,0,0,1,68243123911
Measurement_interval(ms):,1000,164,12334,24179,0,0,1,68244123914
Measurement_interval(ms):,1000,164,12334,24179,0,0,1,68245124066
Measurement_interval(ms):,1000,162,12334,24179,0,0,1,68246123890
Measurement_interval(ms):,1000,164,12334,24179,0,0,1,68247123906
Measurement_interval(ms):,1000,164,12334,24179,0,0,1,68248123887
Measurement_interval(ms):,1000,164,12334,24179,0,0,1,68249123909
Measurement_interval(ms):,1000,164,12334,24179,0,0,1,68250123881
Measurement_interval(ms):,1000,164,12334,24179,0,0,1,68251123906
Measurement_interval(ms):,1000,164,12334,24179,0,0,1,68252123887
Measurement_interval(ms):,1000,164,12334,24179,0,0,1,68253123914
Measurement_interval(ms):,1000,164,12334,24179,0,0,1,68254123916
