Measurement_interval(ms):,1000,0,0,0,0,0,1,153551688967
Measurement_interval(ms):,1000,0,0,0,0,0,1,153557289307
Measurement_interval(ms):,1000,0,0,0,0,0,1,153557289309
Measurement_interval(ms):,1000,0,0,0,0,0,1,153557289311
Measurement_interval(ms):,1000,0,0,0,0,0,1,153557289312
Measurement_interval(ms):,1000,0,0,0,0,0,1,153557289313
Measurement_interval(ms):,1000,0,0,0,0,0,1,153557289314
Measurement_interval(ms):,1000,0,0,0,0,0,1,153557289361
Measurement_interval(ms):,1000,0,0,0,0,0,1,153557289362
Measurement_interval(ms):,1000,213,0,0,39,18,1,153558219399
Measurement_interval(ms):,1000,240,0,0,40,16,1,153559219412
Measurement_interval(ms):,1000,234,26239,254225,39,15,1,153560219385
Measurement_interval(ms):,1000,240,26239,254225,40,21,1,153561219379
Measurement_interval(ms):,1000,240,26239,254225,40,16,1,153562219561
Measurement_interval(ms):,1000,240,25805,235217,40,12,1,153563219713
Measurement_interval(ms):,1000,240,25805,235217,40,15,1,153564219394
Measurement_interval(ms):,1000,240,25805,213833,40,13,1,153565219367
Measurement_interval(ms):,1000,234,25805,213833,39,16,1,153566219418
Measurement_interval(ms):,1000,240,25805,213833,40,23,1,153567219399
Measurement_interval(ms):,1000,240,25805,52265,40,12,1,153568219550
Measurement_interval(ms):,1000,240,25805,52265,40,20,1,153569219715
Measurement_interval(ms):,1000,240,25805,52265,40,16,1,153570219892
Measurement_interval(ms):,1000,234,25805,52265,39,15,1,153571219369
Measurement_interval(ms):,1000,240,25805,52265,40,12,1,153572219399
Measurement_interval(ms):,1000,240,25805,52265,40,15,1,153573219416
Measurement_interval(ms):,1000,240,25805,52265,40,9,1,153574219573
Measurement_interval(ms):,1000,240,25805,52265,40,9,1,153575219756
Measurement_interval(ms):,1000,240,25805,52265,40,13,1,153576219383
Measurement_interval(ms):,1000,240,25805,52265,40,11,1,153577219731
Measurement_interval(ms):,1000,234,25805,52265,39,11,1,153578219373
Measurement_interval(ms):,1000,240,25805,52265,40,15,1,153579219382
Measurement_interval(ms):,1000,240,25805,52265,40,17,1,153580219567
Measurement_interval(ms):,1000,240,25805,52265,40,12,1,153581219734
Measurement_interval(ms):,1000,240,25805,52265,40,15,1,153582219364
Measurement_interval(ms):,1000,240,25805,52265,40,13,1,153583219379
Measurement_interval(ms):,1000,234,25805,52265,39,11,1,153584219363
Measurement_interval(ms):,1000,240,25805,52265,40,8,1,153585219364
Measurement_interval(ms):,1000,240,25805,52265,40,11,1,153586219546
Measurement_interval(ms):,1000,240,25805,52265,40,13,1,153587219721
Measurement_interval(ms):,1000,240,25805,52265,40,11,1,153588219403
Measurement_interval(ms):,1000,240,25805,52265,40,8,1,153589219402
Measurement_interval(ms):,1000,240,25805,52265,40,15,1,153590219400
Measurement_interval(ms):,1000,240,25805,52265,40,11,1,153591219373
Measurement_interval(ms):,1000,234,25805,52265,39,14,1,153592219551
