Measurement_interval(ms):,250,0,0,0,0,0,1,28418650634,0,0
Measurement_interval(ms):,250,0,0,0,0,0,1,28424537498,0,0
Measurement_interval(ms):,250,0,0,0,0,0,1,28424537500,0,0
Measurement_interval(ms):,250,0,0,0,0,0,1,28424537504,0,0
Measurement_interval(ms):,250,0,0,0,0,0,1,28424537505,0,0
Measurement_interval(ms):,250,0,0,0,0,0,1,28424537506,0,0
Measurement_interval(ms):,250,0,0,0,0,0,1,28424537507,0,0
Measurement_interval(ms):,250,0,0,0,0,0,1,28424537549,0,0
Measurement_interval(ms):,250,0,0,0,0,0,1,28424537551,0,0
Measurement_interval(ms):,250,0,0,0,0,0,1,28424537554,0,0
Measurement_interval(ms):,250,0,0,0,0,0,1,28424537555,0,0
Measurement_interval(ms):,250,0,0,0,0,0,1,28424537557,0,0
Measurement_interval(ms):,250,0,0,0,0,0,1,28424537558,0,0
Measurement_interval(ms):,250,0,0,0,0,0,1,28424537560,0,0
Measurement_interval(ms):,250,0,0,0,0,0,1,28424537561,0,0
Measurement_interval(ms):,250,0,0,0,0,0,1,28424537604,0,0
Measurement_interval(ms):,250,0,0,0,0,0,1,28424537605,0,0
Measurement_interval(ms):,250,0,0,0,0,0,1,28424537608,0,0
Measurement_interval(ms):,250,0,0,0,0,0,1,28424537609,0,0
Measurement_interval(ms):,250,0,0,0,0,0,1,28424537612,0,0
Measurement_interval(ms):,250,0,0,0,0,0,1,28424537613,0,0
Measurement_interval(ms):,250,0,0,0,0,0,1,28424537614,0,0
Measurement_interval(ms):,250,0,0,0,0,0,1,28424537615,0,0
Measurement_interval(ms):,250,0,0,0,0,0,1,28424537616,0,0
Measurement_interval(ms):,250,0,0,0,0,0,1,28424537617,0,0
Measurement_interval(ms):,250,0,0,0,0,0,1,28424537659,0,0
Measurement_interval(ms):,250,0,0,0,0,0,1,28424537660,0,0
Measurement_interval(ms):,250,0,0,0,0,0,1,28424537663,0,0
Measurement_interval(ms):,250,0,0,0,0,0,1,28424537664,0,0
Measurement_interval(ms):,250,0,0,0,0,0,1,28424537667,0,0
Measurement_interval(ms):,250,0,0,0,0,0,1,28424537668,0,0
Measurement_interval(ms):,250,0,0,0,0,0,1,28424537669,0,0
Measurement_interval(ms):,250,0,0,0,0,0,1,28424537670,0,0
Measurement_interval(ms):,250,0,0,0,0,0,1,28424537714,0,0
Measurement_interval(ms):,250,0,0,0,0,0,1,28424537715,0,0
Measurement_interval(ms):,250,0,0,0,0,0,1,28424537719,0,0
Measurement_interval(ms):,250,0,0,0,0,0,1,28424537720,0,0
Measurement_interval(ms):,250,0,0,0,0,0,1,28424537722,0,0
Measurement_interval(ms):,250,0,0,0,0,0,1,28424537723,0,0
Measurement_interval(ms):,250,0,0,0,0,0,1,28424537724,0,0
Measurement_interval(ms):,250,0,0,0,0,0,1,28424537725,0,0
Measurement_interval(ms):,250,0,0,0,0,0,1,28424537727,0,0
Measurement_interval(ms):,250,0,0,0,0,0,1,28424537728,0,0
Measurement_interval(ms):,250,0,0,0,0,0,1,28424537729,0,0
Measurement_interval(ms):,250,0,0,0,0,0,1,28424537730,0,0
Measurement_interval(ms):,250,0,0,0,0,0,1,28424537769,0,0
Measurement_interval(ms):,250,0,0,0,0,0,1,28424537770,0,0
Measurement_interval(ms):,250,0,0,0,0,0,1,28424537773,0,0
Measurement_interval(ms):,250,0,0,0,0,0,1,28424537774,0,0
Measurement_interval(ms):,250,0,0,0,0,0,1,28424537777,0,0
Measurement_interval(ms):,250,0,0,0,0,0,1,28424537778,0,0
Measurement_interval(ms):,250,0,0,0,0,0,1,28424537779,0,0
Measurement_interval(ms):,250,0,0,0,0,0,1,28424537780,0,0
Measurement_interval(ms):,250,0,0,0,0,0,1,28424537824,0,0
Measurement_interval(ms):,250,0,0,0,0,0,1,28424537825,0,0
Measurement_interval(ms):,250,0,0,0,0,0,1,28424537828,0,0
Measurement_interval(ms):,250,0,0,0,0,0,1,28424537829,0,0
Measurement_interval(ms):,250,0,0,0,0,0,1,28424537832,0,0
Measurement_interval(ms):,250,0,0,0,0,0,1,28424537833,0,0
Measurement_interval(ms):,250,64,0,0,0,0,1,28424638673,16,0
Measurement_interval(ms):,250,384,0,0,0,0,1,28424888638,112,0
Measurement_interval(ms):,250,384,0,0,0,0,1,28425138654,208,0
Measurement_interval(ms):,250,384,0,0,0,0,1,28425388637,304,0
Measurement_interval(ms):,250,384,0,0,0,0,1,28425638628,400,0
Measurement_interval(ms):,250,384,0,0,0,0,1,28425888654,496,0
Measurement_interval(ms):,250,384,0,0,0,0,1,28426138629,592,0
Measurement_interval(ms):,250,384,0,0,0,0,1,28426388636,688,0
Measurement_interval(ms):,250,384,0,0,0,0,1,28426638666,784,0
Measurement_interval(ms):,250,384,0,0,0,0,1,28426888633,880,0
Measurement_interval(ms):,250,384,0,0,0,0,1,28427138636,976,0
Measurement_interval(ms):,250,384,0,0,0,0,1,28427388669,1072,0
Measurement_interval(ms):,250,384,0,0,0,0,1,28427638667,1168,0
Measurement_interval(ms):,250,384,0,0,0,0,1,28427888643,1264,0
Measurement_interval(ms):,250,384,0,0,0,0,1,28428138669,1360,0
Measurement_interval(ms):,250,384,0,0,0,0,1,28428388678,1456,0
Measurement_interval(ms):,250,384,0,0,0,0,1,28428638660,1552,0
Measurement_interval(ms):,250,384,0,0,0,0,1,28428888653,1648,0
Measurement_interval(ms):,250,384,0,0,0,0,1,28429138667,1744,0
Measurement_interval(ms):,250,384,41703,81241,0,0,1,28429388637,1840,0
Measurement_interval(ms):,250,384,41703,81241,0,0,1,28429638643,1936,0
Measurement_interval(ms):,250,384,41703,81241,0,0,1,28429888628,2032,0
Measurement_interval(ms):,250,384,41703,81241,0,0,1,28430138665,2128,0
Measurement_interval(ms):,250,384,41703,81241,0,0,1,28430388630,2224,0
Measurement_interval(ms):,250,384,41703,81241,0,0,1,28430638629,2320,0
Measurement_interval(ms):,250,384,41703,81241,0,0,1,28430888676,2416,0
Measurement_interval(ms):,250,384,41703,81241,0,0,1,28431138661,2512,0
Measurement_interval(ms):,250,384,41703,81241,0,0,1,28431388662,2608,0
Measurement_interval(ms):,250,384,41703,81241,0,0,1,28431638644,2704,0
Measurement_interval(ms):,250,384,41703,81241,0,0,1,28431888675,2800,0
Measurement_interval(ms):,250,384,41703,81241,0,0,1,28432138649,2896,0
Measurement_interval(ms):,250,384,41703,81241,0,0,1,28432388634,2992,0
Measurement_interval(ms):,250,384,41703,81241,0,0,1,28432638634,3088,0
Measurement_interval(ms):,250,384,41703,81241,0,0,1,28432888662,3184,0
Measurement_interval(ms):,250,384,41703,81241,0,0,1,28433138677,3280,0
Measurement_interval(ms):,250,384,42535,105023,0,0,1,28433388656,3376,0
Measurement_interval(ms):,250,384,42535,105023,0,0,1,28433638625,3472,0
Measurement_interval(ms):,250,384,42535,105023,0,0,1,28433888669,3568,0
Measurement_interval(ms):,250,384,42535,105023,0,0,1,28434138657,3664,0
Measurement_interval(ms):,250,384,42535,105023,0,0,1,28434388662,3760,0
Measurement_interval(ms):,250,384,42535,105023,0,0,1,28434638626,3856,0
Measurement_interval(ms):,250,384,42535,105023,0,0,1,28434888658,3952,0
Measurement_interval(ms):,250,384,42535,105023,0,0,1,28435138653,4048,0
Measurement_interval(ms):,250,384,42535,105023,0,0,1,28435388626,4144,0
Measurement_interval(ms):,250,384,42535,105023,0,0,1,28435638651,4240,0
Measurement_interval(ms):,250,384,42535,105023,0,0,1,28435888625,4336,0
Measurement_interval(ms):,250,384,42535,105023,0,0,1,28436138664,4432,0
Measurement_interval(ms):,250,384,42535,105023,0,0,1,28436388626,4528,0
Measurement_interval(ms):,250,384,42535,105023,0,0,1,28436638671,4624,0
Measurement_interval(ms):,250,384,42535,105023,0,0,1,28436888645,4720,0
Measurement_interval(ms):,250,384,42535,105023,0,0,1,28437138640,4816,0
Measurement_interval(ms):,250,384,42535,105023,0,0,1,28437388639,4912,0
Measurement_interval(ms):,250,384,41911,83265,0,0,1,28437638672,5008,0
Measurement_interval(ms):,250,384,41911,83265,0,0,1,28437888624,5104,0
Measurement_interval(ms):,250,384,41911,83265,0,0,1,28438138626,5200,0
Measurement_interval(ms):,250,384,41911,83265,0,0,1,28438388666,5296,0
Measurement_interval(ms):,250,384,41911,83265,0,0,1,28438638631,5392,0
Measurement_interval(ms):,250,384,41911,83265,0,0,1,28438888661,5488,0
Measurement_interval(ms):,250,384,41911,83265,0,0,1,28439138632,5584,0
Measurement_interval(ms):,250,384,41911,83265,0,0,1,28439388656,5680,0
Measurement_interval(ms):,250,384,41911,83265,0,0,1,28439638669,5776,0
Measurement_interval(ms):,250,384,41911,83265,0,0,1,28439888631,5872,0
Measurement_interval(ms):,250,384,41911,83265,0,0,1,28440138624,5968,0
Measurement_interval(ms):,250,384,41911,83265,0,0,1,28440388636,6064,0
Measurement_interval(ms):,250,384,41911,83265,0,0,1,28440638789,6160,0
Measurement_interval(ms):,250,384,41911,83265,0,0,1,28440889068,6256,0
Measurement_interval(ms):,250,384,41911,83265,0,0,1,28441139336,6352,0
Measurement_interval(ms):,250,384,41911,83265,0,0,1,28441389548,6448,0
Measurement_interval(ms):,250,384,41911,83265,0,0,1,28441639867,6544,0
Measurement_interval(ms):,250,384,41911,81241,0,0,1,28441890334,6640,0
Measurement_interval(ms):,250,384,41911,81241,0,0,1,28442140541,6736,0
Measurement_interval(ms):,250,384,41911,81241,0,0,1,28442390815,6832,0
Measurement_interval(ms):,250,384,41911,81241,0,0,1,28442641211,6928,0
Measurement_interval(ms):,250,384,41911,81241,0,0,1,28442891386,7024,0
Measurement_interval(ms):,250,320,41911,81241,0,0,1,28443138637,7104,0
Measurement_interval(ms):,250,384,41911,81241,0,0,1,28443388668,7200,0
Measurement_interval(ms):,250,384,41911,81241,0,0,1,28443638641,7296,0
Measurement_interval(ms):,250,384,41911,81241,0,0,1,28443888654,7392,0
Measurement_interval(ms):,250,384,41911,81241,0,0,1,28444138659,7488,0
Measurement_interval(ms):,250,384,41911,81241,0,0,1,28444388649,7584,0
Measurement_interval(ms):,250,384,41911,81241,0,0,1,28444638660,7680,0
Measurement_interval(ms):,250,384,41911,81241,0,0,1,28444888649,7776,0
Measurement_interval(ms):,250,384,41911,81241,0,0,1,28445138634,7872,0
Measurement_interval(ms):,250,384,41911,81241,0,0,1,28445388631,7968,0
Measurement_interval(ms):,250,384,41911,81241,0,0,1,28445638627,8064,0
Measurement_interval(ms):,250,384,41911,81241,0,0,1,28445888670,8160,0
Measurement_interval(ms):,250,384,41911,81241,0,0,1,28446138650,8256,0
Measurement_interval(ms):,250,384,41911,81241,0,0,1,28446388668,8352,0
Measurement_interval(ms):,250,384,41911,81241,0,0,1,28446638670,8448,0
Measurement_interval(ms):,250,384,41911,81241,0,0,1,28446888671,8544,0
Measurement_interval(ms):,250,384,41911,81241,0,0,1,28447138627,8640,0
Measurement_interval(ms):,250,384,41911,81241,0,0,1,28447388628,8736,0
Measurement_interval(ms):,250,384,41911,81241,0,0,1,28447638622,8832,0
Measurement_interval(ms):,250,384,41911,81241,0,0,1,28447888656,8928,0
Measurement_interval(ms):,250,384,41911,81241,0,0,1,28448138628,9024,0
Measurement_interval(ms):,250,384,41911,81241,0,0,1,28448388663,9120,0
Measurement_interval(ms):,250,384,41911,81241,0,0,1,28448638655,9216,0
Measurement_interval(ms):,250,384,41911,81241,0,0,1,28448888632,9312,0
Measurement_interval(ms):,250,384,41911,81241,0,0,1,28449138650,9408,0
Measurement_interval(ms):,250,384,41911,81241,0,0,1,28449388656,9504,0
Measurement_interval(ms):,250,384,41911,81241,0,0,1,28449638627,9600,0
Measurement_interval(ms):,250,384,41911,81241,0,0,1,28449888650,9696,0
Measurement_interval(ms):,250,384,41911,81241,0,0,1,28450138648,9792,0
Measurement_interval(ms):,250,384,41911,81241,0,0,1,28450388649,9888,0
Measurement_interval(ms):,250,384,41911,81241,0,0,1,28450638668,9984,0
Measurement_interval(ms):,250,384,41911,81241,0,0,1,28450888634,10080,0
Measurement_interval(ms):,250,384,41911,81241,0,0,1,28451138634,10176,0
Measurement_interval(ms):,250,384,41911,81241,0,0,1,28451388654,10272,0
Measurement_interval(ms):,250,384,41911,81241,0,0,1,28451638639,10368,0
Measurement_interval(ms):,250,384,41911,81241,0,0,1,28451888647,10464,0
Measurement_interval(ms):,250,384,41911,81241,0,0,1,28452138624,10560,0
Measurement_interval(ms):,250,384,41911,81241,0,0,1,28452388668,10656,0
Measurement_interval(ms):,250,384,41911,81241,0,0,1,28452638671,10752,0
Measurement_interval(ms):,250,384,41911,81241,0,0,1,28452888621,10848,0
Measurement_interval(ms):,250,384,41911,81241,0,0,1,28453138669,10944,0
Measurement_interval(ms):,250,384,41911,81241,0,0,1,28453388621,11040,0
Measurement_interval(ms):,250,384,41911,81241,0,0,1,28453638643,11136,0
