Measurement_interval(ms):,250,0,0,0,0,0,1,28921076571,0,0
Measurement_interval(ms):,250,0,0,0,0,0,1,28923341163,0,0
Measurement_interval(ms):,250,0,0,0,0,0,1,28923341165,0,0
Measurement_interval(ms):,250,0,0,0,0,0,1,28923341168,0,0
Measurement_interval(ms):,250,0,0,0,0,0,1,28923341169,0,0
Measurement_interval(ms):,250,0,0,0,0,0,1,28923341215,0,0
Measurement_interval(ms):,250,0,0,0,0,0,1,28923341216,0,0
Measurement_interval(ms):,250,0,0,0,0,0,1,28923341219,0,0
Measurement_interval(ms):,250,0,0,0,0,0,1,28923341220,0,0
Measurement_interval(ms):,250,0,0,0,0,0,1,28923341221,0,0
Measurement_interval(ms):,250,0,0,0,0,0,1,28923341222,0,0
Measurement_interval(ms):,250,0,0,0,0,0,1,28923341223,0,0
Measurement_interval(ms):,250,0,0,0,0,0,1,28923341224,0,0
Measurement_interval(ms):,250,0,0,0,0,0,1,28923341226,0,0
Measurement_interval(ms):,250,0,0,0,0,0,1,28923341227,0,0
Measurement_interval(ms):,250,0,0,0,0,0,1,28923341270,0,0
Measurement_interval(ms):,250,0,0,0,0,0,1,28923341271,0,0
Measurement_interval(ms):,250,0,0,0,0,0,1,28923341274,0,0
Measurement_interval(ms):,250,0,0,0,0,0,1,28923341275,0,0
Measurement_interval(ms):,250,0,0,0,0,0,1,28923341277,0,0
Measurement_interval(ms):,250,0,0,0,0,0,1,28923341278,0,0
Measurement_interval(ms):,250,0,0,0,0,0,1,28923341279,0,0
Measurement_interval(ms):,250,0,0,0,0,0,1,28923341280,0,0
Measurement_interval(ms):,250,0,0,0,0,0,1,28923341325,0,0
Measurement_interval(ms):,250,0,0,0,0,0,1,28923341326,0,0
Measurement_interval(ms):,250,0,0,0,0,0,1,28923341329,0,0
Measurement_interval(ms):,250,0,0,0,0,0,1,28923341330,0,0
Measurement_interval(ms):,250,0,0,0,0,0,1,28923341333,0,0
Measurement_interval(ms):,250,0,0,0,0,0,1,28923341333,0,0
Measurement_interval(ms):,250,0,0,0,0,0,1,28923341335,0,0
Measurement_interval(ms):,250,0,0,0,0,0,1,28923341336,0,0
Measurement_interval(ms):,250,0,0,0,0,0,1,28923341380,0,0
Measurement_interval(ms):,250,0,0,0,0,0,1,28923341381,0,0
Measurement_interval(ms):,250,0,0,0,0,0,1,28923341384,0,0
Measurement_interval(ms):,250,0,0,0,0,0,1,28923341385,0,0
Measurement_interval(ms):,250,0,0,0,0,0,1,28923341387,0,0
Measurement_interval(ms):,250,0,0,0,0,0,1,28923341388,0,0
Measurement_interval(ms):,250,0,0,0,0,0,1,28923341389,0,0
Measurement_interval(ms):,250,0,0,0,0,0,1,28923341390,0,0
Measurement_interval(ms):,250,0,0,0,0,0,1,28923341392,0,0
Measurement_interval(ms):,250,0,0,0,0,0,1,28923341393,0,0
Measurement_interval(ms):,250,0,0,0,0,0,1,28923341435,0,0
Measurement_interval(ms):,250,0,0,0,0,0,1,28923341436,0,0
Measurement_interval(ms):,250,0,0,0,0,0,1,28923341439,0,0
Measurement_interval(ms):,250,0,0,0,0,0,1,28923341440,0,0
Measurement_interval(ms):,250,344,0,0,0,0,1,28923576913,86,0
Measurement_interval(ms):,250,380,0,0,0,0,1,28923826274,181,0
Measurement_interval(ms):,250,480,0,0,0,0,1,28924076285,301,0
Measurement_interval(ms):,250,480,0,0,0,0,1,28924326320,421,0
Measurement_interval(ms):,250,480,0,0,0,0,1,28924576303,541,0
Measurement_interval(ms):,250,340,0,0,0,0,1,28924826289,626,0
Measurement_interval(ms):,250,480,0,0,0,0,1,28925076313,746,0
Measurement_interval(ms):,250,480,0,0,0,0,1,28925326305,866,0
Measurement_interval(ms):,250,480,0,0,0,0,1,28925576319,986,0
Measurement_interval(ms):,250,480,0,0,0,0,1,28925826316,1106,0
Measurement_interval(ms):,250,480,0,0,0,0,1,28926076444,1226,0
Measurement_interval(ms):,250,380,0,0,0,0,1,28926326307,1321,0
Measurement_interval(ms):,250,480,0,0,0,0,1,28926576299,1441,0
Measurement_interval(ms):,250,480,0,0,0,0,1,28926826292,1561,0
Measurement_interval(ms):,250,480,0,0,0,0,1,28927076301,1681,0
Measurement_interval(ms):,250,340,0,0,0,0,1,28927326290,1766,0
Measurement_interval(ms):,250,480,0,0,0,0,1,28927576276,1886,0
Measurement_interval(ms):,250,480,0,0,0,0,1,28927826304,2006,0
Measurement_interval(ms):,250,480,0,0,0,0,1,28928076278,2126,0
Measurement_interval(ms):,250,480,0,0,0,0,1,28928326295,2246,0
Measurement_interval(ms):,250,380,0,0,0,0,1,28928576295,2341,0
Measurement_interval(ms):,250,480,0,0,0,0,1,28928826314,2461,0
Measurement_interval(ms):,250,480,0,0,0,0,1,28929076295,2581,0
Measurement_interval(ms):,250,480,0,0,0,0,1,28929326299,2701,0
Measurement_interval(ms):,250,480,0,0,0,0,1,28929580084,2821,0
Measurement_interval(ms):,250,340,0,0,0,0,1,28929826315,2906,0
Measurement_interval(ms):,250,480,0,0,0,0,1,28930076277,3026,0
Measurement_interval(ms):,250,480,0,0,0,0,1,28930326289,3146,0
Measurement_interval(ms):,250,480,78429,129742,0,0,1,28930576271,3266,0
Measurement_interval(ms):,250,480,78429,129742,0,0,1,28930826277,3386,0
Measurement_interval(ms):,250,380,78429,129742,0,0,1,28931076311,3481,0
Measurement_interval(ms):,250,480,78429,129742,0,0,1,28931326264,3601,0
Measurement_interval(ms):,250,480,78429,129742,0,0,1,28931576314,3721,0
Measurement_interval(ms):,250,480,78429,129742,0,0,1,28931826287,3841,0
Measurement_interval(ms):,250,340,78429,129742,0,0,1,28932076295,3926,0
Measurement_interval(ms):,250,480,78429,129742,0,0,1,28932326263,4046,0
Measurement_interval(ms):,250,480,78429,129742,0,0,1,28932576291,4166,0
Measurement_interval(ms):,250,480,78429,129742,0,0,1,28932826308,4286,0
Measurement_interval(ms):,250,480,78429,129742,0,0,1,28933076274,4406,0
Measurement_interval(ms):,250,480,78429,129742,0,0,1,28933329447,4526,0
Measurement_interval(ms):,250,380,78429,129742,0,0,1,28933576295,4621,0
Measurement_interval(ms):,250,480,78429,129742,0,0,1,28933826270,4741,0
Measurement_interval(ms):,250,480,78429,129742,0,0,1,28934076269,4861,0
Measurement_interval(ms):,250,480,78429,129742,0,0,1,28934328565,4981,0
Measurement_interval(ms):,250,340,78429,129742,0,0,1,28934576294,5066,0
Measurement_interval(ms):,250,480,78429,129742,0,0,1,28934826303,5186,0
Measurement_interval(ms):,250,480,78429,129742,0,0,1,28935076274,5306,0
Measurement_interval(ms):,250,480,78429,129742,0,0,1,28935326308,5426,0
Measurement_interval(ms):,250,480,78429,129742,0,0,1,28935576306,5546,0
Measurement_interval(ms):,250,380,78429,129742,0,0,1,28935826266,5641,0
Measurement_interval(ms):,250,480,78429,129742,0,0,1,28936076291,5761,0
Measurement_interval(ms):,250,480,78429,129742,0,0,1,28936326295,5881,0
Measurement_interval(ms):,250,480,78429,129742,0,0,1,28936576305,6001,0
Measurement_interval(ms):,250,340,78429,129742,0,0,1,28936826257,6086,0
Measurement_interval(ms):,250,480,78429,129742,0,0,1,28937076294,6206,0
Measurement_interval(ms):,250,480,78429,129742,0,0,1,28937326303,6326,0
Measurement_interval(ms):,250,480,78429,129742,0,0,1,28937576305,6446,0
Measurement_interval(ms):,250,480,78429,129742,0,0,1,28937826285,6566,0
Measurement_interval(ms):,250,380,78429,129742,0,0,1,28938076284,6661,0
Measurement_interval(ms):,250,480,78429,129742,0,0,1,28938326256,6781,0
Measurement_interval(ms):,250,480,78429,129742,0,0,1,28938576256,6901,0
Measurement_interval(ms):,250,480,78429,129742,0,0,1,28938826298,7021,0
Measurement_interval(ms):,250,340,78429,129742,0,0,1,28939076296,7106,0
Measurement_interval(ms):,250,480,78429,129742,0,0,1,28939326266,7226,0
Measurement_interval(ms):,250,480,78429,129742,0,0,1,28939576276,7346,0
Measurement_interval(ms):,250,480,78429,129742,0,0,1,28939826265,7466,0
Measurement_interval(ms):,250,480,78429,129742,0,0,1,28940076295,7586,0
Measurement_interval(ms):,250,480,78429,129742,0,0,1,28940329035,7706,0
Measurement_interval(ms):,250,380,78429,129742,0,0,1,28940576291,7801,0
Measurement_interval(ms):,250,480,78429,129742,0,0,1,28940826285,7921,0
Measurement_interval(ms):,250,480,78429,129742,0,0,1,28941076282,8041,0
Measurement_interval(ms):,250,480,78429,129742,0,0,1,28941330447,8161,0
Measurement_interval(ms):,250,340,78429,129742,0,0,1,28941576301,8246,0
Measurement_interval(ms):,250,480,78429,129742,0,0,1,28941826290,8366,0
Measurement_interval(ms):,250,480,78429,129742,0,0,1,28942076268,8486,0
Measurement_interval(ms):,250,480,78429,129742,0,0,1,28942326252,8606,0
Measurement_interval(ms):,250,480,78429,129742,0,0,1,28942576272,8726,0
Measurement_interval(ms):,250,380,78429,129742,0,0,1,28942826254,8821,0
Measurement_interval(ms):,250,480,78429,129742,0,0,1,28943076264,8941,0
Measurement_interval(ms):,250,480,78429,129742,0,0,1,28943326296,9061,0
Measurement_interval(ms):,250,480,78429,129742,0,0,1,28943576264,9181,0
Measurement_interval(ms):,250,340,78429,129742,0,0,1,28943826278,9266,0
Measurement_interval(ms):,250,480,78429,129742,0,0,1,28944076295,9386,0
Measurement_interval(ms):,250,480,78429,129742,0,0,1,28944326294,9506,0
Measurement_interval(ms):,250,480,78429,129742,0,0,1,28944576263,9626,0
Measurement_interval(ms):,250,480,78429,129742,0,0,1,28944826246,9746,0
Measurement_interval(ms):,250,380,78429,129742,0,0,1,28945076289,9841,0
Measurement_interval(ms):,250,480,78429,129742,0,0,1,28945326290,9961,0
Measurement_interval(ms):,250,480,78429,129742,0,0,1,28945576293,10081,0
Measurement_interval(ms):,250,480,78429,129742,0,0,1,28945829614,10201,0
Measurement_interval(ms):,250,340,78429,129742,0,0,1,28946076257,10286,0
Measurement_interval(ms):,250,480,78429,129742,0,0,1,28946326247,10406,0
Measurement_interval(ms):,250,480,78429,129742,0,0,1,28946576276,10526,0
Measurement_interval(ms):,250,480,78429,129742,0,0,1,28946826290,10646,0
Measurement_interval(ms):,250,480,78429,129742,0,0,1,28947078444,10766,0
Measurement_interval(ms):,250,380,78429,129742,0,0,1,28947326244,10861,0
Measurement_interval(ms):,250,480,78429,129742,0,0,1,28947576259,10981,0
Measurement_interval(ms):,250,480,78429,129742,0,0,1,28947826247,11101,0
Measurement_interval(ms):,250,480,78429,129742,0,0,1,28948078473,11221,0
Measurement_interval(ms):,250,340,78429,129742,0,0,1,28948326275,11306,0
Measurement_interval(ms):,250,480,78429,129742,0,0,1,28948576271,11426,0
Measurement_interval(ms):,250,480,78429,129742,0,0,1,28948826269,11546,0
Measurement_interval(ms):,250,480,78429,129742,0,0,1,28949076241,11666,0
Measurement_interval(ms):,250,480,78429,129742,0,0,1,28949327283,11786,0
Measurement_interval(ms):,250,380,78429,129742,0,0,1,28949576291,11881,0
Measurement_interval(ms):,250,480,78429,129742,0,0,1,28949826247,12001,0
Measurement_interval(ms):,250,480,78429,129742,0,0,1,28950076269,12121,0
Measurement_interval(ms):,250,340,78429,129742,0,0,1,28950326244,12206,0
Measurement_interval(ms):,250,480,78429,129742,0,0,1,28950576274,12326,0
Measurement_interval(ms):,250,480,78429,129742,0,0,1,28950826286,12446,0
Measurement_interval(ms):,250,480,78429,129742,0,0,1,28951076246,12566,0
Measurement_interval(ms):,250,480,78429,129742,0,0,1,28951326281,12686,0
Measurement_interval(ms):,250,480,78429,129742,0,0,1,28951577218,12806,0
Measurement_interval(ms):,250,380,78429,129742,0,0,1,28951826275,12901,0
Measurement_interval(ms):,250,480,78429,129742,0,0,1,28952076261,13021,0
Measurement_interval(ms):,250,480,78429,129742,0,0,1,28952326274,13141,0
Measurement_interval(ms):,250,480,78429,129742,0,0,1,28952579775,13261,0
Measurement_interval(ms):,250,340,78429,129742,0,0,1,28952826282,13346,0
Measurement_interval(ms):,250,480,78429,129742,0,0,1,28953076271,13466,0
