Measurement_interval(ms):,250,0,0,0,0,0,1,28344115881,0,0
Measurement_interval(ms):,250,0,0,0,0,0,1,28348975088,0,0
Measurement_interval(ms):,250,0,0,0,0,0,1,28348975089,0,0
Measurement_interval(ms):,250,0,0,0,0,0,1,28348975094,0,0
Measurement_interval(ms):,250,0,0,0,0,0,1,28348975095,0,0
Measurement_interval(ms):,250,0,0,0,0,0,1,28348975141,0,0
Measurement_interval(ms):,250,0,0,0,0,0,1,28348975142,0,0
Measurement_interval(ms):,250,0,0,0,0,0,1,28348975144,0,0
Measurement_interval(ms):,250,0,0,0,0,0,1,28348975145,0,0
Measurement_interval(ms):,250,0,0,0,0,0,1,28348975146,0,0
Measurement_interval(ms):,250,0,0,0,0,0,1,28348975147,0,0
Measurement_interval(ms):,250,0,0,0,0,0,1,28348975196,0,0
Measurement_interval(ms):,250,0,0,0,0,0,1,28348975197,0,0
Measurement_interval(ms):,250,0,0,0,0,0,1,28348975200,0,0
Measurement_interval(ms):,250,0,0,0,0,0,1,28348975201,0,0
Measurement_interval(ms):,250,0,0,0,0,0,1,28348975203,0,0
Measurement_interval(ms):,250,0,0,0,0,0,1,28348975204,0,0
Measurement_interval(ms):,250,0,0,0,0,0,1,28348975206,0,0
Measurement_interval(ms):,250,0,0,0,0,0,1,28348975206,0,0
Measurement_interval(ms):,250,0,0,0,0,0,1,28348975208,0,0
Measurement_interval(ms):,250,0,0,0,0,0,1,28348975209,0,0
Measurement_interval(ms):,250,0,0,0,0,0,1,28348975210,0,0
Measurement_interval(ms):,250,0,0,0,0,0,1,28348975211,0,0
Measurement_interval(ms):,250,0,0,0,0,0,1,28348975251,0,0
Measurement_interval(ms):,250,0,0,0,0,0,1,28348975252,0,0
Measurement_interval(ms):,250,0,0,0,0,0,1,28348975255,0,0
Measurement_interval(ms):,250,0,0,0,0,0,1,28348975255,0,0
Measurement_interval(ms):,250,0,0,0,0,0,1,28348975258,0,0
Measurement_interval(ms):,250,0,0,0,0,0,1,28348975259,0,0
Measurement_interval(ms):,250,0,0,0,0,0,1,28348975260,0,0
Measurement_interval(ms):,250,0,0,0,0,0,1,28348975261,0,0
Measurement_interval(ms):,250,0,0,0,0,0,1,28348975305,0,0
Measurement_interval(ms):,250,0,0,0,0,0,1,28348975306,0,0
Measurement_interval(ms):,250,0,0,0,0,0,1,28348975309,0,0
Measurement_interval(ms):,250,0,0,0,0,0,1,28348975310,0,0
Measurement_interval(ms):,250,0,0,0,0,0,1,28348975313,0,0
Measurement_interval(ms):,250,0,0,0,0,0,1,28348975314,0,0
Measurement_interval(ms):,250,0,0,0,0,0,1,28348975315,0,0
Measurement_interval(ms):,250,0,0,0,0,0,1,28348975316,0,0
Measurement_interval(ms):,250,0,0,0,0,0,1,28348975317,0,0
Measurement_interval(ms):,250,0,0,0,0,0,1,28348975318,0,0
Measurement_interval(ms):,250,0,0,0,0,0,1,28348975320,0,0
Measurement_interval(ms):,250,0,0,0,0,0,1,28348975320,0,0
Measurement_interval(ms):,250,0,0,0,0,0,1,28348975360,0,0
Measurement_interval(ms):,250,0,0,0,0,0,1,28348975361,0,0
Measurement_interval(ms):,250,0,0,0,0,0,1,28348975364,0,0
Measurement_interval(ms):,250,0,0,0,0,0,1,28348975365,0,0
Measurement_interval(ms):,250,0,0,0,0,0,1,28348975367,0,0
Measurement_interval(ms):,250,0,0,0,0,0,1,28348975368,0,0
Measurement_interval(ms):,250,0,0,0,0,0,1,28348975370,0,0
Measurement_interval(ms):,250,0,0,0,0,0,1,28348975371,0,0
Measurement_interval(ms):,250,0,0,0,0,0,1,28348975415,0,0
Measurement_interval(ms):,250,0,0,0,0,0,1,28348975416,0,0
Measurement_interval(ms):,250,0,0,0,0,0,1,28348975419,0,0
Measurement_interval(ms):,250,0,0,0,0,0,1,28348975420,0,0
Measurement_interval(ms):,250,0,0,0,0,0,1,28348975423,0,0
Measurement_interval(ms):,250,256,0,0,0,0,1,28349187775,64,0
Measurement_interval(ms):,250,384,0,0,0,0,1,28349437772,160,0
Measurement_interval(ms):,250,384,0,0,0,0,1,28349687768,256,0
Measurement_interval(ms):,250,384,0,0,0,0,1,28349937805,352,0
Measurement_interval(ms):,250,384,0,0,0,0,1,28350187791,448,0
Measurement_interval(ms):,250,512,0,0,0,0,1,28350437807,576,0
Measurement_interval(ms):,250,384,0,0,0,0,1,28350687775,672,0
Measurement_interval(ms):,250,384,0,0,0,0,1,28350937801,768,0
Measurement_interval(ms):,250,384,0,0,0,0,1,28351187789,864,0
Measurement_interval(ms):,250,384,0,0,0,0,1,28351437772,960,0
Measurement_interval(ms):,250,384,0,0,0,0,1,28351687796,1056,0
Measurement_interval(ms):,250,512,0,0,0,0,1,28351937772,1184,0
Measurement_interval(ms):,250,384,0,0,0,0,1,28352187756,1280,0
Measurement_interval(ms):,250,384,0,0,0,0,1,28352437787,1376,0
Measurement_interval(ms):,250,384,0,0,0,0,1,28352687786,1472,0
Measurement_interval(ms):,250,384,0,0,0,0,1,28352937767,1568,0
Measurement_interval(ms):,250,512,0,0,0,0,1,28353187781,1696,0
Measurement_interval(ms):,250,384,0,0,0,0,1,28353437803,1792,0
Measurement_interval(ms):,250,512,0,0,0,0,1,28353687783,1920,0
Measurement_interval(ms):,250,512,0,0,0,0,1,28353937761,2048,0
Measurement_interval(ms):,250,384,0,0,0,0,1,28354187789,2144,0
Measurement_interval(ms):,250,512,0,0,0,0,1,28354441845,2272,0
Measurement_interval(ms):,250,384,0,0,0,0,1,28354687763,2368,0
Measurement_interval(ms):,250,512,0,0,0,0,1,28354937790,2496,0
Measurement_interval(ms):,250,384,0,0,0,0,1,28355187794,2592,0
Measurement_interval(ms):,250,384,0,0,0,0,1,28355437774,2688,0
Measurement_interval(ms):,250,384,0,0,0,0,1,28355687771,2784,0
Measurement_interval(ms):,250,384,0,0,0,0,1,28355937788,2880,0
Measurement_interval(ms):,250,384,0,0,0,0,1,28356187775,2976,0
Measurement_interval(ms):,250,384,0,0,0,0,1,28356437768,3072,0
Measurement_interval(ms):,250,512,0,0,0,0,1,28356687756,3200,0
Measurement_interval(ms):,250,384,0,0,0,0,1,28356937777,3296,0
Measurement_interval(ms):,250,384,0,0,0,0,1,28357187800,3392,0
Measurement_interval(ms):,250,384,0,0,0,0,1,28357437777,3488,0
Measurement_interval(ms):,250,384,64889,140608,0,0,1,28357687749,3584,0
Measurement_interval(ms):,250,384,64889,140608,0,0,1,28357937748,3680,0
Measurement_interval(ms):,250,512,64889,140608,0,0,1,28358187753,3808,0
Measurement_interval(ms):,250,384,64889,140608,0,0,1,28358437774,3904,0
Measurement_interval(ms):,250,384,64889,140608,0,0,1,28358687749,4000,0
Measurement_interval(ms):,250,384,64889,140608,0,0,1,28358937775,4096,0
Measurement_interval(ms):,250,384,64889,140608,0,0,1,28359187773,4192,0
Measurement_interval(ms):,250,384,64889,140608,0,0,1,28359437775,4288,0
Measurement_interval(ms):,250,512,64889,140608,0,0,1,28359687794,4416,0
Measurement_interval(ms):,250,384,64889,140608,0,0,1,28359937789,4512,0
Measurement_interval(ms):,250,384,64889,140608,0,0,1,28360187746,4608,0
Measurement_interval(ms):,250,384,64889,140608,0,0,1,28360437749,4704,0
Measurement_interval(ms):,250,384,64889,140608,0,0,1,28360687789,4800,0
Measurement_interval(ms):,250,384,64889,140608,0,0,1,28360937755,4896,0
Measurement_interval(ms):,250,512,64889,140608,0,0,1,28361187793,5024,0
Measurement_interval(ms):,250,384,64889,140608,0,0,1,28361438493,5120,0
Measurement_interval(ms):,250,384,64889,140608,0,0,1,28361687783,5216,0
Measurement_interval(ms):,250,384,64889,140608,0,0,1,28361937789,5312,0
Measurement_interval(ms):,250,384,64889,140608,0,0,1,28362187785,5408,0
Measurement_interval(ms):,250,384,64889,140608,0,0,1,28362437775,5504,0
Measurement_interval(ms):,250,512,64889,140608,0,0,1,28362687778,5632,0
Measurement_interval(ms):,250,384,64889,140608,0,0,1,28362939896,5728,0
Measurement_interval(ms):,250,384,64889,140608,0,0,1,28363187746,5824,0
Measurement_interval(ms):,250,384,64889,140608,0,0,1,28363437778,5920,0
Measurement_interval(ms):,250,384,64889,140608,0,0,1,28363687774,6016,0
Measurement_interval(ms):,250,384,64889,140608,0,0,1,28363937761,6112,0
Measurement_interval(ms):,250,512,64889,140608,0,0,1,28364187745,6240,0
Measurement_interval(ms):,250,384,64889,140608,0,0,1,28364441156,6336,0
Measurement_interval(ms):,250,384,64889,140608,0,0,1,28364687770,6432,0
Measurement_interval(ms):,250,384,64889,140608,0,0,1,28364937756,6528,0
Measurement_interval(ms):,250,384,64889,140608,0,0,1,28365187764,6624,0
Measurement_interval(ms):,250,384,64889,139785,0,0,1,28365437746,6720,0
Measurement_interval(ms):,250,512,64889,139785,0,0,1,28365687781,6848,0
Measurement_interval(ms):,250,384,64889,139785,0,0,1,28365942329,6944,0
Measurement_interval(ms):,250,384,64889,139785,0,0,1,28366187772,7040,0
Measurement_interval(ms):,250,384,64889,139785,0,0,1,28366437757,7136,0
Measurement_interval(ms):,250,384,64889,139785,0,0,1,28366687752,7232,0
Measurement_interval(ms):,250,384,64889,139785,0,0,1,28366937770,7328,0
Measurement_interval(ms):,250,512,64889,139785,0,0,1,28367187753,7456,0
Measurement_interval(ms):,250,384,64889,139785,0,0,1,28367437743,7552,0
Measurement_interval(ms):,250,384,64889,139785,0,0,1,28367687766,7648,0
Measurement_interval(ms):,250,384,64889,139785,0,0,1,28367937779,7744,0
Measurement_interval(ms):,250,384,64889,139785,0,0,1,28368187754,7840,0
Measurement_interval(ms):,250,384,64889,139785,0,0,1,28368437735,7936,0
Measurement_interval(ms):,250,384,64889,139785,0,0,1,28368687768,8032,0
Measurement_interval(ms):,250,512,64889,139785,0,0,1,28368937756,8160,0
Measurement_interval(ms):,250,384,64889,139785,0,0,1,28369187778,8256,0
Measurement_interval(ms):,250,384,64889,139785,0,0,1,28369437747,8352,0
Measurement_interval(ms):,250,384,64889,139785,0,0,1,28369687749,8448,0
Measurement_interval(ms):,250,384,64889,139785,0,0,1,28369937739,8544,0
Measurement_interval(ms):,250,384,64889,139785,0,0,1,28370187777,8640,0
Measurement_interval(ms):,250,512,64889,139785,0,0,1,28370437733,8768,0
Measurement_interval(ms):,250,384,64889,139785,0,0,1,28370687744,8864,0
Measurement_interval(ms):,250,384,64889,139785,0,0,1,28370937780,8960,0
Measurement_interval(ms):,250,384,64889,139785,0,0,1,28371187757,9056,0
Measurement_interval(ms):,250,384,64889,139785,0,0,1,28371437732,9152,0
Measurement_interval(ms):,250,384,64889,139785,0,0,1,28371687756,9248,0
Measurement_interval(ms):,250,512,64889,139785,0,0,1,28371937755,9376,0
Measurement_interval(ms):,250,384,64889,139785,0,0,1,28372187764,9472,0
Measurement_interval(ms):,250,384,64889,139785,0,0,1,28372437778,9568,0
Measurement_interval(ms):,250,384,64889,139785,0,0,1,28372687740,9664,0
Measurement_interval(ms):,250,384,64889,139785,0,0,1,28372937758,9760,0
Measurement_interval(ms):,250,384,64889,139785,0,0,1,28373187751,9856,0
Measurement_interval(ms):,250,512,65216,140608,0,0,1,28373437759,9984,0
Measurement_interval(ms):,250,384,65216,140608,0,0,1,28373687741,10080,0
Measurement_interval(ms):,250,384,65216,140608,0,0,1,28373937753,10176,0
Measurement_interval(ms):,250,384,65216,140608,0,0,1,28374187770,10272,0
Measurement_interval(ms):,250,384,65216,140608,0,0,1,28374437749,10368,0
Measurement_interval(ms):,250,384,65216,140608,0,0,1,28374687764,10464,0
Measurement_interval(ms):,250,512,65216,140608,0,0,1,28374937759,10592,0
Measurement_interval(ms):,250,384,65216,140608,0,0,1,28375187832,10688,0
Measurement_interval(ms):,250,384,65216,140608,0,0,1,28375437770,10784,0
Measurement_interval(ms):,250,384,65216,140608,0,0,1,28375687758,10880,0
Measurement_interval(ms):,250,384,65216,140608,0,0,1,28375937735,10976,0
Measurement_interval(ms):,250,384,65216,140608,0,0,1,28376187748,11072,0
Measurement_interval(ms):,250,512,65216,140608,0,0,1,28376437775,11200,0
Measurement_interval(ms):,250,384,65216,140608,0,0,1,28376689360,11296,0
Measurement_interval(ms):,250,384,65216,140608,0,0,1,28376937724,11392,0
Measurement_interval(ms):,250,384,65216,140608,0,0,1,28377187736,11488,0
Measurement_interval(ms):,250,384,65216,140608,0,0,1,28377437723,11584,0
Measurement_interval(ms):,250,384,65216,140608,0,0,1,28377687726,11680,0
Measurement_interval(ms):,250,512,65216,140608,0,0,1,28377937759,11808,0
Measurement_interval(ms):,250,384,65216,140608,0,0,1,28378190941,11904,0
Measurement_interval(ms):,250,384,65216,140608,0,0,1,28378437722,12000,0
Measurement_interval(ms):,250,384,65216,140608,0,0,1,28378687727,12096,0
Measurement_interval(ms):,250,384,65216,140608,0,0,1,28378937723,12192,0
Measurement_interval(ms):,250,384,65216,140608,0,0,1,28379187754,12288,0
Measurement_interval(ms):,250,512,65216,140608,0,0,1,28379437765,12416,0
Measurement_interval(ms):,250,384,65216,140608,0,0,1,28379692445,12512,0
Measurement_interval(ms):,250,384,65216,140608,0,0,1,28379937747,12608,0
Measurement_interval(ms):,250,384,65216,140608,0,0,1,28380187758,12704,0
Measurement_interval(ms):,250,384,65216,140608,0,0,1,28380437768,12800,0
Measurement_interval(ms):,250,384,65216,140608,0,0,1,28380687736,12896,0
Measurement_interval(ms):,250,512,65216,140608,0,0,1,28380937717,13024,0
Measurement_interval(ms):,250,384,65216,140608,0,0,1,28381187764,13120,0
Measurement_interval(ms):,250,384,65216,140608,0,0,1,28381437717,13216,0
Measurement_interval(ms):,250,384,65216,140608,0,0,1,28381687762,13312,0
Measurement_interval(ms):,250,384,65216,140608,0,0,1,28381937716,13408,0
Measurement_interval(ms):,250,384,65216,140608,0,0,1,28382187744,13504,0
Measurement_interval(ms):,250,384,65216,140608,0,0,1,28382437738,13600,0
Measurement_interval(ms):,250,512,65216,140608,0,0,1,28382687722,13728,0
Measurement_interval(ms):,250,384,65216,140608,0,0,1,28382937748,13824,0
Measurement_interval(ms):,250,384,65216,140608,0,0,1,28383187719,13920,0
Measurement_interval(ms):,250,384,65216,140608,0,0,1,28383437733,14016,0
Measurement_interval(ms):,250,384,65216,140608,0,0,1,28383687714,14112,0
Measurement_interval(ms):,250,384,65216,140608,0,0,1,28383937715,14208,0
Measurement_interval(ms):,250,512,65216,140608,0,0,1,28384187754,14336,0
Measurement_interval(ms):,250,384,65216,140608,0,0,1,28384437743,14432,0
Measurement_interval(ms):,250,384,65216,140608,0,0,1,28384687713,14528,0
Measurement_interval(ms):,250,384,65216,140608,0,0,1,28384937744,14624,0
Measurement_interval(ms):,250,384,65216,140608,0,0,1,28385187744,14720,0
Measurement_interval(ms):,250,384,65216,140608,0,0,1,28385437750,14816,0
Measurement_interval(ms):,250,512,65216,140608,0,0,1,28385687739,14944,0
Measurement_interval(ms):,250,384,65216,140608,0,0,1,28385937751,15040,0
Measurement_interval(ms):,250,384,65216,140608,0,0,1,28386187738,15136,0
Measurement_interval(ms):,250,384,65216,140608,0,0,1,28386437744,15232,0
Measurement_interval(ms):,250,384,65216,140608,0,0,1,28386687710,15328,0
Measurement_interval(ms):,250,384,65216,140608,0,0,1,28386937713,15424,0
Measurement_interval(ms):,250,512,65216,140608,0,0,1,28387187735,15552,0
Measurement_interval(ms):,250,384,65216,140608,0,0,1,28387437753,15648,0
Measurement_interval(ms):,250,384,65216,140608,0,0,1,28387687726,15744,0
Measurement_interval(ms):,250,384,65216,140608,0,0,1,28387937741,15840,0
Measurement_interval(ms):,250,384,65216,140608,0,0,1,28388187724,15936,0
Measurement_interval(ms):,250,384,65216,140608,0,0,1,28388437730,16032,0
Measurement_interval(ms):,250,512,65216,140608,0,0,1,28388687748,16160,0
Measurement_interval(ms):,250,384,65216,140608,0,0,1,28388938261,16256,0
Measurement_interval(ms):,250,384,65216,140608,0,0,1,28389187735,16352,0
Measurement_interval(ms):,250,384,65216,140608,0,0,1,28389437715,16448,0
