Measurement_interval(ms):,250,0,0,0,0,0,1,28851407761,0,0
Measurement_interval(ms):,250,0,0,0,0,0,1,28855570351,0,0
Measurement_interval(ms):,250,0,0,0,0,0,1,28855570354,0,0
Measurement_interval(ms):,250,0,0,0,0,0,1,28855570359,0,0
Measurement_interval(ms):,250,0,0,0,0,0,1,28855570360,0,0
Measurement_interval(ms):,250,0,0,0,0,0,1,28855570361,0,0
Measurement_interval(ms):,250,0,0,0,0,0,1,28855570362,0,0
Measurement_interval(ms):,250,0,0,0,0,0,1,28855570402,0,0
Measurement_interval(ms):,250,0,0,0,0,0,1,28855570403,0,0
Measurement_interval(ms):,250,0,0,0,0,0,1,28855570406,0,0
Measurement_interval(ms):,250,0,0,0,0,0,1,28855570407,0,0
Measurement_interval(ms):,250,0,0,0,0,0,1,28855570409,0,0
Measurement_interval(ms):,250,0,0,0,0,0,1,28855570410,0,0
Measurement_interval(ms):,250,0,0,0,0,0,1,28855570411,0,0
Measurement_interval(ms):,250,0,0,0,0,0,1,28855570412,0,0
Measurement_interval(ms):,250,0,0,0,0,0,1,28855570414,0,0
Measurement_interval(ms):,250,0,0,0,0,0,1,28855570415,0,0
Measurement_interval(ms):,250,0,0,0,0,0,1,28855570416,0,0
Measurement_interval(ms):,250,0,0,0,0,0,1,28855570417,0,0
Measurement_interval(ms):,250,0,0,0,0,0,1,28855570457,0,0
Measurement_interval(ms):,250,0,0,0,0,0,1,28855570458,0,0
Measurement_interval(ms):,250,0,0,0,0,0,1,28855570461,0,0
Measurement_interval(ms):,250,0,0,0,0,0,1,28855570462,0,0
Measurement_interval(ms):,250,0,0,0,0,0,1,28855570464,0,0
Measurement_interval(ms):,250,0,0,0,0,0,1,28855570465,0,0
Measurement_interval(ms):,250,0,0,0,0,0,1,28855570467,0,0
Measurement_interval(ms):,250,0,0,0,0,0,1,28855570468,0,0
Measurement_interval(ms):,250,0,0,0,0,0,1,28855570469,0,0
Measurement_interval(ms):,250,0,0,0,0,0,1,28855570470,0,0
Measurement_interval(ms):,250,0,0,0,0,0,1,28855570512,0,0
Measurement_interval(ms):,250,0,0,0,0,0,1,28855570513,0,0
Measurement_interval(ms):,250,0,0,0,0,0,1,28855570516,0,0
Measurement_interval(ms):,250,0,0,0,0,0,1,28855570517,0,0
Measurement_interval(ms):,250,0,0,0,0,0,1,28855570520,0,0
Measurement_interval(ms):,250,0,0,0,0,0,1,28855570521,0,0
Measurement_interval(ms):,250,0,0,0,0,0,1,28855570522,0,0
Measurement_interval(ms):,250,0,0,0,0,0,1,28855570523,0,0
Measurement_interval(ms):,250,0,0,0,0,0,1,28855570567,0,0
Measurement_interval(ms):,250,0,0,0,0,0,1,28855570568,0,0
Measurement_interval(ms):,250,0,0,0,0,0,1,28855570571,0,0
Measurement_interval(ms):,250,0,0,0,0,0,1,28855570572,0,0
Measurement_interval(ms):,250,0,0,0,0,0,1,28855570575,0,0
Measurement_interval(ms):,250,0,0,0,0,0,1,28855570576,0,0
Measurement_interval(ms):,250,0,0,0,0,0,1,28855570577,0,0
Measurement_interval(ms):,250,0,0,0,0,0,1,28855570578,0,0
Measurement_interval(ms):,250,0,0,0,0,0,1,28855570579,0,0
Measurement_interval(ms):,250,0,0,0,0,0,1,28855570580,0,0
Measurement_interval(ms):,250,0,0,0,0,0,1,28855570622,0,0
Measurement_interval(ms):,250,0,0,0,0,0,1,28855570623,0,0
Measurement_interval(ms):,250,0,0,0,0,0,1,28855570626,0,0
Measurement_interval(ms):,250,0,0,0,0,0,1,28855570627,0,0
Measurement_interval(ms):,250,0,0,0,0,0,1,28855570630,0,0
Measurement_interval(ms):,250,24,0,0,0,0,1,28855663804,6,0
Measurement_interval(ms):,250,72,0,0,0,0,1,28855913780,24,0
Measurement_interval(ms):,250,72,0,0,0,0,1,28856163757,42,0
Measurement_interval(ms):,250,72,0,0,0,0,1,28856413766,60,0
Measurement_interval(ms):,250,72,0,0,0,0,1,28856663774,78,0
Measurement_interval(ms):,250,72,0,0,0,0,1,28856913784,96,0
Measurement_interval(ms):,250,72,14248,261646,0,0,1,28857163784,114,0
Measurement_interval(ms):,250,72,14248,261646,0,0,1,28857413769,132,0
Measurement_interval(ms):,250,72,14248,261646,0,0,1,28857663791,150,0
Measurement_interval(ms):,250,72,14248,261646,0,0,1,28857913789,168,0
Measurement_interval(ms):,250,72,14248,261646,0,0,1,28858163778,186,0
Measurement_interval(ms):,250,72,14248,261646,0,0,1,28858413792,204,0
Measurement_interval(ms):,250,72,14248,171178,0,0,1,28858663781,222,0
Measurement_interval(ms):,250,72,14248,171178,0,0,1,28858913768,240,0
Measurement_interval(ms):,250,76,14248,171178,0,0,1,28859163772,259,0
Measurement_interval(ms):,250,72,14248,171178,0,0,1,28859413751,277,0
Measurement_interval(ms):,250,72,14248,171178,0,0,1,28859663778,295,0
Measurement_interval(ms):,250,72,14248,108353,0,0,1,28859913792,313,0
Measurement_interval(ms):,250,72,14248,108353,0,0,1,28860163782,331,0
Measurement_interval(ms):,250,72,14248,108353,0,0,1,28860413794,349,0
Measurement_interval(ms):,250,72,14248,108353,0,0,1,28860663765,367,0
Measurement_interval(ms):,250,72,14248,108353,0,0,1,28860913749,385,0
Measurement_interval(ms):,250,72,14248,108353,0,0,1,28861163790,403,0
Measurement_interval(ms):,250,72,14248,108353,0,0,1,28861413797,421,0
Measurement_interval(ms):,250,72,14248,108353,0,0,1,28861663794,439,0
Measurement_interval(ms):,250,72,14248,108353,0,0,1,28861913774,457,0
Measurement_interval(ms):,250,72,14248,108353,0,0,1,28862163758,475,0
Measurement_interval(ms):,250,72,14248,108353,0,0,1,28862413760,493,0
Measurement_interval(ms):,250,76,14248,108353,0,0,1,28862664024,512,0
Measurement_interval(ms):,250,72,14248,108353,0,0,1,28862913781,530,0
Measurement_interval(ms):,250,72,14248,108353,0,0,1,28863163775,548,0
Measurement_interval(ms):,250,72,14248,108353,0,0,1,28863413767,566,0
Measurement_interval(ms):,250,72,14248,108353,0,0,1,28863663790,584,0
Measurement_interval(ms):,250,72,14248,108353,0,0,1,28863913761,602,0
Measurement_interval(ms):,250,72,14248,108353,0,0,1,28864163779,620,0
Measurement_interval(ms):,250,72,14248,108353,0,0,1,28864413757,638,0
Measurement_interval(ms):,250,72,14248,108353,0,0,1,28864663757,656,0
Measurement_interval(ms):,250,72,14248,108353,0,0,1,28864913754,674,0
Measurement_interval(ms):,250,72,14248,108353,0,0,1,28865163790,692,0
Measurement_interval(ms):,250,72,14102,108353,0,0,1,28865413790,710,0
Measurement_interval(ms):,250,72,14102,108353,0,0,1,28865663778,728,0
Measurement_interval(ms):,250,72,14102,108353,0,0,1,28865913762,746,0
Measurement_interval(ms):,250,76,14102,108353,0,0,1,28866164091,765,0
Measurement_interval(ms):,250,72,14102,108353,0,0,1,28866413781,783,0
Measurement_interval(ms):,250,72,14102,108353,0,0,1,28866663758,801,0
Measurement_interval(ms):,250,72,13956,108353,0,0,1,28866913778,819,0
Measurement_interval(ms):,250,72,13956,108353,0,0,1,28867163741,837,0
Measurement_interval(ms):,250,72,13956,108353,0,0,1,28867413745,855,0
Measurement_interval(ms):,250,72,13956,108353,0,0,1,28867663760,873,0
Measurement_interval(ms):,250,72,13956,108353,0,0,1,28867913760,891,0
Measurement_interval(ms):,250,72,13956,108353,0,0,1,28868163750,909,0
Measurement_interval(ms):,250,72,13956,108353,0,0,1,28868413773,927,0
Measurement_interval(ms):,250,72,13956,108353,0,0,1,28868663755,945,0
Measurement_interval(ms):,250,72,13956,108353,0,0,1,28868913783,963,0
Measurement_interval(ms):,250,72,13956,108353,0,0,1,28869163759,981,0
Measurement_interval(ms):,250,72,13956,108353,0,0,1,28869413739,999,0
Measurement_interval(ms):,250,76,13956,108353,0,0,1,28869664055,1018,0
Measurement_interval(ms):,250,72,13956,108353,0,0,1,28869913762,1036,0
Measurement_interval(ms):,250,72,13956,108353,0,0,1,28870163754,1054,0
Measurement_interval(ms):,250,72,13956,108353,0,0,1,28870413781,1072,0
Measurement_interval(ms):,250,72,13956,108353,0,0,1,28870663777,1090,0
Measurement_interval(ms):,250,72,13956,108353,0,0,1,28870913743,1108,0
Measurement_interval(ms):,250,72,13956,108353,0,0,1,28871163734,1126,0
Measurement_interval(ms):,250,72,13956,108353,0,0,1,28871413738,1144,0
Measurement_interval(ms):,250,72,13956,108353,0,0,1,28871663750,1162,0
Measurement_interval(ms):,250,72,13956,108353,0,0,1,28871913741,1180,0
Measurement_interval(ms):,250,72,13956,108353,0,0,1,28872163734,1198,0
Measurement_interval(ms):,250,72,13956,108353,0,0,1,28872413737,1216,0
Measurement_interval(ms):,250,72,13956,108353,0,0,1,28872663781,1234,0
Measurement_interval(ms):,250,72,13956,108353,0,0,1,28872913758,1252,0
Measurement_interval(ms):,250,72,13956,108353,0,0,1,28873163731,1270,0
Measurement_interval(ms):,250,76,13956,108353,0,0,1,28873413730,1289,0
Measurement_interval(ms):,250,72,13956,108353,0,0,1,28873663739,1307,0
Measurement_interval(ms):,250,72,13956,108353,0,0,1,28873913730,1325,0
Measurement_interval(ms):,250,72,13956,108353,0,0,1,28874163767,1343,0
Measurement_interval(ms):,250,72,13956,108353,0,0,1,28874413731,1361,0
Measurement_interval(ms):,250,72,13956,108353,0,0,1,28874663736,1379,0
Measurement_interval(ms):,250,72,13956,108353,0,0,1,28874913745,1397,0
Measurement_interval(ms):,250,72,13956,108353,0,0,1,28875163744,1415,0
Measurement_interval(ms):,250,72,13956,108353,0,0,1,28875413727,1433,0
Measurement_interval(ms):,250,72,13956,108353,0,0,1,28875663763,1451,0
Measurement_interval(ms):,250,72,13956,108353,0,0,1,28875913749,1469,0
Measurement_interval(ms):,250,72,13956,108353,0,0,1,28876163739,1487,0
Measurement_interval(ms):,250,72,13956,108353,0,0,1,28876413733,1505,0
Measurement_interval(ms):,250,72,13956,108353,0,0,1,28876663736,1523,0
Measurement_interval(ms):,250,76,13956,108353,0,0,1,28876913734,1542,0
Measurement_interval(ms):,250,72,13956,108353,0,0,1,28877163767,1560,0
Measurement_interval(ms):,250,72,13956,108353,0,0,1,28877413730,1578,0
Measurement_interval(ms):,250,72,13956,108353,0,0,1,28877663743,1596,0
Measurement_interval(ms):,250,72,13956,108353,0,0,1,28877913734,1614,0
Measurement_interval(ms):,250,72,13956,108353,0,0,1,28878163757,1632,0
Measurement_interval(ms):,250,72,13956,108353,0,0,1,28878413744,1650,0
Measurement_interval(ms):,250,72,13956,108353,0,0,1,28878663766,1668,0
Measurement_interval(ms):,250,72,13956,108353,0,0,1,28878913728,1686,0
Measurement_interval(ms):,250,72,13956,108353,0,0,1,28879163770,1704,0
Measurement_interval(ms):,250,72,13956,108353,0,0,1,28879413772,1722,0
Measurement_interval(ms):,250,72,13956,108353,0,0,1,28879663745,1740,0
Measurement_interval(ms):,250,72,13956,108353,0,0,1,28879913727,1758,0
Measurement_interval(ms):,250,72,13956,108353,0,0,1,28880163726,1776,0
Measurement_interval(ms):,250,76,13956,108353,0,0,1,28880413759,1795,0
Measurement_interval(ms):,250,72,13956,108353,0,0,1,28880663727,1813,0
Measurement_interval(ms):,250,72,13956,108353,0,0,1,28880913731,1831,0
Measurement_interval(ms):,250,72,13956,108353,0,0,1,28881163734,1849,0
Measurement_interval(ms):,250,72,13956,108353,0,0,1,28881413739,1867,0
Measurement_interval(ms):,250,72,13956,108353,0,0,1,28881663745,1885,0
Measurement_interval(ms):,250,72,13956,108353,0,0,1,28881913722,1903,0
Measurement_interval(ms):,250,72,13956,108353,0,0,1,28882163745,1921,0
Measurement_interval(ms):,250,72,13956,108353,0,0,1,28882413766,1939,0
Measurement_interval(ms):,250,72,13956,108353,0,0,1,28882663718,1957,0
Measurement_interval(ms):,250,72,13956,108353,0,0,1,28882913717,1975,0
Measurement_interval(ms):,250,72,13956,108353,0,0,1,28883163738,1993,0
Measurement_interval(ms):,250,72,13956,108353,0,0,1,28883413766,2011,0
Measurement_interval(ms):,250,72,13956,108353,0,0,1,28883663725,2029,0
Measurement_interval(ms):,250,76,13956,108353,0,0,1,28883913722,2048,0
Measurement_interval(ms):,250,72,13956,108353,0,0,1,28884163746,2066,0
Measurement_interval(ms):,250,72,13956,108353,0,0,1,28884413758,2084,0
Measurement_interval(ms):,250,72,13956,108353,0,0,1,28884663754,2102,0
Measurement_interval(ms):,250,72,13956,108353,0,0,1,28884913715,2120,0
Measurement_interval(ms):,250,72,13956,108353,0,0,1,28885163757,2138,0
Measurement_interval(ms):,250,72,13956,108353,0,0,1,28885413756,2156,0
Measurement_interval(ms):,250,72,13956,108353,0,0,1,28885663738,2174,0
Measurement_interval(ms):,250,72,13956,108353,0,0,1,28885913715,2192,0
Measurement_interval(ms):,250,72,13956,108353,0,0,1,28886163738,2210,0
Measurement_interval(ms):,250,72,13956,108353,0,0,1,28886413739,2228,0
Measurement_interval(ms):,250,72,13956,108353,0,0,1,28886663727,2246,0
Measurement_interval(ms):,250,72,13956,108353,0,0,1,28886913748,2264,0
Measurement_interval(ms):,250,76,13956,108353,0,0,1,28887163907,2283,0
Measurement_interval(ms):,250,72,13956,108353,0,0,1,28887413758,2301,0
Measurement_interval(ms):,250,72,13956,108353,0,0,1,28887663720,2319,0
Measurement_interval(ms):,250,72,13956,108353,0,0,1,28887913749,2337,0
Measurement_interval(ms):,250,72,13956,108353,0,0,1,28888163709,2355,0
Measurement_interval(ms):,250,72,13956,108353,0,0,1,28888413711,2373,0
Measurement_interval(ms):,250,72,13956,108353,0,0,1,28888663709,2391,0
Measurement_interval(ms):,250,72,13956,108353,0,0,1,28888913734,2409,0
Measurement_interval(ms):,250,72,13956,108353,0,0,1,28889163740,2427,0
Measurement_interval(ms):,250,72,13956,108353,0,0,1,28889413731,2445,0
Measurement_interval(ms):,250,72,13956,108353,0,0,1,28889663745,2463,0
Measurement_interval(ms):,250,72,13956,108353,0,0,1,28889913757,2481,0
Measurement_interval(ms):,250,72,13956,108353,0,0,1,28890163734,2499,0
Measurement_interval(ms):,250,72,13956,108353,0,0,1,28890413727,2517,0
Measurement_interval(ms):,250,76,13956,108353,0,0,1,28890663771,2536,0
Measurement_interval(ms):,250,72,13956,108353,0,0,1,28890913744,2554,0
Measurement_interval(ms):,250,72,13956,108353,0,0,1,28891163732,2572,0
Measurement_interval(ms):,250,72,13956,108353,0,0,1,28891413742,2590,0
Measurement_interval(ms):,250,72,13956,108353,0,0,1,28891663705,2608,0
Measurement_interval(ms):,250,72,13956,108353,0,0,1,28891913733,2626,0
Measurement_interval(ms):,250,72,13956,108353,0,0,1,28892163712,2644,0
Measurement_interval(ms):,250,72,13956,108353,0,0,1,28892413713,2662,0
Measurement_interval(ms):,250,72,13956,108353,0,0,1,28892663713,2680,0
Measurement_interval(ms):,250,72,13956,108353,0,0,1,28892913742,2698,0
Measurement_interval(ms):,250,72,13956,108353,0,0,1,28893163723,2716,0
Measurement_interval(ms):,250,72,13956,108353,0,0,1,28893413745,2734,0
Measurement_interval(ms):,250,72,13956,108353,0,0,1,28893663746,2752,0
Measurement_interval(ms):,250,72,13956,108353,0,0,1,28893913705,2770,0
Measurement_interval(ms):,250,76,13956,108353,0,0,1,28894164126,2789,0
Measurement_interval(ms):,250,72,13956,108353,0,0,1,28894413749,2807,0
