Measurement_interval(ms):,250,0,0,0,0,0,1,28795589517,0,0
Measurement_interval(ms):,250,0,0,0,0,0,1,28799207875,0,0
Measurement_interval(ms):,250,0,0,0,0,0,1,28799207877,0,0
Measurement_interval(ms):,250,0,0,0,0,0,1,28799207880,0,0
Measurement_interval(ms):,250,0,0,0,0,0,1,28799207881,0,0
Measurement_interval(ms):,250,0,0,0,0,0,1,28799208037,0,0
Measurement_interval(ms):,250,0,0,0,0,0,1,28799208038,0,0
Measurement_interval(ms):,250,0,0,0,0,0,1,28799208041,0,0
Measurement_interval(ms):,250,0,0,0,0,0,1,28799208042,0,0
Measurement_interval(ms):,250,0,0,0,0,0,1,28799208045,0,0
Measurement_interval(ms):,250,0,0,0,0,0,1,28799208046,0,0
Measurement_interval(ms):,250,0,0,0,0,0,1,28799208048,0,0
Measurement_interval(ms):,250,0,0,0,0,0,1,28799208049,0,0
Measurement_interval(ms):,250,0,0,0,0,0,1,28799208050,0,0
Measurement_interval(ms):,250,0,0,0,0,0,1,28799208051,0,0
Measurement_interval(ms):,250,0,0,0,0,0,1,28799208052,0,0
Measurement_interval(ms):,250,0,0,0,0,0,1,28799208053,0,0
Measurement_interval(ms):,250,0,0,0,0,0,1,28799208092,0,0
Measurement_interval(ms):,250,0,0,0,0,0,1,28799208093,0,0
Measurement_interval(ms):,250,0,0,0,0,0,1,28799208096,0,0
Measurement_interval(ms):,250,0,0,0,0,0,1,28799208097,0,0
Measurement_interval(ms):,250,0,0,0,0,0,1,28799208099,0,0
Measurement_interval(ms):,250,0,0,0,0,0,1,28799208100,0,0
Measurement_interval(ms):,250,0,0,0,0,0,1,28799208101,0,0
Measurement_interval(ms):,250,0,0,0,0,0,1,28799208102,0,0
Measurement_interval(ms):,250,0,0,0,0,0,1,28799208147,0,0
Measurement_interval(ms):,250,0,0,0,0,0,1,28799208148,0,0
Measurement_interval(ms):,250,0,0,0,0,0,1,28799208151,0,0
Measurement_interval(ms):,250,0,0,0,0,0,1,28799208152,0,0
Measurement_interval(ms):,250,0,0,0,0,0,1,28799208155,0,0
Measurement_interval(ms):,250,0,0,0,0,0,1,28799208156,0,0
Measurement_interval(ms):,250,0,0,0,0,0,1,28799208157,0,0
Measurement_interval(ms):,250,0,0,0,0,0,1,28799208158,0,0
Measurement_interval(ms):,250,0,0,0,0,0,1,28799208160,0,0
Measurement_interval(ms):,250,0,0,0,0,0,1,28799208161,0,0
Measurement_interval(ms):,250,0,0,0,0,0,1,28799208162,0,0
Measurement_interval(ms):,250,0,0,0,0,0,1,28799208163,0,0
Measurement_interval(ms):,250,0,0,0,0,0,1,28799208202,0,0
Measurement_interval(ms):,250,0,0,0,0,0,1,28799208203,0,0
Measurement_interval(ms):,250,0,0,0,0,0,1,28799208206,0,0
Measurement_interval(ms):,250,0,0,0,0,0,1,28799208207,0,0
Measurement_interval(ms):,250,0,0,0,0,0,1,28799208209,0,0
Measurement_interval(ms):,250,0,0,0,0,0,1,28799208210,0,0
Measurement_interval(ms):,250,0,0,0,0,0,1,28799208212,0,0
Measurement_interval(ms):,250,0,0,0,0,0,1,28799208213,0,0
Measurement_interval(ms):,250,0,0,0,0,0,1,28799208214,0,0
Measurement_interval(ms):,250,0,0,0,0,0,1,28799208215,0,0
Measurement_interval(ms):,250,0,0,0,0,0,1,28799208257,0,0
Measurement_interval(ms):,250,0,0,0,0,0,1,28799208258,0,0
Measurement_interval(ms):,250,0,0,0,0,0,1,28799208261,0,0
Measurement_interval(ms):,250,0,0,0,0,0,1,28799208262,0,0
Measurement_interval(ms):,250,0,0,0,0,0,1,28799208264,0,0
Measurement_interval(ms):,250,0,0,0,0,0,1,28799248007,0,0
Measurement_interval(ms):,250,88,0,0,0,0,1,28799498033,22,0
Measurement_interval(ms):,250,88,0,0,0,0,1,28799747987,44,0
Measurement_interval(ms):,250,88,0,0,0,0,1,28799998027,66,0
Measurement_interval(ms):,250,88,0,0,0,0,1,28800248015,88,0
Measurement_interval(ms):,250,88,0,0,0,0,1,28800498015,110,0
Measurement_interval(ms):,250,88,0,0,0,0,1,28800747995,132,0
Measurement_interval(ms):,250,88,0,0,0,0,1,28800998031,154,0
Measurement_interval(ms):,250,88,0,0,0,0,1,28801247984,176,0
Measurement_interval(ms):,250,88,0,0,0,0,1,28801498032,198,0
Measurement_interval(ms):,250,88,22915,144835,0,0,1,28801747985,220,0
Measurement_interval(ms):,250,88,22915,144835,0,0,1,28801998018,242,0
Measurement_interval(ms):,250,88,22915,144835,0,0,1,28802248034,264,0
Measurement_interval(ms):,250,88,22915,144835,0,0,1,28802498011,286,0
Measurement_interval(ms):,250,88,22915,144835,0,0,1,28802748016,308,0
Measurement_interval(ms):,250,88,22915,144835,0,0,1,28802998026,330,0
Measurement_interval(ms):,250,88,22915,144835,0,0,1,28803248034,352,0
Measurement_interval(ms):,250,88,22915,144835,0,0,1,28803498032,374,0
Measurement_interval(ms):,250,88,22915,144835,0,0,1,28803748015,396,0
Measurement_interval(ms):,250,88,22915,144835,0,0,1,28803998006,418,0
Measurement_interval(ms):,250,88,22915,144835,0,0,1,28804247981,440,0
Measurement_interval(ms):,250,88,22915,144835,0,0,1,28804498031,462,0
Measurement_interval(ms):,250,88,22915,144835,0,0,1,28804747993,484,0
Measurement_interval(ms):,250,88,22915,144835,0,0,1,28804998018,506,0
Measurement_interval(ms):,250,88,22915,144835,0,0,1,28805248033,528,0
Measurement_interval(ms):,250,88,22915,144835,0,0,1,28805498030,550,0
Measurement_interval(ms):,250,88,22915,144835,0,0,1,28805747992,572,0
Measurement_interval(ms):,250,88,22915,144835,0,0,1,28805998018,594,0
Measurement_interval(ms):,250,88,22915,144835,0,0,1,28806248007,616,0
Measurement_interval(ms):,250,88,22915,143520,0,0,1,28806497981,638,0
Measurement_interval(ms):,250,88,22915,143520,0,0,1,28806747995,660,0
Measurement_interval(ms):,250,88,22915,143520,0,0,1,28806997981,682,0
Measurement_interval(ms):,250,88,22915,143520,0,0,1,28807247985,704,0
Measurement_interval(ms):,250,88,22915,143520,0,0,1,28807498012,726,0
Measurement_interval(ms):,250,88,22915,143520,0,0,1,28807747992,748,0
Measurement_interval(ms):,250,88,22915,143520,0,0,1,28807998021,770,0
Measurement_interval(ms):,250,88,22915,143520,0,0,1,28808248018,792,0
Measurement_interval(ms):,250,88,22915,143520,0,0,1,28808497980,814,0
Measurement_interval(ms):,250,88,22915,143520,0,0,1,28808747984,836,0
Measurement_interval(ms):,250,88,22915,143520,0,0,1,28808997980,858,0
Measurement_interval(ms):,250,88,22915,143520,0,0,1,28809248014,880,0
Measurement_interval(ms):,250,88,22915,143520,0,0,1,28809497996,902,0
Measurement_interval(ms):,250,88,22915,143520,0,0,1,28809747998,924,0
Measurement_interval(ms):,250,88,22915,143520,0,0,1,28809997996,946,0
Measurement_interval(ms):,250,88,22915,143520,0,0,1,28810248009,968,0
Measurement_interval(ms):,250,88,22915,143520,0,0,1,28810497979,990,0
Measurement_interval(ms):,250,88,22915,143520,0,0,1,28810747979,1012,0
Measurement_interval(ms):,250,88,22915,143520,0,0,1,28810998020,1034,0
Measurement_interval(ms):,250,88,22915,143520,0,0,1,28811248003,1056,0
Measurement_interval(ms):,250,88,22915,143520,0,0,1,28811498014,1078,0
Measurement_interval(ms):,250,88,22915,143520,0,0,1,28811748025,1100,0
Measurement_interval(ms):,250,88,22915,143520,0,0,1,28811997978,1122,0
Measurement_interval(ms):,250,88,22915,143520,0,0,1,28812248019,1144,0
Measurement_interval(ms):,250,88,22915,143520,0,0,1,28812498026,1166,0
Measurement_interval(ms):,250,88,22915,143520,0,0,1,28812748003,1188,0
Measurement_interval(ms):,250,88,22915,143520,0,0,1,28812997986,1210,0
Measurement_interval(ms):,250,88,22915,143520,0,0,1,28813247977,1232,0
Measurement_interval(ms):,250,88,22915,143520,0,0,1,28813498011,1254,0
Measurement_interval(ms):,250,88,22915,143520,0,0,1,28813747978,1276,0
Measurement_interval(ms):,250,88,22915,143520,0,0,1,28813998028,1298,0
Measurement_interval(ms):,250,88,22915,143520,0,0,1,28814247976,1320,0
Measurement_interval(ms):,250,88,22915,143520,0,0,1,28814497995,1342,0
Measurement_interval(ms):,250,88,22915,143520,0,0,1,28814748024,1364,0
Measurement_interval(ms):,250,88,22915,143520,0,0,1,28814997996,1386,0
Measurement_interval(ms):,250,88,22915,143520,0,0,1,28815248022,1408,0
Measurement_interval(ms):,250,88,22915,143520,0,0,1,28815498026,1430,0
Measurement_interval(ms):,250,88,22915,143520,0,0,1,28815747976,1452,0
Measurement_interval(ms):,250,88,22915,143520,0,0,1,28815998004,1474,0
Measurement_interval(ms):,250,88,22915,143520,0,0,1,28816247986,1496,0
Measurement_interval(ms):,250,88,22915,143520,0,0,1,28816497977,1518,0
Measurement_interval(ms):,250,88,22915,143520,0,0,1,28816748005,1540,0
Measurement_interval(ms):,250,88,22915,143520,0,0,1,28816997992,1562,0
Measurement_interval(ms):,250,88,22915,143520,0,0,1,28817248014,1584,0
Measurement_interval(ms):,250,88,22915,143520,0,0,1,28817497990,1606,0
Measurement_interval(ms):,250,88,22915,143520,0,0,1,28817747995,1628,0
Measurement_interval(ms):,250,88,22915,143520,0,0,1,28817998011,1650,0
Measurement_interval(ms):,250,88,22915,143520,0,0,1,28818248011,1672,0
Measurement_interval(ms):,250,88,22915,143520,0,0,1,28818498009,1694,0
Measurement_interval(ms):,250,88,22915,143520,0,0,1,28818747975,1716,0
Measurement_interval(ms):,250,88,22915,143520,0,0,1,28818998000,1738,0
Measurement_interval(ms):,250,88,22915,143520,0,0,1,28819247989,1760,0
Measurement_interval(ms):,250,88,22915,143520,0,0,1,28819497975,1782,0
Measurement_interval(ms):,250,88,22915,143520,0,0,1,28819748007,1804,0
Measurement_interval(ms):,250,88,22915,143520,0,0,1,28819998025,1826,0
Measurement_interval(ms):,250,88,22915,143520,0,0,1,28820248023,1848,0
Measurement_interval(ms):,250,88,22915,143520,0,0,1,28820497974,1870,0
Measurement_interval(ms):,250,88,22915,143520,0,0,1,28820747984,1892,0
Measurement_interval(ms):,250,88,22915,143520,0,0,1,28820997994,1914,0
Measurement_interval(ms):,250,88,22915,143520,0,0,1,28821248010,1936,0
Measurement_interval(ms):,250,88,22915,143520,0,0,1,28821497977,1958,0
Measurement_interval(ms):,250,88,22915,143520,0,0,1,28821747986,1980,0
Measurement_interval(ms):,250,88,22915,143520,0,0,1,28821997987,2002,0
Measurement_interval(ms):,250,88,22915,143520,0,0,1,28822247990,2024,0
Measurement_interval(ms):,250,88,22915,143520,0,0,1,28822498007,2046,0
Measurement_interval(ms):,250,88,22915,143520,0,0,1,28822748023,2068,0
Measurement_interval(ms):,250,88,22915,143520,0,0,1,28822998007,2090,0
Measurement_interval(ms):,250,88,22915,143520,0,0,1,28823248013,2112,0
Measurement_interval(ms):,250,88,22915,143520,0,0,1,28823498022,2134,0
Measurement_interval(ms):,250,88,22915,143520,0,0,1,28823747974,2156,0
Measurement_interval(ms):,250,88,22915,143520,0,0,1,28823997994,2178,0
Measurement_interval(ms):,250,88,22915,143520,0,0,1,28824247991,2200,0
Measurement_interval(ms):,250,88,22915,143520,0,0,1,28824497981,2222,0
Measurement_interval(ms):,250,88,22915,143520,0,0,1,28824748004,2244,0
Measurement_interval(ms):,250,88,22915,143520,0,0,1,28824997979,2266,0
Measurement_interval(ms):,250,88,22915,143520,0,0,1,28825248018,2288,0
Measurement_interval(ms):,250,88,22915,143520,0,0,1,28825497987,2310,0
Measurement_interval(ms):,250,88,22915,143520,0,0,1,28825747990,2332,0
Measurement_interval(ms):,250,88,22915,143520,0,0,1,28825998006,2354,0
Measurement_interval(ms):,250,88,22915,143520,0,0,1,28826247975,2376,0
Measurement_interval(ms):,250,88,22915,143520,0,0,1,28826497998,2398,0
Measurement_interval(ms):,250,88,22915,143520,0,0,1,28826747971,2420,0
