Measurement_interval(ms):,250,0,0,0,0,0,1,28483567376,0,0
Measurement_interval(ms):,250,0,0,0,0,0,1,28488563328,0,0
Measurement_interval(ms):,250,0,0,0,0,0,1,28488563329,0,0
Measurement_interval(ms):,250,0,0,0,0,0,1,28488563334,0,0
Measurement_interval(ms):,250,0,0,0,0,0,1,28488563335,0,0
Measurement_interval(ms):,250,0,0,0,0,0,1,28488563336,0,0
Measurement_interval(ms):,250,0,0,0,0,0,1,28488563337,0,0
Measurement_interval(ms):,250,0,0,0,0,0,1,28488563381,0,0
Measurement_interval(ms):,250,0,0,0,0,0,1,28488563382,0,0
Measurement_interval(ms):,250,0,0,0,0,0,1,28488563385,0,0
Measurement_interval(ms):,250,0,0,0,0,0,1,28488563386,0,0
Measurement_interval(ms):,250,0,0,0,0,0,1,28488563388,0,0
Measurement_interval(ms):,250,0,0,0,0,0,1,28488563389,0,0
Measurement_interval(ms):,250,0,0,0,0,0,1,28488563390,0,0
Measurement_interval(ms):,250,0,0,0,0,0,1,28488563391,0,0
Measurement_interval(ms):,250,0,0,0,0,0,1,28488563437,0,0
Measurement_interval(ms):,250,0,0,0,0,0,1,28488563438,0,0
Measurement_interval(ms):,250,0,0,0,0,0,1,28488563441,0,0
Measurement_interval(ms):,250,0,0,0,0,0,1,28488563442,0,0
Measurement_interval(ms):,250,0,0,0,0,0,1,28488563445,0,0
Measurement_interval(ms):,250,0,0,0,0,0,1,28488563446,0,0
Measurement_interval(ms):,250,0,0,0,0,0,1,28488563447,0,0
Measurement_interval(ms):,250,0,0,0,0,0,1,28488563448,0,0
Measurement_interval(ms):,250,0,0,0,0,0,1,28488563449,0,0
Measurement_interval(ms):,250,0,0,0,0,0,1,28488563450,0,0
Measurement_interval(ms):,250,0,0,0,0,0,1,28488563491,0,0
Measurement_interval(ms):,250,0,0,0,0,0,1,28488563492,0,0
Measurement_interval(ms):,250,0,0,0,0,0,1,28488563495,0,0
Measurement_interval(ms):,250,0,0,0,0,0,1,28488563496,0,0
Measurement_interval(ms):,250,0,0,0,0,0,1,28488563499,0,0
Measurement_interval(ms):,250,0,0,0,0,0,1,28488563499,0,0
Measurement_interval(ms):,250,0,0,0,0,0,1,28488563501,0,0
Measurement_interval(ms):,250,0,0,0,0,0,1,28488563502,0,0
Measurement_interval(ms):,250,0,0,0,0,0,1,28488563503,0,0
Measurement_interval(ms):,250,0,0,0,0,0,1,28488563504,0,0
Measurement_interval(ms):,250,0,0,0,0,0,1,28488563505,0,0
Measurement_interval(ms):,250,0,0,0,0,0,1,28488563506,0,0
Measurement_interval(ms):,250,0,0,0,0,0,1,28488563546,0,0
Measurement_interval(ms):,250,0,0,0,0,0,1,28488563547,0,0
Measurement_interval(ms):,250,0,0,0,0,0,1,28488563550,0,0
Measurement_interval(ms):,250,0,0,0,0,0,1,28488563551,0,0
Measurement_interval(ms):,250,0,0,0,0,0,1,28488563553,0,0
Measurement_interval(ms):,250,0,0,0,0,0,1,28488563554,0,0
Measurement_interval(ms):,250,0,0,0,0,0,1,28488563556,0,0
Measurement_interval(ms):,250,0,0,0,0,0,1,28488563557,0,0
Measurement_interval(ms):,250,0,0,0,0,0,1,28488563601,0,0
Measurement_interval(ms):,250,0,0,0,0,0,1,28488563602,0,0
Measurement_interval(ms):,250,0,0,0,0,0,1,28488563605,0,0
Measurement_interval(ms):,250,0,0,0,0,0,1,28488563606,0,0
Measurement_interval(ms):,250,0,0,0,0,0,1,28488563609,0,0
Measurement_interval(ms):,250,0,0,0,0,0,1,28488563610,0,0
Measurement_interval(ms):,250,0,0,0,0,0,1,28488563612,0,0
Measurement_interval(ms):,250,0,0,0,0,0,1,28488563613,0,0
Measurement_interval(ms):,250,0,0,0,0,0,1,28488563657,0,0
Measurement_interval(ms):,250,0,0,0,0,0,1,28488563658,0,0
Measurement_interval(ms):,250,0,0,0,0,0,1,28488567947,0,0
Measurement_interval(ms):,250,224,0,0,0,0,1,28488817959,56,0
Measurement_interval(ms):,250,256,0,0,0,0,1,28489067970,120,0
Measurement_interval(ms):,250,256,0,0,0,0,1,28489317924,184,0
Measurement_interval(ms):,250,256,0,0,0,0,1,28489567959,248,0
Measurement_interval(ms):,250,256,0,0,0,0,1,28489817959,312,0
Measurement_interval(ms):,250,256,0,0,0,0,1,28490067935,376,0
Measurement_interval(ms):,250,256,0,0,0,0,1,28490317961,440,0
Measurement_interval(ms):,250,256,0,0,0,0,1,28490567949,504,0
Measurement_interval(ms):,250,256,0,0,0,0,1,28490817920,568,0
Measurement_interval(ms):,250,256,0,0,0,0,1,28491067934,632,0
Measurement_interval(ms):,250,256,0,0,0,0,1,28491317964,696,0
Measurement_interval(ms):,250,288,0,0,0,0,1,28491567942,768,0
Measurement_interval(ms):,250,256,0,0,0,0,1,28491817933,832,0
Measurement_interval(ms):,250,256,31157,2648413,0,0,1,28492067944,896,0
Measurement_interval(ms):,250,256,31157,2648413,0,0,1,28492317942,960,0
Measurement_interval(ms):,250,256,31157,2648413,0,0,1,28492567923,1024,0
Measurement_interval(ms):,250,256,31157,2648413,0,0,1,28492817953,1088,0
Measurement_interval(ms):,250,256,31157,2648413,0,0,1,28493068314,1152,0
Measurement_interval(ms):,250,256,31157,2648413,0,0,1,28493317950,1216,0
Measurement_interval(ms):,250,256,31157,2648413,0,0,1,28493567943,1280,0
Measurement_interval(ms):,250,256,31157,2648413,0,0,1,28493817938,1344,0
Measurement_interval(ms):,250,256,31157,2648413,0,0,1,28494067967,1408,0
Measurement_interval(ms):,250,256,31157,2648413,0,0,1,28494317963,1472,0
Measurement_interval(ms):,250,288,31157,2648413,0,0,1,28494567960,1544,0
Measurement_interval(ms):,250,256,31157,2648413,0,0,1,28494817962,1608,0
Measurement_interval(ms):,250,256,31157,2648413,0,0,1,28495067932,1672,0
Measurement_interval(ms):,250,256,31313,2648413,0,0,1,28495317954,1736,0
Measurement_interval(ms):,250,256,31313,2648413,0,0,1,28495567957,1800,0
Measurement_interval(ms):,250,256,31313,2648413,0,0,1,28495817915,1864,0
Measurement_interval(ms):,250,256,31313,2648413,0,0,1,28496067916,1928,0
Measurement_interval(ms):,250,256,31313,2648413,0,0,1,28496317935,1992,0
Measurement_interval(ms):,250,256,31313,2648413,0,0,1,28496567933,2056,0
Measurement_interval(ms):,250,256,31313,2648413,0,0,1,28496817944,2120,0
Measurement_interval(ms):,250,288,31313,2648413,0,0,1,28497068996,2192,0
Measurement_interval(ms):,250,256,31313,2648413,0,0,1,28497317950,2256,0
Measurement_interval(ms):,250,256,31313,2648413,0,0,1,28497567923,2320,0
Measurement_interval(ms):,250,256,31313,2648413,0,0,1,28497817914,2384,0
Measurement_interval(ms):,250,256,31313,2648413,0,0,1,28498067918,2448,0
Measurement_interval(ms):,250,256,31313,2648413,0,0,1,28498317917,2512,0
Measurement_interval(ms):,250,256,31313,2648413,0,0,1,28498567912,2576,0
Measurement_interval(ms):,250,256,31313,2648413,0,0,1,28498817934,2640,0
Measurement_interval(ms):,250,256,31313,2648413,0,0,1,28499067924,2704,0
Measurement_interval(ms):,250,256,31313,2648413,0,0,1,28499317912,2768,0
Measurement_interval(ms):,250,256,31313,2648413,0,0,1,28499567949,2832,0
Measurement_interval(ms):,250,288,31313,2648413,0,0,1,28499817916,2904,0
Measurement_interval(ms):,250,256,31313,2648413,0,0,1,28500067912,2968,0
Measurement_interval(ms):,250,256,31313,2648413,0,0,1,28500317936,3032,0
Measurement_interval(ms):,250,256,31313,2648413,0,0,1,28500567946,3096,0
Measurement_interval(ms):,250,256,31313,2648413,0,0,1,28500817939,3160,0
Measurement_interval(ms):,250,256,31313,2648413,0,0,1,28501067910,3224,0
Measurement_interval(ms):,250,256,31313,2648413,0,0,1,28501317908,3288,0
Measurement_interval(ms):,250,256,31313,2648413,0,0,1,28501567935,3352,0
Measurement_interval(ms):,250,256,31313,2648413,0,0,1,28501817917,3416,0
Measurement_interval(ms):,250,256,31313,2648413,0,0,1,28502067908,3480,0
Measurement_interval(ms):,250,288,31313,2648413,0,0,1,28502318980,3552,0
Measurement_interval(ms):,250,256,31313,2648413,0,0,1,28502567908,3616,0
Measurement_interval(ms):,250,256,31313,2648413,0,0,1,28502817931,3680,0
Measurement_interval(ms):,250,256,31313,2648413,0,0,1,28503067953,3744,0
Measurement_interval(ms):,250,256,31313,2648413,0,0,1,28503317914,3808,0
Measurement_interval(ms):,250,256,31313,2648413,0,0,1,28503567933,3872,0
Measurement_interval(ms):,250,256,31313,2648413,0,0,1,28503817913,3936,0
Measurement_interval(ms):,250,256,31313,2648413,0,0,1,28504067938,4000,0
Measurement_interval(ms):,250,256,31313,2648413,0,0,1,28504317922,4064,0
Measurement_interval(ms):,250,256,31157,2648413,0,0,1,28504567943,4128,0
Measurement_interval(ms):,250,256,31157,2648413,0,0,1,28504817955,4192,0
Measurement_interval(ms):,250,288,31157,2648413,0,0,1,28505067917,4264,0
Measurement_interval(ms):,250,256,31157,2648413,0,0,1,28505317903,4328,0
Measurement_interval(ms):,250,256,31157,2648413,0,0,1,28505567935,4392,0
Measurement_interval(ms):,250,256,31157,2648413,0,0,1,28505817914,4456,0
Measurement_interval(ms):,250,256,31157,2648413,0,0,1,28506067902,4520,0
Measurement_interval(ms):,250,256,31157,2648413,0,0,1,28506317941,4584,0
Measurement_interval(ms):,250,256,31157,2648413,0,0,1,28506567947,4648,0
Measurement_interval(ms):,250,256,31157,2648413,0,0,1,28506817916,4712,0
Measurement_interval(ms):,250,256,31157,2648413,0,0,1,28507067911,4776,0
Measurement_interval(ms):,250,256,31157,2648413,0,0,1,28507317903,4840,0
Measurement_interval(ms):,250,256,31157,2648413,0,0,1,28507567950,4904,0
Measurement_interval(ms):,250,288,31157,2648413,0,0,1,28507817937,4976,0
Measurement_interval(ms):,250,256,31157,2648413,0,0,1,28508067933,5040,0
Measurement_interval(ms):,250,256,31157,2648413,0,0,1,28508317937,5104,0
Measurement_interval(ms):,250,256,31157,2648413,0,0,1,28508567915,5168,0
Measurement_interval(ms):,250,256,31157,2648413,0,0,1,28508817938,5232,0
Measurement_interval(ms):,250,256,31157,2648413,0,0,1,28509067945,5296,0
Measurement_interval(ms):,250,256,31157,2648413,0,0,1,28509317924,5360,0
Measurement_interval(ms):,250,256,31157,2648413,0,0,1,28509567906,5424,0
Measurement_interval(ms):,250,256,31157,2648413,0,0,1,28509817916,5488,0
Measurement_interval(ms):,250,256,31157,2648413,0,0,1,28510067942,5552,0
Measurement_interval(ms):,250,288,31157,2648413,0,0,1,28510318583,5624,0
Measurement_interval(ms):,250,256,31157,2648413,0,0,1,28510567942,5688,0
Measurement_interval(ms):,250,256,31157,2648413,0,0,1,28510817942,5752,0
Measurement_interval(ms):,250,256,31157,2648413,0,0,1,28511067899,5816,0
Measurement_interval(ms):,250,256,31157,2648413,0,0,1,28511317943,5880,0
Measurement_interval(ms):,250,256,31157,2648413,0,0,1,28511567922,5944,0
Measurement_interval(ms):,250,256,31157,2648413,0,0,1,28511817897,6008,0
Measurement_interval(ms):,250,256,31157,2648413,0,0,1,28512067898,6072,0
Measurement_interval(ms):,250,256,31157,2648413,0,0,1,28512317901,6136,0
Measurement_interval(ms):,250,256,31157,2648413,0,0,1,28512567900,6200,0
Measurement_interval(ms):,250,256,31157,2648413,0,0,1,28512817944,6264,0
Measurement_interval(ms):,250,288,31157,2648413,0,0,1,28513067907,6336,0
Measurement_interval(ms):,250,256,31157,2648413,0,0,1,28513317907,6400,0
Measurement_interval(ms):,250,256,31157,2648413,0,0,1,28513567915,6464,0
Measurement_interval(ms):,250,256,31157,2648413,0,0,1,28513817895,6528,0
Measurement_interval(ms):,250,256,31157,2648413,0,0,1,28514067923,6592,0
Measurement_interval(ms):,250,256,31157,2648413,0,0,1,28514317894,6656,0
Measurement_interval(ms):,250,256,31157,2648413,0,0,1,28514567943,6720,0
Measurement_interval(ms):,250,256,31157,2648413,0,0,1,28514817910,6784,0
Measurement_interval(ms):,250,256,31157,2648413,0,0,1,28515067940,6848,0
Measurement_interval(ms):,250,256,31157,2648413,0,0,1,28515317893,6912,0
Measurement_interval(ms):,250,288,31157,2648413,0,0,1,28515569011,6984,0
Measurement_interval(ms):,250,256,31157,2648413,0,0,1,28515817928,7048,0
Measurement_interval(ms):,250,256,31157,2648413,0,0,1,28516067898,7112,0
Measurement_interval(ms):,250,256,31157,2648413,0,0,1,28516317932,7176,0
Measurement_interval(ms):,250,256,31157,2648413,0,0,1,28516567906,7240,0
Measurement_interval(ms):,250,256,31157,2648413,0,0,1,28516817904,7304,0
Measurement_interval(ms):,250,256,31157,2648413,0,0,1,28517067911,7368,0
Measurement_interval(ms):,250,256,31157,2648413,0,0,1,28517317909,7432,0
Measurement_interval(ms):,250,256,31157,2648413,0,0,1,28517567923,7496,0
Measurement_interval(ms):,250,256,31157,2648413,0,0,1,28517817898,7560,0
Measurement_interval(ms):,250,288,31157,2648413,0,0,1,28518069565,7632,0
