Measurement_interval(ms):,250,0,0,0,0,0,1,28746438909,0,0
Measurement_interval(ms):,250,0,0,0,0,0,1,28749511046,0,0
Measurement_interval(ms):,250,0,0,0,0,0,1,28749511047,0,0
Measurement_interval(ms):,250,0,0,0,0,0,1,28749511052,0,0
Measurement_interval(ms):,250,0,0,0,0,0,1,28749511053,0,0
Measurement_interval(ms):,250,0,0,0,0,0,1,28749511055,0,0
Measurement_interval(ms):,250,0,0,0,0,0,1,28749511056,0,0
Measurement_interval(ms):,250,0,0,0,0,0,1,28749511057,0,0
Measurement_interval(ms):,250,0,0,0,0,0,1,28749511058,0,0
Measurement_interval(ms):,250,0,0,0,0,0,1,28749511059,0,0
Measurement_interval(ms):,250,0,0,0,0,0,1,28749511060,0,0
Measurement_interval(ms):,250,0,0,0,0,0,1,28749511100,0,0
Measurement_interval(ms):,250,0,0,0,0,0,1,28749511101,0,0
Measurement_interval(ms):,250,0,0,0,0,0,1,28749511105,0,0
Measurement_interval(ms):,250,0,0,0,0,0,1,28749511106,0,0
Measurement_interval(ms):,250,0,0,0,0,0,1,28749511108,0,0
Measurement_interval(ms):,250,0,0,0,0,0,1,28749511109,0,0
Measurement_interval(ms):,250,0,0,0,0,0,1,28749511110,0,0
Measurement_interval(ms):,250,0,0,0,0,0,1,28749511111,0,0
Measurement_interval(ms):,250,0,0,0,0,0,1,28749511112,0,0
Measurement_interval(ms):,250,0,0,0,0,0,1,28749511113,0,0
Measurement_interval(ms):,250,0,0,0,0,0,1,28749511155,0,0
Measurement_interval(ms):,250,0,0,0,0,0,1,28749511156,0,0
Measurement_interval(ms):,250,0,0,0,0,0,1,28749511160,0,0
Measurement_interval(ms):,250,0,0,0,0,0,1,28749511161,0,0
Measurement_interval(ms):,250,0,0,0,0,0,1,28749511163,0,0
Measurement_interval(ms):,250,0,0,0,0,0,1,28749511164,0,0
Measurement_interval(ms):,250,0,0,0,0,0,1,28749511166,0,0
Measurement_interval(ms):,250,0,0,0,0,0,1,28749511166,0,0
Measurement_interval(ms):,250,0,0,0,0,0,1,28749511210,0,0
Measurement_interval(ms):,250,0,0,0,0,0,1,28749511211,0,0
Measurement_interval(ms):,250,0,0,0,0,0,1,28749511215,0,0
Measurement_interval(ms):,250,0,0,0,0,0,1,28749511215,0,0
Measurement_interval(ms):,250,0,0,0,0,0,1,28749511218,0,0
Measurement_interval(ms):,250,0,0,0,0,0,1,28749511219,0,0
Measurement_interval(ms):,250,0,0,0,0,0,1,28749511220,0,0
Measurement_interval(ms):,250,0,0,0,0,0,1,28749511221,0,0
Measurement_interval(ms):,250,0,0,0,0,0,1,28749511223,0,0
Measurement_interval(ms):,250,0,0,0,0,0,1,28749511224,0,0
Measurement_interval(ms):,250,0,0,0,0,0,1,28749511266,0,0
Measurement_interval(ms):,250,0,0,0,0,0,1,28749511267,0,0
Measurement_interval(ms):,250,0,0,0,0,0,1,28749511270,0,0
Measurement_interval(ms):,250,0,0,0,0,0,1,28749511271,0,0
Measurement_interval(ms):,250,0,0,0,0,0,1,28749511273,0,0
Measurement_interval(ms):,250,0,0,0,0,0,1,28749511274,0,0
Measurement_interval(ms):,250,0,0,0,0,0,1,28749511276,0,0
Measurement_interval(ms):,250,0,0,0,0,0,1,28749511277,0,0
Measurement_interval(ms):,250,0,0,0,0,0,1,28749511320,0,0
Measurement_interval(ms):,250,80,0,0,0,0,1,28749684854,20,0
Measurement_interval(ms):,250,144,0,0,0,0,1,28749934834,56,0
Measurement_interval(ms):,250,160,0,0,0,0,1,28750184849,96,0
Measurement_interval(ms):,250,160,0,0,0,0,1,28750434862,136,0
Measurement_interval(ms):,250,160,0,0,0,0,1,28750684856,176,0
Measurement_interval(ms):,250,160,0,0,0,0,1,28750934844,216,0
Measurement_interval(ms):,250,160,0,0,0,0,1,28751184853,256,0
Measurement_interval(ms):,250,144,0,0,0,0,1,28751434825,292,0
Measurement_interval(ms):,250,160,0,0,0,0,1,28751684813,332,0
Measurement_interval(ms):,250,160,0,0,0,0,1,28751934859,372,0
Measurement_interval(ms):,250,160,0,0,0,0,1,28752184813,412,0
Measurement_interval(ms):,250,160,25770,397644,0,0,1,28752434828,452,0
Measurement_interval(ms):,250,160,25770,397644,0,0,1,28752684840,492,0
Measurement_interval(ms):,250,160,25770,397644,0,0,1,28752935676,532,0
Measurement_interval(ms):,250,144,25770,397644,0,0,1,28753184849,568,0
Measurement_interval(ms):,250,160,25770,397644,0,0,1,28753434824,608,0
Measurement_interval(ms):,250,160,25770,397644,0,0,1,28753684822,648,0
Measurement_interval(ms):,250,160,25770,397644,0,0,1,28753934860,688,0
Measurement_interval(ms):,250,160,25770,397644,0,0,1,28754184852,728,0
Measurement_interval(ms):,250,160,25770,397644,0,0,1,28754434833,768,0
Measurement_interval(ms):,250,144,25770,397644,0,0,1,28754684848,804,0
Measurement_interval(ms):,250,160,25641,397644,0,0,1,28754934860,844,0
Measurement_interval(ms):,250,160,25641,397644,0,0,1,28755184819,884,0
Measurement_interval(ms):,250,160,25641,397644,0,0,1,28755434829,924,0
Measurement_interval(ms):,250,160,25641,397644,0,0,1,28755684833,964,0
Measurement_interval(ms):,250,160,25641,397644,0,0,1,28755934833,1004,0
Measurement_interval(ms):,250,160,25641,397644,0,0,1,28756185586,1044,0
Measurement_interval(ms):,250,144,25641,397644,0,0,1,28756434860,1080,0
Measurement_interval(ms):,250,160,25641,397644,0,0,1,28756684828,1120,0
Measurement_interval(ms):,250,160,25641,397644,0,0,1,28756934849,1160,0
Measurement_interval(ms):,250,160,25641,397644,0,0,1,28757184838,1200,0
Measurement_interval(ms):,250,160,25641,397644,0,0,1,28757434838,1240,0
Measurement_interval(ms):,250,160,25641,397644,0,0,1,28757684816,1280,0
Measurement_interval(ms):,250,144,25641,397644,0,0,1,28757934819,1316,0
Measurement_interval(ms):,250,160,25641,397644,0,0,1,28758184812,1356,0
Measurement_interval(ms):,250,160,25641,397644,0,0,1,28758434836,1396,0
Measurement_interval(ms):,250,160,25641,397644,0,0,1,28758684821,1436,0
Measurement_interval(ms):,250,160,25641,397644,0,0,1,28758934832,1476,0
Measurement_interval(ms):,250,160,25641,397644,0,0,1,28759184810,1516,0
Measurement_interval(ms):,250,160,25641,397644,0,0,1,28759434813,1556,0
Measurement_interval(ms):,250,144,25641,397644,0,0,1,28759684845,1592,0
Measurement_interval(ms):,250,160,25641,397644,0,0,1,28759934829,1632,0
Measurement_interval(ms):,250,160,25641,397644,0,0,1,28760184810,1672,0
Measurement_interval(ms):,250,160,25641,397644,0,0,1,28760434827,1712,0
Measurement_interval(ms):,250,160,25641,397644,0,0,1,28760684854,1752,0
Measurement_interval(ms):,250,160,25641,397644,0,0,1,28760934812,1792,0
Measurement_interval(ms):,250,144,25641,397644,0,0,1,28761184847,1828,0
Measurement_interval(ms):,250,160,25641,397644,0,0,1,28761434808,1868,0
Measurement_interval(ms):,250,160,25641,397644,0,0,1,28761684848,1908,0
Measurement_interval(ms):,250,160,25641,397644,0,0,1,28761934856,1948,0
Measurement_interval(ms):,250,160,25641,397644,0,0,1,28762184823,1988,0
Measurement_interval(ms):,250,160,25641,397644,0,0,1,28762434829,2028,0
Measurement_interval(ms):,250,160,25641,397644,0,0,1,28762684818,2068,0
Measurement_interval(ms):,250,144,25641,397644,0,0,1,28762934819,2104,0
Measurement_interval(ms):,250,160,25641,397644,0,0,1,28763184850,2144,0
Measurement_interval(ms):,250,160,25641,397644,0,0,1,28763434817,2184,0
Measurement_interval(ms):,250,160,25641,397644,0,0,1,28763684807,2224,0
Measurement_interval(ms):,250,160,25641,397644,0,0,1,28763934846,2264,0
Measurement_interval(ms):,250,160,25641,397644,0,0,1,28764184857,2304,0
Measurement_interval(ms):,250,160,25641,397644,0,0,1,28764435122,2344,0
Measurement_interval(ms):,250,144,25641,397644,0,0,1,28764684833,2380,0
Measurement_interval(ms):,250,160,25641,397644,0,0,1,28764934836,2420,0
Measurement_interval(ms):,250,160,25641,397644,0,0,1,28765184817,2460,0
Measurement_interval(ms):,250,160,25641,397644,0,0,1,28765434846,2500,0
Measurement_interval(ms):,250,160,25641,397644,0,0,1,28765684823,2540,0
Measurement_interval(ms):,250,160,25641,397644,0,0,1,28765934844,2580,0
Measurement_interval(ms):,250,144,25641,397644,0,0,1,28766184828,2616,0
Measurement_interval(ms):,250,160,25641,397644,0,0,1,28766434833,2656,0
Measurement_interval(ms):,250,160,25641,397644,0,0,1,28766684842,2696,0
Measurement_interval(ms):,250,160,25641,397644,0,0,1,28766934851,2736,0
Measurement_interval(ms):,250,160,25641,397644,0,0,1,28767184847,2776,0
Measurement_interval(ms):,250,160,25641,397644,0,0,1,28767434841,2816,0
Measurement_interval(ms):,250,160,25641,397644,0,0,1,28767684814,2856,0
Measurement_interval(ms):,250,144,25641,397644,0,0,1,28767934843,2892,0
Measurement_interval(ms):,250,160,25641,397644,0,0,1,28768184838,2932,0
Measurement_interval(ms):,250,160,25641,397644,0,0,1,28768434847,2972,0
Measurement_interval(ms):,250,160,25641,397644,0,0,1,28768684849,3012,0
Measurement_interval(ms):,250,160,25641,397644,0,0,1,28768934806,3052,0
Measurement_interval(ms):,250,160,25641,397644,0,0,1,28769184818,3092,0
Measurement_interval(ms):,250,144,25641,397644,0,0,1,28769434844,3128,0
Measurement_interval(ms):,250,160,25641,397644,0,0,1,28769684843,3168,0
Measurement_interval(ms):,250,160,25641,397644,0,0,1,28769934805,3208,0
Measurement_interval(ms):,250,160,25641,397644,0,0,1,28770184807,3248,0
Measurement_interval(ms):,250,160,25641,397644,0,0,1,28770434828,3288,0
Measurement_interval(ms):,250,160,25641,397644,0,0,1,28770684819,3328,0
Measurement_interval(ms):,250,160,25641,397644,0,0,1,28770934811,3368,0
Measurement_interval(ms):,250,144,25641,397644,0,0,1,28771184849,3404,0
Measurement_interval(ms):,250,160,25641,397644,0,0,1,28771434825,3444,0
Measurement_interval(ms):,250,160,25641,397644,0,0,1,28771684832,3484,0
Measurement_interval(ms):,250,160,25641,397644,0,0,1,28771934805,3524,0
Measurement_interval(ms):,250,160,25641,397644,0,0,1,28772184823,3564,0
Measurement_interval(ms):,250,160,25641,397644,0,0,1,28772434845,3604,0
Measurement_interval(ms):,250,160,25641,397644,0,0,1,28772684849,3644,0
Measurement_interval(ms):,250,144,25641,397644,0,0,1,28772934818,3680,0
Measurement_interval(ms):,250,160,25641,397644,0,0,1,28773184811,3720,0
