Measurement_interval(ms):,1000,0,0,0,0,0,1,65321880314
Measurement_interval(ms):,1000,0,0,0,0,0,1,65329401248
Measurement_interval(ms):,1000,0,0,0,0,0,1,65329401250
Measurement_interval(ms):,1000,0,0,0,0,0,1,65329401253
Measurement_interval(ms):,1000,0,0,0,0,0,1,65329401254
Measurement_interval(ms):,1000,0,0,0,0,0,1,65329401256
Measurement_interval(ms):,1000,0,0,0,0,0,1,65329401256
Measurement_interval(ms):,1000,0,0,0,0,0,1,65329401300
Measurement_interval(ms):,1000,0,0,0,0,0,1,65329401301
Measurement_interval(ms):,1000,0,0,0,0,0,1,65329401303
Measurement_interval(ms):,1000,0,0,0,0,0,1,65329419740
Measurement_interval(ms):,1000,896,0,0,0,0,1,65330419742
Measurement_interval(ms):,1000,928,18862,37239,0,0,1,65331419760
Measurement_interval(ms):,1000,928,18862,37239,0,0,1,65332419758
Measurement_interval(ms):,1000,928,17944,36431,0,0,1,65333419756
Measurement_interval(ms):,1000,912,17944,36431,0,0,1,65334419750
Measurement_interval(ms):,1000,928,17332,35017,0,0,1,65335419743
Measurement_interval(ms):,1000,928,17332,35017,0,0,1,65336420291
Measurement_interval(ms):,1000,912,17332,34411,0,0,1,65337419755
Measurement_interval(ms):,1000,928,17332,34411,0,0,1,65338419730
Measurement_interval(ms):,1000,928,17332,34411,0,0,1,65339419739
Measurement_interval(ms):,1000,912,17332,34411,0,0,1,65340419733
Measurement_interval(ms):,1000,928,17332,34411,0,0,1,65341419721
Measurement_interval(ms):,1000,928,17332,34411,0,0,1,65342419722
Measurement_interval(ms):,1000,912,17332,34411,0,0,1,65343419742
Measurement_interval(ms):,1000,928,17332,34411,0,0,1,65344419769
Measurement_interval(ms):,1000,928,17332,34411,0,0,1,65345419748
Measurement_interval(ms):,1000,928,17332,34411,0,0,1,65346419761
Measurement_interval(ms):,1000,912,17332,34411,0,0,1,65347419719
Measurement_interval(ms):,1000,928,17332,34411,0,0,1,65348419736
Measurement_interval(ms):,1000,928,17332,34411,0,0,1,65349419722
Measurement_interval(ms):,1000,912,17332,34411,0,0,1,65350419735
Measurement_interval(ms):,1000,928,17332,34411,0,0,1,65351419736
Measurement_interval(ms):,1000,928,17332,34411,0,0,1,65352419760
Measurement_interval(ms):,1000,912,17332,34411,0,0,1,65353419730
Measurement_interval(ms):,1000,928,17332,34411,0,0,1,65354419742
Measurement_interval(ms):,1000,928,17332,34411,0,0,1,65355419753
Measurement_interval(ms):,1000,928,17332,34411,0,0,1,65356419729
Measurement_interval(ms):,1000,912,17332,34411,0,0,1,65357419759
Measurement_interval(ms):,1000,928,17332,34411,0,0,1,65358419740
Measurement_interval(ms):,1000,928,17332,34411,0,0,1,65359419737
Measurement_interval(ms):,1000,912,17332,34411,0,0,1,65360419725
Measurement_interval(ms):,1000,928,17332,34411,0,0,1,65361419733
