Measurement_interval(ms):,1000,0,0,0,0,0,1,153887101352
Measurement_interval(ms):,1000,0,0,0,0,0,1,153895567222
Measurement_interval(ms):,1000,0,0,0,0,0,1,153895567224
Measurement_interval(ms):,1000,0,0,0,0,0,1,153895567226
Measurement_interval(ms):,1000,0,0,0,0,0,1,153895567227
Measurement_interval(ms):,1000,0,0,0,0,0,1,153895567228
Measurement_interval(ms):,1000,0,0,0,0,0,1,153895567229
Measurement_interval(ms):,1000,0,0,0,0,0,1,153895567230
Measurement_interval(ms):,1000,0,0,0,0,0,1,153895567231
Measurement_interval(ms):,1000,0,0,0,0,0,1,153895567276
Measurement_interval(ms):,1000,0,0,0,0,0,1,153895567277
Measurement_interval(ms):,1000,32,0,0,4,0,1,153895630841
Measurement_interval(ms):,1000,924,0,0,58,0,1,153896630791
Measurement_interval(ms):,1000,928,17561,33996,58,0,1,153897630802
Measurement_interval(ms):,1000,928,17561,33996,58,0,1,153898630803
Measurement_interval(ms):,1000,928,17745,34336,58,0,1,153899630826
Measurement_interval(ms):,1000,928,17745,34336,58,0,1,153900630828
Measurement_interval(ms):,1000,928,17745,34336,58,0,1,153901630835
Measurement_interval(ms):,1000,928,17561,34166,58,0,1,153902630974
Measurement_interval(ms):,1000,913,17561,34166,57,0,1,153903630789
Measurement_interval(ms):,1000,928,17561,34166,58,0,1,153904630812
Measurement_interval(ms):,1000,928,17561,34166,58,0,1,153905630832
Measurement_interval(ms):,1000,928,17561,34166,58,0,1,153906630820
Measurement_interval(ms):,1000,928,17561,34166,58,0,1,153907630823
Measurement_interval(ms):,1000,928,17561,33996,58,0,1,153908630826
Measurement_interval(ms):,1000,928,17561,33996,58,0,1,153909630793
Measurement_interval(ms):,1000,928,17561,33996,58,0,1,153910630812
Measurement_interval(ms):,1000,911,17561,33996,57,0,1,153911630801
Measurement_interval(ms):,1000,928,17561,33996,58,0,1,153912630812
Measurement_interval(ms):,1000,928,17561,33996,58,0,1,153913630786
Measurement_interval(ms):,1000,928,17561,33996,58,0,1,153914630789
Measurement_interval(ms):,1000,928,17561,33996,58,0,1,153915630797
Measurement_interval(ms):,1000,928,17561,33996,58,0,1,153916630805
Measurement_interval(ms):,1000,928,17561,33996,58,0,1,153917630821
Measurement_interval(ms):,1000,928,17561,33996,58,0,1,153918630809
Measurement_interval(ms):,1000,928,17561,33996,58,0,1,153919630796
Measurement_interval(ms):,1000,913,17561,33996,57,0,1,153920630817
Measurement_interval(ms):,1000,928,17561,33996,58,0,1,153921630827
Measurement_interval(ms):,1000,928,17561,34166,58,0,1,153922630809
Measurement_interval(ms):,1000,928,17561,34166,58,0,1,153923630824
Measurement_interval(ms):,1000,928,17561,34166,58,0,1,153924630799
Measurement_interval(ms):,1000,928,17561,34166,58,0,1,153925630810
Measurement_interval(ms):,1000,928,17561,34166,58,0,1,153926630796
Measurement_interval(ms):,1000,911,17561,34166,57,0,1,153927630812
Measurement_interval(ms):,1000,928,17561,34166,58,0,1,153928630782
Measurement_interval(ms):,1000,928,17561,34166,58,0,1,153929630813
Measurement_interval(ms):,1000,928,17561,34166,58,0,1,153930630797
Measurement_interval(ms):,1000,928,17561,34166,58,0,1,153931630787
Measurement_interval(ms):,1000,928,17561,34166,58,0,1,153932630784
