Measurement_interval(ms):,1000,0,0,0,0,0,1,140933564643
Measurement_interval(ms):,1000,0,0,0,0,0,1,140936387506
Measurement_interval(ms):,1000,0,0,0,0,0,1,140936387508
Measurement_interval(ms):,1000,0,0,0,0,0,1,140936387510
Measurement_interval(ms):,1000,0,0,0,0,0,1,140936387511
Measurement_interval(ms):,1000,0,0,0,0,0,1,140936387512
Measurement_interval(ms):,1000,642,0,0,0,0,1,140937086209
Measurement_interval(ms):,1000,991,0,0,0,0,1,140938086217
Measurement_interval(ms):,1000,960,0,0,0,0,1,140939086210
Measurement_interval(ms):,1000,989,31016,61079,0,0,1,140940086194
Measurement_interval(ms):,1000,991,31016,61079,0,0,1,140941086211
Measurement_interval(ms):,1000,960,31016,61079,0,0,1,140942086229
Measurement_interval(ms):,1000,989,31016,60771,0,0,1,140943086206
Measurement_interval(ms):,1000,960,31016,60771,0,0,1,140944086207
Measurement_interval(ms):,1000,991,31016,60771,0,0,1,140945086217
Measurement_interval(ms):,1000,960,31016,61079,0,0,1,140946086230
Measurement_interval(ms):,1000,989,31016,61079,0,0,1,140947086197
Measurement_interval(ms):,1000,960,31016,61079,0,0,1,140948086227
Measurement_interval(ms):,1000,991,31016,61079,0,0,1,140949086205
Measurement_interval(ms):,1000,989,31016,61079,0,0,1,140950086214
Measurement_interval(ms):,1000,960,31016,61079,0,0,1,140951086224
Measurement_interval(ms):,1000,991,31016,61079,0,0,1,140952086217
Measurement_interval(ms):,1000,960,31016,61079,0,0,1,140953086236
Measurement_interval(ms):,1000,989,31016,61079,0,0,1,140954086189
Measurement_interval(ms):,1000,991,31016,61079,0,0,1,140955086191
Measurement_interval(ms):,1000,960,31016,61079,0,0,1,140956086198
Measurement_interval(ms):,1000,989,31016,61079,0,0,1,140957086198
Measurement_interval(ms):,1000,960,31016,61079,0,0,1,140958086232
Measurement_interval(ms):,1000,991,31016,61079,0,0,1,140959086206
Measurement_interval(ms):,1000,989,31016,61079,0,0,1,140960086213
Measurement_interval(ms):,1000,960,31016,61079,0,0,1,140961086206
Measurement_interval(ms):,1000,991,31016,61079,0,0,1,140962086234
Measurement_interval(ms):,1000,960,31016,61079,0,0,1,140963086218
Measurement_interval(ms):,1000,989,31016,61079,0,0,1,140964086210
Measurement_interval(ms):,1000,991,31016,61079,0,0,1,140965086331
Measurement_interval(ms):,1000,960,31016,61079,0,0,1,140966086187
Measurement_interval(ms):,1000,989,31016,61079,0,0,1,140967086189
Measurement_interval(ms):,1000,960,31016,61079,0,0,1,140968086187
Measurement_interval(ms):,1000,991,31016,61079,0,0,1,140969086187
Measurement_interval(ms):,1000,989,31016,61079,0,0,1,140970086643
