Measurement_interval(ms):,1000,0,0,0,0,0,1,149986215816
Measurement_interval(ms):,1000,0,0,0,0,0,1,149992293878
Measurement_interval(ms):,1000,0,0,0,0,0,1,149992293880
Measurement_interval(ms):,1000,0,0,0,0,0,1,149992293883
Measurement_interval(ms):,1000,0,0,0,0,0,1,149992293884
Measurement_interval(ms):,1000,0,0,0,0,0,1,149992293885
Measurement_interval(ms):,1000,0,0,0,0,0,1,149992293886
Measurement_interval(ms):,1000,0,0,0,0,0,1,149992293932
Measurement_interval(ms):,1000,0,0,0,0,0,1,149992293933
Measurement_interval(ms):,1000,0,0,0,0,0,1,149992293935
Measurement_interval(ms):,1000,449,0,0,0,0,1,149992839632
Measurement_interval(ms):,1000,844,0,0,0,0,1,149993839670
Measurement_interval(ms):,1000,832,23414,37669,0,0,1,149994839622
Measurement_interval(ms):,1000,852,23414,37669,0,0,1,149995839668
Measurement_interval(ms):,1000,832,23414,37669,0,0,1,149996839640
Measurement_interval(ms):,1000,844,23414,37669,0,0,1,149997839672
Measurement_interval(ms):,1000,852,23414,37669,0,0,1,149998839939
Measurement_interval(ms):,1000,832,23414,37669,0,0,1,149999839652
Measurement_interval(ms):,1000,844,23414,37669,0,0,1,150000839640
Measurement_interval(ms):,1000,832,23414,37669,0,0,1,150001839630
Measurement_interval(ms):,1000,852,23414,37669,0,0,1,150002839673
Measurement_interval(ms):,1000,844,23414,37669,0,0,1,150003839647
Measurement_interval(ms):,1000,832,23414,37669,0,0,1,150004839642
Measurement_interval(ms):,1000,852,23414,37669,0,0,1,150005839654
Measurement_interval(ms):,1000,844,23414,37669,0,0,1,150006839659
Measurement_interval(ms):,1000,832,23414,37669,0,0,1,150007839667
Measurement_interval(ms):,1000,852,23414,37669,0,0,1,150008839672
Measurement_interval(ms):,1000,844,23414,37669,0,0,1,150009839637
Measurement_interval(ms):,1000,832,23414,37669,0,0,1,150010839671
Measurement_interval(ms):,1000,852,23414,37669,0,0,1,150011839666
Measurement_interval(ms):,1000,832,23414,37669,0,0,1,150012839651
Measurement_interval(ms):,1000,844,23414,37669,0,0,1,150013839677
Measurement_interval(ms):,1000,832,23414,37669,0,0,1,150014839657
Measurement_interval(ms):,1000,852,23414,37669,0,0,1,150015839659
Measurement_interval(ms):,1000,844,23414,37669,0,0,1,150016839683
Measurement_interval(ms):,1000,832,23414,37669,0,0,1,150017839661
Measurement_interval(ms):,1000,852,23414,37669,0,0,1,150018839647
Measurement_interval(ms):,1000,832,23414,37669,0,0,1,150019839647
Measurement_interval(ms):,1000,844,23414,37669,0,0,1,150020839685
Measurement_interval(ms):,1000,832,23414,37669,0,0,1,150021839694
Measurement_interval(ms):,1000,852,23414,37669,0,0,1,150022839681
Measurement_interval(ms):,1000,844,23414,37669,0,0,1,150023839662
Measurement_interval(ms):,1000,832,23414,37669,0,0,1,150024839679
