Measurement_interval(ms):,1000,0,0,0,0,0,1,148004976577
Measurement_interval(ms):,1000,0,0,0,0,0,1,148011521135
Measurement_interval(ms):,1000,0,0,0,0,0,1,148011521137
Measurement_interval(ms):,1000,0,0,0,0,0,1,148011521139
Measurement_interval(ms):,1000,0,0,0,0,0,1,148011521140
Measurement_interval(ms):,1000,0,0,0,0,0,1,148011521141
Measurement_interval(ms):,1000,0,0,0,0,0,1,148011521142
Measurement_interval(ms):,1000,0,0,0,0,0,1,148011521189
Measurement_interval(ms):,1000,0,0,0,0,0,1,148011521190
Measurement_interval(ms):,1000,0,0,0,0,0,1,148011521192
Measurement_interval(ms):,1000,0,0,0,0,0,1,148011521193
Measurement_interval(ms):,1000,1754,5787,10734,0,0,1,148012220393
Measurement_interval(ms):,1000,2816,5787,10802,0,0,1,148013220415
Measurement_interval(ms):,1000,2832,5787,10802,0,0,1,148014220425
Measurement_interval(ms):,1000,2832,5787,10802,0,0,1,148015220407
Measurement_interval(ms):,1000,2832,5787,10734,0,0,1,148016220424
Measurement_interval(ms):,1000,2832,5787,10734,0,0,1,148017220429
Measurement_interval(ms):,1000,2848,5787,10734,0,0,1,148018220745
Measurement_interval(ms):,1000,2832,5787,10734,0,0,1,148019220758
Measurement_interval(ms):,1000,2816,5787,10734,0,0,1,148020220413
Measurement_interval(ms):,1000,2848,5787,10734,0,0,1,148021221091
Measurement_interval(ms):,1000,2832,5787,10734,0,0,1,148022220424
Measurement_interval(ms):,1000,2832,5787,10734,0,0,1,148023220403
Measurement_interval(ms):,1000,2832,5787,10734,0,0,1,148024220434
Measurement_interval(ms):,1000,2832,5787,10734,0,0,1,148025220433
Measurement_interval(ms):,1000,2832,5787,10734,0,0,1,148026220400
Measurement_interval(ms):,1000,2832,5787,10734,0,0,1,148027220403
Measurement_interval(ms):,1000,2832,5787,10734,0,0,1,148028220421
Measurement_interval(ms):,1000,2832,5787,10734,0,0,1,148029220424
Measurement_interval(ms):,1000,2848,5787,10734,0,0,1,148030220458
Measurement_interval(ms):,1000,2832,5787,10734,0,0,1,148031220400
Measurement_interval(ms):,1000,2832,5787,10734,0,0,1,148032220851
Measurement_interval(ms):,1000,2832,5787,10734,0,0,1,148033220403
Measurement_interval(ms):,1000,2832,5787,10734,0,0,1,148034220439
Measurement_interval(ms):,1000,2832,5787,10734,0,0,1,148035220405
Measurement_interval(ms):,1000,2832,5787,10734,0,0,1,148036220405
Measurement_interval(ms):,1000,2832,5787,10734,0,0,1,148037220415
Measurement_interval(ms):,1000,2832,5787,10734,0,0,1,148038220406
Measurement_interval(ms):,1000,2832,5787,10734,0,0,1,148039220422
Measurement_interval(ms):,1000,2832,5787,10734,0,0,1,148040220412
Measurement_interval(ms):,1000,2832,5787,10734,0,0,1,148041220409
Measurement_interval(ms):,1000,2832,5787,10734,0,0,1,148042220425
Measurement_interval(ms):,1000,2848,5787,10734,0,0,1,148043220887
Measurement_interval(ms):,1000,2832,5787,10734,0,0,1,148044220426
