Measurement_interval(ms):,1000,0,0,0,0,0,1,81308191149
Measurement_interval(ms):,1000,0,0,0,0,0,1,81312395337
Measurement_interval(ms):,1000,0,0,0,0,0,1,81312395338
Measurement_interval(ms):,1000,0,0,0,0,0,1,81312395342
Measurement_interval(ms):,1000,0,0,0,0,0,1,81312395342
Measurement_interval(ms):,1000,0,0,0,0,0,1,81312395344
Measurement_interval(ms):,1000,0,0,0,0,0,1,81312395345
Measurement_interval(ms):,1000,0,0,0,0,0,1,81312395390
Measurement_interval(ms):,1000,80,0,0,0,0,1,81312441943
Measurement_interval(ms):,1000,1912,4117,8503,0,0,1,81313441651
Measurement_interval(ms):,1000,1920,4117,12283,0,0,1,81314442030
Measurement_interval(ms):,1000,1912,4117,8503,0,0,1,81315441649
Measurement_interval(ms):,1000,1920,4117,8503,0,0,1,81316441654
Measurement_interval(ms):,1000,1912,4117,8503,0,0,1,81317441677
Measurement_interval(ms):,1000,1920,4117,9853,0,0,1,81318441653
Measurement_interval(ms):,1000,1912,4117,8548,0,0,1,81319441665
Measurement_interval(ms):,1000,1912,4117,8503,0,0,1,81320441678
Measurement_interval(ms):,1000,1912,4117,8503,0,0,1,81321441645
Measurement_interval(ms):,1000,1912,4117,8503,0,0,1,81322441680
Measurement_interval(ms):,1000,1920,4117,8458,0,0,1,81323441682
Measurement_interval(ms):,1000,1912,4117,8458,0,0,1,81324441691
Measurement_interval(ms):,1000,1920,4117,8458,0,0,1,81325442096
Measurement_interval(ms):,1000,1912,4117,8458,0,0,1,81326441663
Measurement_interval(ms):,1000,1912,4117,8458,0,0,1,81327441670
Measurement_interval(ms):,1000,1912,4117,8458,0,0,1,81328441683
Measurement_interval(ms):,1000,1912,4117,8458,0,0,1,81329441643
Measurement_interval(ms):,1000,1912,4117,8458,0,0,1,81330441658
Measurement_interval(ms):,1000,1920,4117,8458,0,0,1,81331442015
Measurement_interval(ms):,1000,1912,4117,8458,0,0,1,81332442046
Measurement_interval(ms):,1000,1912,4117,8458,0,0,1,81333441668
Measurement_interval(ms):,1000,1912,4117,8458,0,0,1,81334441674
Measurement_interval(ms):,1000,1912,4117,8413,0,0,1,81335441648
Measurement_interval(ms):,1000,1920,4117,8413,0,0,1,81336442054
Measurement_interval(ms):,1000,1912,4117,8413,0,0,1,81337441644
Measurement_interval(ms):,1000,1912,4117,8413,0,0,1,81338441650
Measurement_interval(ms):,1000,1912,4117,8413,0,0,1,81339441648
Measurement_interval(ms):,1000,1920,4117,8413,0,0,1,81340441652
Measurement_interval(ms):,1000,1912,4117,8413,0,0,1,81341441676
Measurement_interval(ms):,1000,1912,4117,8413,0,0,1,81342441675
Measurement_interval(ms):,1000,1920,4117,8413,0,0,1,81343441641
Measurement_interval(ms):,1000,1912,4117,8413,0,0,1,81344441650
Measurement_interval(ms):,1000,1920,4117,8413,0,0,1,81345441858
Measurement_interval(ms):,1000,1912,4117,8368,0,0,1,81346441656
Measurement_interval(ms):,1000,1912,4117,8368,0,0,1,81347441675
Measurement_interval(ms):,1000,1920,4117,8368,0,0,1,81348441643
Measurement_interval(ms):,1000,1912,4117,8368,0,0,1,81349441667
Measurement_interval(ms):,1000,1920,4117,8368,0,0,1,81350442002
Measurement_interval(ms):,1000,1912,4117,8368,0,0,1,81351441662
Measurement_interval(ms):,1000,1912,4117,8368,0,0,1,81352441652
Measurement_interval(ms):,1000,1920,4117,8368,0,0,1,81353441642
