Measurement_interval(ms):,1000,0,0,0,0,0,1,81442270206
Measurement_interval(ms):,1000,0,0,0,0,0,1,81445472932
Measurement_interval(ms):,1000,0,0,0,0,0,1,81445472933
Measurement_interval(ms):,1000,0,0,0,0,0,1,81445472936
Measurement_interval(ms):,1000,0,0,0,0,0,1,81445472937
Measurement_interval(ms):,1000,0,0,0,0,0,1,81445472939
Measurement_interval(ms):,1000,0,0,0,0,0,1,81445472939
Measurement_interval(ms):,1000,0,0,0,0,0,1,81445472987
Measurement_interval(ms):,1000,0,0,0,0,0,1,81445472988
Measurement_interval(ms):,1000,0,0,0,0,0,1,81445472989
Measurement_interval(ms):,1000,0,0,0,0,0,1,81445472990
Measurement_interval(ms):,1000,0,0,0,0,0,1,81445473042
Measurement_interval(ms):,1000,224,0,0,0,0,1,81445612488
Measurement_interval(ms):,1000,1952,0,0,0,0,1,81446612524
Measurement_interval(ms):,1000,3584,8184,25064,0,0,1,81447612522
Measurement_interval(ms):,1000,3616,8184,24392,0,0,1,81448612482
Measurement_interval(ms):,1000,3616,8142,24392,0,0,1,81449612505
Measurement_interval(ms):,1000,3616,8142,24392,0,0,1,81450612505
Measurement_interval(ms):,1000,3616,8016,24224,0,0,1,81451612604
Measurement_interval(ms):,1000,3584,7974,24224,0,0,1,81452612526
Measurement_interval(ms):,1000,3616,7932,24224,0,0,1,81453612480
Measurement_interval(ms):,1000,3616,7932,24056,0,0,1,81454612522
Measurement_interval(ms):,1000,3616,7932,24056,0,0,1,81455612501
Measurement_interval(ms):,1000,3616,7932,24056,0,0,1,81456612480
Measurement_interval(ms):,1000,3616,7932,24056,0,0,1,81457612511
Measurement_interval(ms):,1000,3616,7932,24056,0,0,1,81458612526
Measurement_interval(ms):,1000,3616,7932,24056,0,0,1,81459612644
Measurement_interval(ms):,1000,3616,7932,24056,0,0,1,81460612524
Measurement_interval(ms):,1000,3584,7932,24056,0,0,1,81461612515
Measurement_interval(ms):,1000,3616,7932,24056,0,0,1,81462612527
Measurement_interval(ms):,1000,3616,7932,24056,0,0,1,81463612485
Measurement_interval(ms):,1000,3616,7932,24056,0,0,1,81464612504
Measurement_interval(ms):,1000,3616,7932,24056,0,0,1,81465612520
Measurement_interval(ms):,1000,3616,7932,24056,0,0,1,81466612512
Measurement_interval(ms):,1000,3616,7932,24056,0,0,1,81467612502
Measurement_interval(ms):,1000,3616,7932,24056,0,0,1,81468612492
Measurement_interval(ms):,1000,3616,7932,24056,0,0,1,81469612589
Measurement_interval(ms):,1000,3616,7932,24056,0,0,1,81470612972
Measurement_interval(ms):,1000,3616,7932,24056,0,0,1,81471612722
Measurement_interval(ms):,1000,3616,7932,24056,0,0,1,81472612699
Measurement_interval(ms):,1000,3616,7932,24056,0,0,1,81473612883
Measurement_interval(ms):,1000,3616,7932,24056,0,0,1,81474612479
Measurement_interval(ms):,1000,3616,7932,24056,0,0,1,81475612633
Measurement_interval(ms):,1000,3616,7932,24056,0,0,1,81476612748
Measurement_interval(ms):,1000,3584,7932,24056,0,0,1,81477612524
Measurement_interval(ms):,1000,3616,7932,24056,0,0,1,81478612485
Measurement_interval(ms):,1000,3616,7932,24056,0,0,1,81479612524
Measurement_interval(ms):,1000,3616,7932,24056,0,0,1,81480612479
