Measurement_interval(ms):,1000,0,0,0,0,0,1,81375903756
Measurement_interval(ms):,1000,0,0,0,0,0,1,81380533872
Measurement_interval(ms):,1000,0,0,0,0,0,1,81380533873
Measurement_interval(ms):,1000,0,0,0,0,0,1,81380533876
Measurement_interval(ms):,1000,0,0,0,0,0,1,81380533876
Measurement_interval(ms):,1000,0,0,0,0,0,1,81380533878
Measurement_interval(ms):,1000,0,0,0,0,0,1,81380533879
Measurement_interval(ms):,1000,0,0,0,0,0,1,81380533926
Measurement_interval(ms):,1000,0,0,0,0,0,1,81380533927
Measurement_interval(ms):,1000,1472,0,0,0,0,1,81381136765
Measurement_interval(ms):,1000,2832,5435,13254,0,0,1,81382136779
Measurement_interval(ms):,1000,2832,5435,13254,0,0,1,81383136762
Measurement_interval(ms):,1000,2832,5435,13254,0,0,1,81384136760
Measurement_interval(ms):,1000,2832,5435,13254,0,0,1,81385136737
Measurement_interval(ms):,1000,2832,5435,13254,0,0,1,81386136743
Measurement_interval(ms):,1000,2832,5435,13254,0,0,1,81387136751
Measurement_interval(ms):,1000,2832,5435,13254,0,0,1,81388136770
Measurement_interval(ms):,1000,2832,5435,13254,0,0,1,81389136742
Measurement_interval(ms):,1000,2832,5435,13165,0,0,1,81390136756
Measurement_interval(ms):,1000,2832,5435,13165,0,0,1,81391136782
Measurement_interval(ms):,1000,2832,5435,12809,0,0,1,81392136754
Measurement_interval(ms):,1000,2832,5435,12186,0,0,1,81393136744
Measurement_interval(ms):,1000,2832,5435,10762,0,0,1,81394136744
Measurement_interval(ms):,1000,2832,5435,10762,0,0,1,81395136745
Measurement_interval(ms):,1000,2832,5435,10762,0,0,1,81396136758
Measurement_interval(ms):,1000,2832,5435,10762,0,0,1,81397136787
Measurement_interval(ms):,1000,2832,5435,10762,0,0,1,81398136746
Measurement_interval(ms):,1000,2832,5435,10762,0,0,1,81399136778
Measurement_interval(ms):,1000,2832,5435,10762,0,0,1,81400136752
Measurement_interval(ms):,1000,2848,5435,10762,0,0,1,81401136872
Measurement_interval(ms):,1000,2832,5435,10762,0,0,1,81402136776
Measurement_interval(ms):,1000,2832,5435,10762,0,0,1,81403136760
Measurement_interval(ms):,1000,2832,5435,10762,0,0,1,81404136766
Measurement_interval(ms):,1000,2832,5435,10762,0,0,1,81405136758
Measurement_interval(ms):,1000,2832,5435,10673,0,0,1,81406136784
Measurement_interval(ms):,1000,2832,5435,10673,0,0,1,81407136770
Measurement_interval(ms):,1000,2832,5435,10673,0,0,1,81408136801
Measurement_interval(ms):,1000,2832,5435,10673,0,0,1,81409136796
Measurement_interval(ms):,1000,2848,5435,10673,0,0,1,81410137427
Measurement_interval(ms):,1000,2832,5435,10673,0,0,1,81411136782
Measurement_interval(ms):,1000,2832,5435,10673,0,0,1,81412136776
Measurement_interval(ms):,1000,2832,5435,10673,0,0,1,81413136800
