Measurement_interval(ms):,1000,0,0,0,0,0,1,81229934473
Measurement_interval(ms):,1000,0,0,0,0,0,1,81233686932
Measurement_interval(ms):,1000,0,0,0,0,0,1,81233686934
Measurement_interval(ms):,1000,0,0,0,0,0,1,81233686937
Measurement_interval(ms):,1000,0,0,0,0,0,1,81233686938
Measurement_interval(ms):,1000,0,0,0,0,0,1,81233686939
Measurement_interval(ms):,1000,0,0,0,0,0,1,81233686940
Measurement_interval(ms):,1000,0,0,0,0,0,1,81233686986
Measurement_interval(ms):,1000,0,0,0,0,0,1,81233686987
Measurement_interval(ms):,1000,0,0,0,0,0,1,81233686989
Measurement_interval(ms):,1000,712,3496,12475,0,0,1,81234302639
Measurement_interval(ms):,1000,1160,3445,9623,0,0,1,81235302636
Measurement_interval(ms):,1000,1164,3445,8243,0,0,1,81236302659
Measurement_interval(ms):,1000,1164,3445,6679,0,0,1,81237302618
Measurement_interval(ms):,1000,1164,3445,6587,0,0,1,81238302646
Measurement_interval(ms):,1000,1164,3445,6587,0,0,1,81239302647
Measurement_interval(ms):,1000,1164,3445,6587,0,0,1,81240302655
Measurement_interval(ms):,1000,1164,3445,6587,0,0,1,81241302644
Measurement_interval(ms):,1000,1164,3445,6587,0,0,1,81242302649
Measurement_interval(ms):,1000,1164,3445,6587,0,0,1,81243302652
Measurement_interval(ms):,1000,1164,3445,6587,0,0,1,81244302626
Measurement_interval(ms):,1000,1164,3445,6587,0,0,1,81245302645
Measurement_interval(ms):,1000,1164,3445,6587,0,0,1,81246302706
Measurement_interval(ms):,1000,1164,3462,6587,0,0,1,81247302635
Measurement_interval(ms):,1000,1160,3462,6587,0,0,1,81248302626
Measurement_interval(ms):,1000,1164,3462,6587,0,0,1,81249302648
Measurement_interval(ms):,1000,1164,3462,6587,0,0,1,81250302626
Measurement_interval(ms):,1000,1164,3462,6587,0,0,1,81251302661
Measurement_interval(ms):,1000,1164,3462,6587,0,0,1,81252302618
Measurement_interval(ms):,1000,1164,3462,6587,0,0,1,81253302658
Measurement_interval(ms):,1000,1164,3462,6587,0,0,1,81254302628
Measurement_interval(ms):,1000,1164,3462,6587,0,0,1,81255302661
Measurement_interval(ms):,1000,1168,3462,6587,0,0,1,81256302924
Measurement_interval(ms):,1000,1164,3462,6587,0,0,1,81257302630
Measurement_interval(ms):,1000,1164,3462,6587,0,0,1,81258302619
Measurement_interval(ms):,1000,1164,3462,6587,0,0,1,81259302623
Measurement_interval(ms):,1000,1164,3462,6587,0,0,1,81260302646
Measurement_interval(ms):,1000,1164,3462,6587,0,0,1,81261302638
Measurement_interval(ms):,1000,1168,3462,6587,0,0,1,81262302624
Measurement_interval(ms):,1000,1164,3462,6587,0,0,1,81263302635
Measurement_interval(ms):,1000,1164,3462,6587,0,0,1,81264302613
Measurement_interval(ms):,1000,1164,3462,6587,0,0,1,81265302644
