Measurement_interval(ms):,1000,0,0,0,0,0,1,488485371886
Measurement_interval(ms):,1000,0,0,0,0,0,1,488488799356
Measurement_interval(ms):,1000,0,0,0,0,0,1,488488799358
Measurement_interval(ms):,1000,0,0,0,0,0,1,488488799361
Measurement_interval(ms):,1000,0,0,0,0,0,1,488488799362
Measurement_interval(ms):,1000,0,0,0,0,0,1,488488799364
Measurement_interval(ms):,1000,0,0,0,0,0,1,488490441136
Measurement_interval(ms):,1000,0,0,0,0,0,1,488490441151
Measurement_interval(ms):,1000,4,0,0,0,0,1,488491216149
Measurement_interval(ms):,1000,252,0,0,0,0,1,488491917336
Measurement_interval(ms):,1000,364,11511,20909,0,0,1,488492918031
Measurement_interval(ms):,1000,360,11452,20909,0,0,1,488493917338
Measurement_interval(ms):,1000,364,11452,20909,0,0,1,488494918642
Measurement_interval(ms):,1000,360,11452,20909,0,0,1,488495917334
Measurement_interval(ms):,1000,360,11452,20802,0,0,1,488496917356
Measurement_interval(ms):,1000,364,11452,20802,0,0,1,488497917334
Measurement_interval(ms):,1000,360,11452,20802,0,0,1,488498917330
Measurement_interval(ms):,1000,364,11452,20802,0,0,1,488499917348
Measurement_interval(ms):,1000,360,11452,20802,0,0,1,488500917344
Measurement_interval(ms):,1000,364,11452,20802,0,0,1,488501917339
Measurement_interval(ms):,1000,360,11452,20802,0,0,1,488502917332
Measurement_interval(ms):,1000,364,11452,20802,0,0,1,488503918391
Measurement_interval(ms):,1000,360,11275,20695,0,0,1,488504917333
Measurement_interval(ms):,1000,364,11216,20374,0,0,1,488505919182
Measurement_interval(ms):,1000,360,11157,20374,0,0,1,488506917371
Measurement_interval(ms):,1000,360,11157,20267,0,0,1,488507917357
Measurement_interval(ms):,1000,364,11157,20267,0,0,1,488508917339
Measurement_interval(ms):,1000,360,11157,20267,0,0,1,488509917342
Measurement_interval(ms):,1000,364,11157,20267,0,0,1,488510917362
Measurement_interval(ms):,1000,360,11157,20267,0,0,1,488511917365
Measurement_interval(ms):,1000,364,11157,20267,0,0,1,488512917341
Measurement_interval(ms):,1000,360,11157,20267,0,0,1,488513917350
Measurement_interval(ms):,1000,364,11157,20267,0,0,1,488514917344
Measurement_interval(ms):,1000,360,11157,20267,0,0,1,488515917385
Measurement_interval(ms):,1000,364,11157,20267,0,0,1,488516918246
Measurement_interval(ms):,1000,360,11157,20267,0,0,1,488517917383
Measurement_interval(ms):,1000,364,11157,20267,0,0,1,488518919217
Measurement_interval(ms):,1000,360,11157,20267,0,0,1,488519917385
Measurement_interval(ms):,1000,360,11157,20267,0,0,1,488520917350
Measurement_interval(ms):,1000,364,11157,20267,0,0,1,488521917372
