Measurement_interval(ms):,1000,0,0,0,0,0,1,489782576438
Measurement_interval(ms):,1000,0,0,0,0,0,1,489789364684
Measurement_interval(ms):,1000,0,0,0,0,0,1,489789364686
Measurement_interval(ms):,1000,0,0,0,0,0,1,489789364689
Measurement_interval(ms):,1000,0,0,0,0,0,1,489789364690
Measurement_interval(ms):,1000,0,0,0,0,0,1,489789364691
Measurement_interval(ms):,1000,0,0,0,0,0,1,489789364691
Measurement_interval(ms):,1000,0,0,0,0,0,1,489789364692
Measurement_interval(ms):,1000,0,0,0,0,0,1,489791049791
Measurement_interval(ms):,1000,0,0,0,0,0,1,489791049802
Measurement_interval(ms):,1000,16,0,0,0,0,1,489791993196
Measurement_interval(ms):,1000,288,0,0,0,0,1,489792599144
Measurement_interval(ms):,1000,480,0,0,0,0,1,489793599138
Measurement_interval(ms):,1000,480,0,0,0,0,1,489794599151
Measurement_interval(ms):,1000,496,33406,64580,0,0,1,489795600718
Measurement_interval(ms):,1000,480,33406,64580,0,0,1,489796600085
Measurement_interval(ms):,1000,480,33406,64580,0,0,1,489797599138
Measurement_interval(ms):,1000,480,33406,64580,0,0,1,489798599153
Measurement_interval(ms):,1000,480,33406,64580,0,0,1,489799599128
Measurement_interval(ms):,1000,480,33406,64580,0,0,1,489800599144
Measurement_interval(ms):,1000,480,33406,64580,0,0,1,489801599144
Measurement_interval(ms):,1000,480,33406,64580,0,0,1,489802599171
Measurement_interval(ms):,1000,480,33406,64580,0,0,1,489803599160
Measurement_interval(ms):,1000,480,33406,64580,0,0,1,489804599125
Measurement_interval(ms):,1000,480,33406,64580,0,0,1,489805599144
Measurement_interval(ms):,1000,480,33406,64580,0,0,1,489806599132
Measurement_interval(ms):,1000,480,33406,64580,0,0,1,489807599150
Measurement_interval(ms):,1000,480,33406,64580,0,0,1,489808599141
Measurement_interval(ms):,1000,480,33406,64580,0,0,1,489809599141
Measurement_interval(ms):,1000,480,33406,64580,0,0,1,489810599126
Measurement_interval(ms):,1000,480,33406,64580,0,0,1,489811599151
Measurement_interval(ms):,1000,480,33406,64580,0,0,1,489812599149
Measurement_interval(ms):,1000,480,33406,64580,0,0,1,489813599165
Measurement_interval(ms):,1000,480,33406,64580,0,0,1,489814599139
Measurement_interval(ms):,1000,480,33406,64580,0,0,1,489815599117
Measurement_interval(ms):,1000,480,33406,64580,0,0,1,489816599163
Measurement_interval(ms):,1000,480,33406,64580,0,0,1,489817599149
Measurement_interval(ms):,1000,480,33406,64580,0,0,1,489818599164
Measurement_interval(ms):,1000,480,33406,64580,0,0,1,489819599113
Measurement_interval(ms):,1000,480,33406,64580,0,0,1,489820599151
Measurement_interval(ms):,1000,480,33406,64580,0,0,1,489821599125
Measurement_interval(ms):,1000,480,33406,64580,0,0,1,489822599140
Measurement_interval(ms):,1000,480,33406,64580,0,0,1,489823599140
Measurement_interval(ms):,1000,480,33406,64580,0,0,1,489824599153
Measurement_interval(ms):,1000,480,33406,64580,0,0,1,489825599136
