Measurement_interval(ms):,1000,0,0,0,0,0,1,488977494744
Measurement_interval(ms):,1000,0,0,0,0,0,1,488983362251
Measurement_interval(ms):,1000,0,0,0,0,0,1,488983362252
Measurement_interval(ms):,1000,0,0,0,0,0,1,488983362255
Measurement_interval(ms):,1000,0,0,0,0,0,1,488983362256
Measurement_interval(ms):,1000,0,0,0,0,0,1,488983362258
Measurement_interval(ms):,1000,0,0,0,0,0,1,488983362258
Measurement_interval(ms):,1000,0,0,0,0,0,1,488985005582
Measurement_interval(ms):,1000,0,0,0,0,0,1,488985005596
Measurement_interval(ms):,1000,32,0,0,0,0,1,488985859938
Measurement_interval(ms):,1000,408,0,0,0,0,1,488986859915
Measurement_interval(ms):,1000,416,0,0,0,0,1,488987859901
Measurement_interval(ms):,1000,424,19559,36980,0,0,1,488988862076
Measurement_interval(ms):,1000,408,19559,36980,0,0,1,488989859902
Measurement_interval(ms):,1000,416,19559,36980,0,0,1,488990859926
Measurement_interval(ms):,1000,416,19559,36792,0,0,1,488991859950
Measurement_interval(ms):,1000,416,19559,36792,0,0,1,488992859936
Measurement_interval(ms):,1000,416,19259,36792,0,0,1,488993859931
Measurement_interval(ms):,1000,416,19259,36792,0,0,1,488994859905
Measurement_interval(ms):,1000,416,19259,36792,0,0,1,488995859949
Measurement_interval(ms):,1000,416,19259,36792,0,0,1,488996859938
Measurement_interval(ms):,1000,416,19259,36792,0,0,1,488997859926
Measurement_interval(ms):,1000,416,19259,36792,0,0,1,488998859937
Measurement_interval(ms):,1000,416,19259,36792,0,0,1,488999859951
Measurement_interval(ms):,1000,416,19259,36792,0,0,1,489000859914
Measurement_interval(ms):,1000,416,19259,36604,0,0,1,489001859944
Measurement_interval(ms):,1000,416,19259,36604,0,0,1,489002859919
Measurement_interval(ms):,1000,416,19259,36604,0,0,1,489003859955
Measurement_interval(ms):,1000,416,19259,36604,0,0,1,489004859915
Measurement_interval(ms):,1000,416,19259,36604,0,0,1,489005859923
Measurement_interval(ms):,1000,416,19259,36604,0,0,1,489006859959
Measurement_interval(ms):,1000,416,19259,36604,0,0,1,489007859956
Measurement_interval(ms):,1000,416,19259,36604,0,0,1,489008859954
Measurement_interval(ms):,1000,416,19259,36604,0,0,1,489009859963
Measurement_interval(ms):,1000,416,19259,36604,0,0,1,489010859940
Measurement_interval(ms):,1000,416,19259,36604,0,0,1,489011859960
Measurement_interval(ms):,1000,416,19259,36604,0,0,1,489012859928
Measurement_interval(ms):,1000,416,19259,36604,0,0,1,489013859930
Measurement_interval(ms):,1000,416,19259,36604,0,0,1,489014859966
Measurement_interval(ms):,1000,416,19259,36604,0,0,1,489015859937
Measurement_interval(ms):,1000,416,19259,36604,0,0,1,489016859969
Measurement_interval(ms):,1000,416,19259,36604,0,0,1,489017859939
