Measurement_interval(ms):,1000,0,0,0,0,0,1,481567214830
Measurement_interval(ms):,1000,0,0,0,0,0,1,481567214832
Measurement_interval(ms):,1000,0,0,0,0,0,1,481567214835
Measurement_interval(ms):,1000,0,0,0,0,0,1,481567214836
Measurement_interval(ms):,1000,0,0,0,0,0,1,481567214837
Measurement_interval(ms):,1000,0,0,0,0,0,1,481567214838
Measurement_interval(ms):,1000,0,0,0,0,0,1,481567214883
Measurement_interval(ms):,1000,0,0,0,0,0,1,481567214884
Measurement_interval(ms):,1000,0,0,0,0,0,1,481568843007
Measurement_interval(ms):,1000,0,0,0,0,0,1,481568843020
Measurement_interval(ms):,1000,1,0,0,0,0,1,481569607653
Measurement_interval(ms):,1000,139,6432,10715,0,0,1,481570440326
Measurement_interval(ms):,1000,170,6398,10715,0,0,1,481571440590
Measurement_interval(ms):,1000,170,6398,10658,0,0,1,481572440660
Measurement_interval(ms):,1000,170,6398,10658,0,0,1,481573440763
Measurement_interval(ms):,1000,170,6398,10658,0,0,1,481574440930
Measurement_interval(ms):,1000,169,6398,10658,0,0,1,481575440295
Measurement_interval(ms):,1000,170,6398,10658,0,0,1,481576440324
Measurement_interval(ms):,1000,170,6398,10658,0,0,1,481577440299
Measurement_interval(ms):,1000,170,6398,10658,0,0,1,481578440309
Measurement_interval(ms):,1000,170,6364,10658,0,0,1,481579440325
Measurement_interval(ms):,1000,170,6330,10658,0,0,1,481580440322
Measurement_interval(ms):,1000,170,6330,10658,0,0,1,481581440303
Measurement_interval(ms):,1000,170,6330,10601,0,0,1,481582440292
Measurement_interval(ms):,1000,170,6330,10601,0,0,1,481583440307
Measurement_interval(ms):,1000,170,6330,10601,0,0,1,481584440324
Measurement_interval(ms):,1000,170,6330,10601,0,0,1,481585440291
Measurement_interval(ms):,1000,170,6330,10601,0,0,1,481586440305
Measurement_interval(ms):,1000,170,5956,10601,0,0,1,481587440293
Measurement_interval(ms):,1000,170,5956,10601,0,0,1,481588440291
Measurement_interval(ms):,1000,170,5956,9917,0,0,1,481589440356
Measurement_interval(ms):,1000,170,5956,9917,0,0,1,481590440687
Measurement_interval(ms):,1000,170,5956,9917,0,0,1,481591440993
Measurement_interval(ms):,1000,170,5956,9917,0,0,1,481592441181
Measurement_interval(ms):,1000,170,5956,9917,0,0,1,481593441446
Measurement_interval(ms):,1000,170,5922,9917,0,0,1,481594441701
Measurement_interval(ms):,1000,170,5922,9917,0,0,1,481595441838
Measurement_interval(ms):,1000,169,5922,9917,0,0,1,481596440666
Measurement_interval(ms):,1000,170,5956,9917,0,0,1,481597440307
Measurement_interval(ms):,1000,170,5956,9917,0,0,1,481598440303
Measurement_interval(ms):,1000,170,5922,9917,0,0,1,481599440317
Measurement_interval(ms):,1000,170,5922,9917,0,0,1,481600440338
