Measurement_interval(ms):,1000,0,0,0,0,0,1,490329663113
Measurement_interval(ms):,1000,0,0,0,0,0,1,490339562822
Measurement_interval(ms):,1000,0,0,0,0,0,1,490339562824
Measurement_interval(ms):,1000,0,0,0,0,0,1,490339562827
Measurement_interval(ms):,1000,0,0,0,0,0,1,490339562828
Measurement_interval(ms):,1000,0,0,0,0,0,1,490339562829
Measurement_interval(ms):,1000,0,0,0,0,0,1,490339562830
Measurement_interval(ms):,1000,0,0,0,0,0,1,490339562876
Measurement_interval(ms):,1000,0,0,0,0,0,1,490339562877
Measurement_interval(ms):,1000,0,0,0,0,0,1,490339562879
Measurement_interval(ms):,1000,0,0,0,0,0,1,490339562880
Measurement_interval(ms):,1000,0,0,0,0,0,1,490339562881
Measurement_interval(ms):,1000,0,0,0,0,0,1,490341293181
Measurement_interval(ms):,1000,0,0,0,0,0,1,490341293192
Measurement_interval(ms):,1000,32,0,0,0,0,1,490342229972
Measurement_interval(ms):,1000,416,0,0,0,0,1,490343044459
Measurement_interval(ms):,1000,512,0,0,0,0,1,490344044489
Measurement_interval(ms):,1000,512,0,0,0,0,1,490345044454
Measurement_interval(ms):,1000,512,0,0,0,0,1,490346045751
Measurement_interval(ms):,1000,480,0,0,0,0,1,490347044471
Measurement_interval(ms):,1000,512,0,0,0,0,1,490348044495
Measurement_interval(ms):,1000,512,0,0,0,0,1,490349044491
Measurement_interval(ms):,1000,512,61598,122486,0,0,1,490350044457
Measurement_interval(ms):,1000,512,61598,122486,0,0,1,490351044471
Measurement_interval(ms):,1000,480,61598,122486,0,0,1,490352044503
Measurement_interval(ms):,1000,512,61598,122486,0,0,1,490353044481
Measurement_interval(ms):,1000,512,61598,122486,0,0,1,490354044488
Measurement_interval(ms):,1000,512,61598,122486,0,0,1,490355044468
Measurement_interval(ms):,1000,512,61598,123099,0,0,1,490356044462
Measurement_interval(ms):,1000,480,61598,123099,0,0,1,490357044502
Measurement_interval(ms):,1000,512,61598,123099,0,0,1,490358044509
Measurement_interval(ms):,1000,512,61598,123099,0,0,1,490359044471
Measurement_interval(ms):,1000,512,61598,123099,0,0,1,490360044497
Measurement_interval(ms):,1000,512,61598,123099,0,0,1,490361044467
Measurement_interval(ms):,1000,512,61598,123099,0,0,1,490362046650
Measurement_interval(ms):,1000,480,61598,123099,0,0,1,490363044493
Measurement_interval(ms):,1000,512,61598,123099,0,0,1,490364044476
Measurement_interval(ms):,1000,512,61598,123099,0,0,1,490365044487
Measurement_interval(ms):,1000,512,61598,123099,0,0,1,490366044496
Measurement_interval(ms):,1000,512,61598,123099,0,0,1,490367044475
Measurement_interval(ms):,1000,480,61598,123099,0,0,1,490368044504
Measurement_interval(ms):,1000,512,61598,123099,0,0,1,490369044469
Measurement_interval(ms):,1000,512,61598,123099,0,0,1,490370044466
Measurement_interval(ms):,1000,512,61598,123099,0,0,1,490371044502
Measurement_interval(ms):,1000,512,61598,123099,0,0,1,490372044516
Measurement_interval(ms):,1000,480,61598,123099,0,0,1,490373044468
Measurement_interval(ms):,1000,512,61598,123099,0,0,1,490374044478
Measurement_interval(ms):,1000,512,61598,123099,0,0,1,490375044505
Measurement_interval(ms):,1000,512,61598,123099,0,0,1,490376044507
Measurement_interval(ms):,1000,512,61598,123099,0,0,1,490377044492
Measurement_interval(ms):,1000,480,61598,123099,0,0,1,490378044473
Measurement_interval(ms):,1000,512,61598,123099,0,0,1,490379044473
Measurement_interval(ms):,1000,512,61598,123099,0,0,1,490380044514
Measurement_interval(ms):,1000,512,61598,123099,0,0,1,490381044511
Measurement_interval(ms):,1000,512,61598,123099,0,0,1,490382044494
