Measurement_interval(ms):,1000,0,0,0,0,0,1,486290354123
Measurement_interval(ms):,1000,0,0,0,0,0,1,486296645752
Measurement_interval(ms):,1000,0,0,0,0,0,1,486296645754
Measurement_interval(ms):,1000,0,0,0,0,0,1,486296645757
Measurement_interval(ms):,1000,0,0,0,0,0,1,486296645758
Measurement_interval(ms):,1000,0,0,0,0,0,1,486296645760
Measurement_interval(ms):,1000,0,0,0,0,0,1,486296645760
Measurement_interval(ms):,1000,0,0,0,0,0,1,486296645762
Measurement_interval(ms):,1000,0,0,0,0,0,1,486296645762
Measurement_interval(ms):,1000,0,0,0,0,0,1,486298276092
Measurement_interval(ms):,1000,0,0,0,0,0,1,486298276103
Measurement_interval(ms):,1000,34,0,0,0,0,1,486299166537
Measurement_interval(ms):,1000,270,7897,13615,0,0,1,486300166560
Measurement_interval(ms):,1000,272,7897,13615,0,0,1,486301166558
Measurement_interval(ms):,1000,274,7897,13615,0,0,1,486302166566
Measurement_interval(ms):,1000,274,7897,13615,0,0,1,486303168478
Measurement_interval(ms):,1000,272,7897,13615,0,0,1,486304166569
Measurement_interval(ms):,1000,274,7856,13615,0,0,1,486305166537
Measurement_interval(ms):,1000,272,7856,13615,0,0,1,486306166547
Measurement_interval(ms):,1000,274,7856,13615,0,0,1,486307166586
Measurement_interval(ms):,1000,274,7815,13615,0,0,1,486308166541
Measurement_interval(ms):,1000,272,7815,13543,0,0,1,486309166593
Measurement_interval(ms):,1000,274,7815,13543,0,0,1,486310167196
Measurement_interval(ms):,1000,272,7815,13543,0,0,1,486311166550
Measurement_interval(ms):,1000,274,7815,13543,0,0,1,486312166590
Measurement_interval(ms):,1000,272,7815,13543,0,0,1,486313166549
Measurement_interval(ms):,1000,274,7815,13543,0,0,1,486314166547
Measurement_interval(ms):,1000,274,7569,13327,0,0,1,486315167735
Measurement_interval(ms):,1000,272,7446,12823,0,0,1,486316166574
Measurement_interval(ms):,1000,274,7446,12823,0,0,1,486317166578
Measurement_interval(ms):,1000,274,7446,12823,0,0,1,486318167739
Measurement_interval(ms):,1000,272,7405,12823,0,0,1,486319166552
Measurement_interval(ms):,1000,274,7405,12823,0,0,1,486320166562
Measurement_interval(ms):,1000,274,7405,12823,0,0,1,486321167757
Measurement_interval(ms):,1000,272,7405,12823,0,0,1,486322166564
Measurement_interval(ms):,1000,274,7405,12823,0,0,1,486323166985
Measurement_interval(ms):,1000,272,7405,12823,0,0,1,486324166607
Measurement_interval(ms):,1000,274,7405,12823,0,0,1,486325166577
Measurement_interval(ms):,1000,274,7405,12823,0,0,1,486326168209
Measurement_interval(ms):,1000,272,7405,12823,0,0,1,486327166603
Measurement_interval(ms):,1000,274,7405,12823,0,0,1,486328166792
Measurement_interval(ms):,1000,272,7405,12823,0,0,1,486329166609
Measurement_interval(ms):,1000,274,7405,12823,0,0,1,486330166589
