Measurement_interval(ms):,1000,0,0,0,0,0,1,584782464069
Measurement_interval(ms):,1000,0,0,0,0,0,1,584787412687
Measurement_interval(ms):,1000,0,0,0,0,0,1,584787412688
Measurement_interval(ms):,1000,0,0,0,0,0,1,584787412691
Measurement_interval(ms):,1000,0,0,0,0,0,1,584787412692
Measurement_interval(ms):,1000,0,0,0,0,0,1,584787412693
Measurement_interval(ms):,1000,0,0,0,0,0,1,584787412694
Measurement_interval(ms):,1000,0,0,0,0,0,1,584787412742
Measurement_interval(ms):,1000,0,0,0,0,0,1,584789104095
Measurement_interval(ms):,1000,0,0,0,0,0,1,584789104099
Measurement_interval(ms):,1000,16,0,0,0,0,1,584790063899
Measurement_interval(ms):,1000,160,0,0,0,0,1,584790503005
Measurement_interval(ms):,1000,336,0,0,0,0,1,584791503049
Measurement_interval(ms):,1000,336,0,0,0,0,1,584792503050
Measurement_interval(ms):,1000,336,0,0,0,0,1,584793503048
Measurement_interval(ms):,1000,336,0,0,0,0,1,584794503046
Measurement_interval(ms):,1000,336,47334,94021,0,0,1,584795503005
Measurement_interval(ms):,1000,336,47334,94021,0,0,1,584796503032
Measurement_interval(ms):,1000,336,47334,94021,0,0,1,584797503047
Measurement_interval(ms):,1000,336,47334,94021,0,0,1,584798503005
Measurement_interval(ms):,1000,336,47334,94021,0,0,1,584799503032
Measurement_interval(ms):,1000,352,47334,94489,0,0,1,584800503018
Measurement_interval(ms):,1000,336,47334,94489,0,0,1,584801503008
Measurement_interval(ms):,1000,336,47334,94489,0,0,1,584802503020
Measurement_interval(ms):,1000,336,47334,94489,0,0,1,584803503022
Measurement_interval(ms):,1000,336,47334,94489,0,0,1,584804503007
Measurement_interval(ms):,1000,336,47334,94021,0,0,1,584805503015
Measurement_interval(ms):,1000,336,47334,94021,0,0,1,584806503014
Measurement_interval(ms):,1000,336,47334,94021,0,0,1,584807503013
Measurement_interval(ms):,1000,352,47334,94021,0,0,1,584808503020
Measurement_interval(ms):,1000,336,47334,94021,0,0,1,584809503045
Measurement_interval(ms):,1000,336,47334,94021,0,0,1,584810503039
Measurement_interval(ms):,1000,336,47334,94021,0,0,1,584811503027
Measurement_interval(ms):,1000,336,47334,94021,0,0,1,584812502997
Measurement_interval(ms):,1000,336,47334,94021,0,0,1,584813503001
Measurement_interval(ms):,1000,336,47334,94021,0,0,1,584814503047
Measurement_interval(ms):,1000,336,47334,94021,0,0,1,584815503015
Measurement_interval(ms):,1000,352,47334,94021,0,0,1,584816503004
Measurement_interval(ms):,1000,336,47334,94021,0,0,1,584817502996
Measurement_interval(ms):,1000,336,47334,94021,0,0,1,584818503024
Measurement_interval(ms):,1000,336,47334,94021,0,0,1,584819502997
Measurement_interval(ms):,1000,336,47334,94021,0,0,1,584820502995
Measurement_interval(ms):,1000,336,47334,94021,0,0,1,584821503046
Measurement_interval(ms):,1000,336,47334,94021,0,0,1,584822503008
Measurement_interval(ms):,1000,352,47334,94021,0,0,1,584823503710
Measurement_interval(ms):,1000,336,47334,94021,0,0,1,584824503005
Measurement_interval(ms):,1000,336,47334,94021,0,0,1,584825503033
Measurement_interval(ms):,1000,336,47334,94021,0,0,1,584826503021
Measurement_interval(ms):,1000,336,47334,94021,0,0,1,584827503031
Measurement_interval(ms):,1000,336,47334,94021,0,0,1,584828503012
