Measurement_interval(ms):,1000,0,0,0,0,0,1,585704852504
Measurement_interval(ms):,1000,0,0,0,0,0,1,585708396981
Measurement_interval(ms):,1000,0,0,0,0,0,1,585708396983
Measurement_interval(ms):,1000,0,0,0,0,0,1,585708396985
Measurement_interval(ms):,1000,0,0,0,0,0,1,585708396986
Measurement_interval(ms):,1000,0,0,0,0,0,1,585708396987
Measurement_interval(ms):,1000,0,0,0,0,0,1,585708396988
Measurement_interval(ms):,1000,0,0,0,0,0,1,585708397090
Measurement_interval(ms):,1000,0,0,0,0,0,1,585708397090
Measurement_interval(ms):,1000,0,0,0,0,0,1,585708397093
Measurement_interval(ms):,1000,0,0,0,0,0,1,585708397093
Measurement_interval(ms):,1000,0,0,0,0,0,1,585708397094
Measurement_interval(ms):,1000,0,0,0,0,0,1,585708397095
Measurement_interval(ms):,1000,0,0,0,0,0,1,585710239556
Measurement_interval(ms):,1000,32,0,0,0,0,1,585711870620
Measurement_interval(ms):,1000,0,0,0,0,0,1,585711870623
Measurement_interval(ms):,1000,192,0,0,0,0,1,585712364263
Measurement_interval(ms):,1000,352,0,0,0,0,1,585713364264
Measurement_interval(ms):,1000,352,0,0,0,0,1,585714364227
Measurement_interval(ms):,1000,352,0,0,0,0,1,585715364254
Measurement_interval(ms):,1000,352,0,0,0,0,1,585716364260
Measurement_interval(ms):,1000,352,0,0,0,0,1,585717364229
Measurement_interval(ms):,1000,352,0,0,0,0,1,585718364273
Measurement_interval(ms):,1000,352,0,0,0,0,1,585719364245
Measurement_interval(ms):,1000,352,0,0,0,0,1,585720364221
Measurement_interval(ms):,1000,352,0,0,0,0,1,585721364267
Measurement_interval(ms):,1000,352,89327,179006,0,0,1,585722364241
Measurement_interval(ms):,1000,352,89327,179006,0,0,1,585723364259
Measurement_interval(ms):,1000,352,89327,179006,0,0,1,585724364250
Measurement_interval(ms):,1000,352,89327,179006,0,0,1,585725364233
Measurement_interval(ms):,1000,352,89327,179006,0,0,1,585726364238
Measurement_interval(ms):,1000,352,89327,179006,0,0,1,585727364252
Measurement_interval(ms):,1000,352,89327,179006,0,0,1,585728364227
Measurement_interval(ms):,1000,352,89327,179006,0,0,1,585729364239
Measurement_interval(ms):,1000,352,89327,179006,0,0,1,585730364257
Measurement_interval(ms):,1000,352,89327,179006,0,0,1,585731364260
Measurement_interval(ms):,1000,352,89327,179006,0,0,1,585732364227
Measurement_interval(ms):,1000,352,89327,179006,0,0,1,585733364267
Measurement_interval(ms):,1000,352,89327,179006,0,0,1,585734364245
Measurement_interval(ms):,1000,352,89327,179006,0,0,1,585735364248
Measurement_interval(ms):,1000,352,89327,179006,0,0,1,585736364218
Measurement_interval(ms):,1000,352,89327,179006,0,0,1,585737364243
Measurement_interval(ms):,1000,352,89327,179006,0,0,1,585738364219
Measurement_interval(ms):,1000,352,89327,179006,0,0,1,585739364269
Measurement_interval(ms):,1000,352,89327,179006,0,0,1,585740364220
Measurement_interval(ms):,1000,352,89327,179006,0,0,1,585741364233
Measurement_interval(ms):,1000,352,89327,179006,0,0,1,585742364263
Measurement_interval(ms):,1000,352,89327,179006,0,0,1,585743364226
Measurement_interval(ms):,1000,352,89327,179006,0,0,1,585744364244
Measurement_interval(ms):,1000,352,89327,179006,0,0,1,585745364217
Measurement_interval(ms):,1000,352,89327,179006,0,0,1,585746364226
Measurement_interval(ms):,1000,352,89327,179006,0,0,1,585747364231
