Measurement_interval(ms):,1000,0,0,0,0,0,1,575007129591
Measurement_interval(ms):,1000,0,0,0,0,0,1,575009815817
Measurement_interval(ms):,1000,0,0,0,0,0,1,575009815818
Measurement_interval(ms):,1000,0,0,0,0,0,1,575009815821
Measurement_interval(ms):,1000,0,0,0,0,0,1,575009815821
Measurement_interval(ms):,1000,0,0,0,0,0,1,575009815823
Measurement_interval(ms):,1000,0,0,0,0,0,1,575009815824
Measurement_interval(ms):,1000,0,0,0,0,0,1,575009815825
Measurement_interval(ms):,1000,0,0,0,0,0,1,575011399112
Measurement_interval(ms):,1000,2,0,0,0,0,1,575011913637
Measurement_interval(ms):,1000,116,0,0,0,0,1,575012687877
Measurement_interval(ms):,1000,148,13633,26419,0,0,1,575013687867
Measurement_interval(ms):,1000,148,13633,26419,0,0,1,575014687865
Measurement_interval(ms):,1000,150,13633,26419,0,0,1,575015687868
Measurement_interval(ms):,1000,148,13633,26419,0,0,1,575016687859
Measurement_interval(ms):,1000,148,13701,26419,0,0,1,575017687876
Measurement_interval(ms):,1000,150,13701,26419,0,0,1,575018688188
Measurement_interval(ms):,1000,148,13633,26419,0,0,1,575019687907
Measurement_interval(ms):,1000,148,13633,26419,0,0,1,575020687886
Measurement_interval(ms):,1000,150,13633,26419,0,0,1,575021687907
Measurement_interval(ms):,1000,148,13633,26419,0,0,1,575022687889
Measurement_interval(ms):,1000,148,13633,26419,0,0,1,575023687875
Measurement_interval(ms):,1000,150,13633,26419,0,0,1,575024687876
Measurement_interval(ms):,1000,148,13633,26419,0,0,1,575025687909
Measurement_interval(ms):,1000,150,13633,26419,0,0,1,575026687886
Measurement_interval(ms):,1000,148,13633,26419,0,0,1,575027687875
Measurement_interval(ms):,1000,148,13633,26419,0,0,1,575028687884
Measurement_interval(ms):,1000,150,13633,26419,0,0,1,575029687865
Measurement_interval(ms):,1000,148,13633,26419,0,0,1,575030687878
Measurement_interval(ms):,1000,148,13633,26419,0,0,1,575031687907
Measurement_interval(ms):,1000,150,13633,26419,0,0,1,575032687863
Measurement_interval(ms):,1000,148,13565,26419,0,0,1,575033687864
Measurement_interval(ms):,1000,150,13565,26419,0,0,1,575034688018
Measurement_interval(ms):,1000,148,13565,26419,0,0,1,575035687883
Measurement_interval(ms):,1000,148,13565,26419,0,0,1,575036687863
Measurement_interval(ms):,1000,150,13565,26419,0,0,1,575037687888
Measurement_interval(ms):,1000,148,13565,26419,0,0,1,575038687885
Measurement_interval(ms):,1000,148,13565,26419,0,0,1,575039687879
Measurement_interval(ms):,1000,150,13565,26419,0,0,1,575040687872
