Measurement_interval(ms):,1000,0,0,0,0,0,1,574283984095
Measurement_interval(ms):,1000,0,0,0,0,0,1,574285970294
Measurement_interval(ms):,1000,0,0,0,0,0,1,574285970296
Measurement_interval(ms):,1000,0,0,0,0,0,1,574285970298
Measurement_interval(ms):,1000,0,0,0,0,0,1,574285970299
Measurement_interval(ms):,1000,0,0,0,0,0,1,574285970301
Measurement_interval(ms):,1000,0,0,0,0,0,1,574285970301
Measurement_interval(ms):,1000,0,0,0,0,0,1,574287554670
Measurement_interval(ms):,1000,1,0,0,0,0,1,574288222665
Measurement_interval(ms):,1000,52,0,0,0,0,1,574288625145
Measurement_interval(ms):,1000,129,7976,15245,0,0,1,574289625162
Measurement_interval(ms):,1000,129,7976,15245,0,0,1,574290625181
Measurement_interval(ms):,1000,130,7976,15245,0,0,1,574291625133
Measurement_interval(ms):,1000,129,7976,15245,0,0,1,574292625130
Measurement_interval(ms):,1000,130,7976,15245,0,0,1,574293625132
Measurement_interval(ms):,1000,130,7976,15245,0,0,1,574294625164
Measurement_interval(ms):,1000,129,7976,15245,0,0,1,574295625156
Measurement_interval(ms):,1000,130,7896,15167,0,0,1,574296625166
Measurement_interval(ms):,1000,130,7816,14933,0,0,1,574297625130
Measurement_interval(ms):,1000,129,7816,14933,0,0,1,574298625168
Measurement_interval(ms):,1000,130,7816,14933,0,0,1,574299625168
Measurement_interval(ms):,1000,129,7776,14933,0,0,1,574300625143
Measurement_interval(ms):,1000,130,7776,14933,0,0,1,574301625143
Measurement_interval(ms):,1000,130,7776,14933,0,0,1,574302625139
Measurement_interval(ms):,1000,130,7776,14933,0,0,1,574303625458
Measurement_interval(ms):,1000,129,7776,14933,0,0,1,574304625170
Measurement_interval(ms):,1000,130,7776,14933,0,0,1,574305625378
Measurement_interval(ms):,1000,129,7776,14933,0,0,1,574306625131
Measurement_interval(ms):,1000,129,7776,14933,0,0,1,574307625146
Measurement_interval(ms):,1000,130,7776,14933,0,0,1,574308625123
Measurement_interval(ms):,1000,130,7776,14933,0,0,1,574309625756
Measurement_interval(ms):,1000,129,7776,14933,0,0,1,574310625125
Measurement_interval(ms):,1000,130,7776,14933,0,0,1,574311625148
Measurement_interval(ms):,1000,129,7776,14933,0,0,1,574312625165
Measurement_interval(ms):,1000,130,7776,14933,0,0,1,574313625150
Measurement_interval(ms):,1000,130,7776,14933,0,0,1,574314625131
Measurement_interval(ms):,1000,129,7776,14933,0,0,1,574315625162
Measurement_interval(ms):,1000,130,7776,14933,0,0,1,574316625162
Measurement_interval(ms):,1000,130,7776,14933,0,0,1,574317625182
