Measurement_interval(ms):,1000,0,0,0,0,0,1,583439082319
Measurement_interval(ms):,1000,0,0,0,0,0,1,583441958495
Measurement_interval(ms):,1000,0,0,0,0,0,1,583441958497
Measurement_interval(ms):,1000,0,0,0,0,0,1,583441958500
Measurement_interval(ms):,1000,0,0,0,0,0,1,583441958500
Measurement_interval(ms):,1000,0,0,0,0,0,1,583441958502
Measurement_interval(ms):,1000,0,0,0,0,0,1,583441958503
Measurement_interval(ms):,1000,0,0,0,0,0,1,583443606874
Measurement_interval(ms):,1000,8,0,0,0,0,1,583444562838
Measurement_interval(ms):,1000,72,0,0,0,0,1,583444889276
Measurement_interval(ms):,1000,208,0,0,0,0,1,583445889306
Measurement_interval(ms):,1000,208,0,0,0,0,1,583446889278
Measurement_interval(ms):,1000,208,0,0,0,0,1,583447889280
Measurement_interval(ms):,1000,208,38511,76240,0,0,1,583448889314
Measurement_interval(ms):,1000,208,38511,76240,0,0,1,583449889284
Measurement_interval(ms):,1000,208,38511,76240,0,0,1,583450889283
Measurement_interval(ms):,1000,208,38511,76240,0,0,1,583451889328
Measurement_interval(ms):,1000,208,38511,76240,0,0,1,583452889298
Measurement_interval(ms):,1000,208,38511,76240,0,0,1,583453889289
Measurement_interval(ms):,1000,208,38511,76240,0,0,1,583454889285
Measurement_interval(ms):,1000,208,38511,76240,0,0,1,583455889292
Measurement_interval(ms):,1000,216,38511,76240,0,0,1,583456889594
Measurement_interval(ms):,1000,208,38511,76240,0,0,1,583457889338
Measurement_interval(ms):,1000,208,38511,76240,0,0,1,583458889289
Measurement_interval(ms):,1000,208,38511,76240,0,0,1,583459889317
Measurement_interval(ms):,1000,208,38511,76240,0,0,1,583460889334
Measurement_interval(ms):,1000,208,38511,76240,0,0,1,583461889307
Measurement_interval(ms):,1000,208,38511,76240,0,0,1,583462889320
Measurement_interval(ms):,1000,208,38511,76240,0,0,1,583463889296
Measurement_interval(ms):,1000,208,38511,76240,0,0,1,583464889327
Measurement_interval(ms):,1000,208,38511,76240,0,0,1,583465889310
Measurement_interval(ms):,1000,208,38511,76240,0,0,1,583466889303
Measurement_interval(ms):,1000,208,38511,76240,0,0,1,583467889299
Measurement_interval(ms):,1000,208,38511,76240,0,0,1,583468889340
Measurement_interval(ms):,1000,208,38511,76240,0,0,1,583469889327
Measurement_interval(ms):,1000,208,38511,76240,0,0,1,583470889314
Measurement_interval(ms):,1000,208,38511,76240,0,0,1,583471889335
Measurement_interval(ms):,1000,208,38511,76240,0,0,1,583472889331
Measurement_interval(ms):,1000,208,38511,76240,0,0,1,583473889319
Measurement_interval(ms):,1000,208,38511,76240,0,0,1,583474889305
Measurement_interval(ms):,1000,216,38511,76240,0,0,1,583475889341
Measurement_interval(ms):,1000,208,38511,76240,0,0,1,583476889335
Measurement_interval(ms):,1000,208,38511,76240,0,0,1,583477889333
