Measurement_interval(ms):,1000,0,0,0,0,0,1,576106919190
Measurement_interval(ms):,1000,0,0,0,0,0,1,576111741042
Measurement_interval(ms):,1000,0,0,0,0,0,1,576111741043
Measurement_interval(ms):,1000,0,0,0,0,0,1,576111741046
Measurement_interval(ms):,1000,0,0,0,0,0,1,576111741047
Measurement_interval(ms):,1000,0,0,0,0,0,1,576111741048
Measurement_interval(ms):,1000,0,0,0,0,0,1,576113355017
Measurement_interval(ms):,1000,0,0,0,0,0,1,576113355021
Measurement_interval(ms):,1000,4,0,0,0,0,1,576113925823
Measurement_interval(ms):,1000,160,0,0,0,0,1,576114905255
Measurement_interval(ms):,1000,164,0,0,0,0,1,576115905226
Measurement_interval(ms):,1000,160,24830,48925,0,0,1,576116905232
Measurement_interval(ms):,1000,164,24830,48925,0,0,1,576117905245
Measurement_interval(ms):,1000,164,24830,48925,0,0,1,576118905242
Measurement_interval(ms):,1000,160,24830,48925,0,0,1,576119905258
Measurement_interval(ms):,1000,164,24830,48925,0,0,1,576120905243
Measurement_interval(ms):,1000,164,24830,48925,0,0,1,576121905242
Measurement_interval(ms):,1000,160,24830,48925,0,0,1,576122905239
Measurement_interval(ms):,1000,164,24830,48925,0,0,1,576123905233
Measurement_interval(ms):,1000,164,24830,48925,0,0,1,576124905225
Measurement_interval(ms):,1000,160,24830,48925,0,0,1,576125905253
Measurement_interval(ms):,1000,164,24830,48925,0,0,1,576126905233
Measurement_interval(ms):,1000,164,24830,48925,0,0,1,576127905251
Measurement_interval(ms):,1000,160,24830,48925,0,0,1,576128905261
Measurement_interval(ms):,1000,164,24830,48925,0,0,1,576129905263
Measurement_interval(ms):,1000,160,24830,48925,0,0,1,576130905228
Measurement_interval(ms):,1000,164,24830,48925,0,0,1,576131905233
Measurement_interval(ms):,1000,160,24830,48925,0,0,1,576132905262
Measurement_interval(ms):,1000,164,24830,48925,0,0,1,576133905232
Measurement_interval(ms):,1000,164,24830,48925,0,0,1,576134905244
Measurement_interval(ms):,1000,160,24830,48925,0,0,1,576135905261
Measurement_interval(ms):,1000,164,24830,48925,0,0,1,576136905251
Measurement_interval(ms):,1000,160,24830,48925,0,0,1,576137905229
Measurement_interval(ms):,1000,164,24830,48925,0,0,1,576138905268
Measurement_interval(ms):,1000,160,24830,48925,0,0,1,576139905272
Measurement_interval(ms):,1000,164,24830,48925,0,0,1,576140905242
Measurement_interval(ms):,1000,160,24830,48925,0,0,1,576141905237
Measurement_interval(ms):,1000,164,24830,48925,0,0,1,576142905264
Measurement_interval(ms):,1000,160,24830,48925,0,0,1,576143905274
Measurement_interval(ms):,1000,164,24830,48925,0,0,1,576144905262
Measurement_interval(ms):,1000,164,24830,48925,0,0,1,576145905244
