Measurement_interval(ms):,1000,0,0,0,0,0,1,148079009086
Measurement_interval(ms):,1000,0,0,0,0,0,1,148079009094
Measurement_interval(ms):,1000,0,0,0,0,0,1,148083171098
Measurement_interval(ms):,1000,0,0,0,0,0,1,148083171101
Measurement_interval(ms):,1000,0,0,0,0,0,1,148083171102
Measurement_interval(ms):,1000,0,0,0,0,0,1,148083171103
Measurement_interval(ms):,1000,0,0,0,0,0,1,148083171104
Measurement_interval(ms):,1000,0,0,0,0,0,1,148083171206
Measurement_interval(ms):,1000,0,0,0,0,0,1,148083171207
Measurement_interval(ms):,1000,0,0,0,0,0,1,148083171209
Measurement_interval(ms):,1000,0,0,0,0,0,1,148083171210
Measurement_interval(ms):,1000,0,0,0,0,0,1,148083171211
Measurement_interval(ms):,1000,0,0,0,0,0,1,148083171212
Measurement_interval(ms):,1000,0,0,0,0,0,1,148083171261
Measurement_interval(ms):,1000,409,0,0,0,0,1,148083394246
Measurement_interval(ms):,1000,2354,6237,11304,0,0,1,148084394240
Measurement_interval(ms):,1000,2688,6237,11304,0,0,1,148085394887
Measurement_interval(ms):,1000,2669,6237,11357,0,0,1,148086394272
Measurement_interval(ms):,1000,2688,6237,11357,0,0,1,148087394360
Measurement_interval(ms):,1000,2675,6237,11357,0,0,1,148088394245
Measurement_interval(ms):,1000,2688,6237,11357,0,0,1,148089394735
Measurement_interval(ms):,1000,2669,6237,11357,0,0,1,148090394245
Measurement_interval(ms):,1000,2688,6237,11357,0,0,1,148091394247
Measurement_interval(ms):,1000,2675,6237,11357,0,0,1,148092394249
Measurement_interval(ms):,1000,2688,6237,11357,0,0,1,148093394282
Measurement_interval(ms):,1000,2669,6237,11357,0,0,1,148094394285
Measurement_interval(ms):,1000,2688,6237,11357,0,0,1,148095394250
Measurement_interval(ms):,1000,2675,6237,11357,0,0,1,148096394250
Measurement_interval(ms):,1000,2688,6237,11357,0,0,1,148097394287
Measurement_interval(ms):,1000,2688,6237,11357,0,0,1,148098394662
Measurement_interval(ms):,1000,2669,6237,11357,0,0,1,148099394260
Measurement_interval(ms):,1000,2688,6237,11357,0,0,1,148100394274
Measurement_interval(ms):,1000,2675,6237,11357,0,0,1,148101394282
Measurement_interval(ms):,1000,2688,6237,11357,0,0,1,148102394297
Measurement_interval(ms):,1000,2669,6237,11357,0,0,1,148103394263
Measurement_interval(ms):,1000,2688,6237,11357,0,0,1,148104394280
Measurement_interval(ms):,1000,2688,6237,11357,0,0,1,148105394274
Measurement_interval(ms):,1000,2675,6237,11357,0,0,1,148106394292
Measurement_interval(ms):,1000,2688,6237,11357,0,0,1,148107394260
Measurement_interval(ms):,1000,2669,6237,11357,0,0,1,148108394310
Measurement_interval(ms):,1000,2673,6237,11410,0,0,1,148109394557
Measurement_interval(ms):,1000,2639,6237,11463,0,0,1,148110394293
Measurement_interval(ms):,1000,2641,6237,11463,0,0,1,148111394301
Measurement_interval(ms):,1000,2656,6237,11463,0,0,1,148112394303
Measurement_interval(ms):,1000,2656,6237,11463,0,0,1,148113394267
Measurement_interval(ms):,1000,2639,6237,11463,0,0,1,148114394308
Measurement_interval(ms):,1000,2656,6237,11463,0,0,1,148115394275
Measurement_interval(ms):,1000,2641,6237,11463,0,0,1,148116394314
