Measurement_interval(ms):,1000,0,0,0,0,0,1,80919658548
Measurement_interval(ms):,1000,0,0,0,0,0,1,80928221339
Measurement_interval(ms):,1000,0,0,0,0,0,1,80928221340
Measurement_interval(ms):,1000,0,0,0,0,0,1,80928221343
Measurement_interval(ms):,1000,0,0,0,0,0,1,80928221344
Measurement_interval(ms):,1000,0,0,0,0,0,1,80928221346
Measurement_interval(ms):,1000,0,0,0,0,0,1,80928221346
Measurement_interval(ms):,1000,0,0,0,0,0,1,80928221392
Measurement_interval(ms):,1000,0,0,0,0,0,1,80928221393
Measurement_interval(ms):,1000,0,0,0,0,0,1,80928221394
Measurement_interval(ms):,1000,0,0,0,0,0,1,80928221395
Measurement_interval(ms):,1000,0,0,0,0,0,1,80928221447
Measurement_interval(ms):,1000,0,0,0,0,0,1,80928221448
Measurement_interval(ms):,1000,0,0,0,0,0,1,80928234428
Measurement_interval(ms):,1000,2464,5829,14044,0,0,1,80929234412
Measurement_interval(ms):,1000,2656,5829,13688,0,0,1,80930234431
Measurement_interval(ms):,1000,2656,5829,13688,0,0,1,80931234588
Measurement_interval(ms):,1000,2640,5829,13688,0,0,1,80932234418
Measurement_interval(ms):,1000,2656,5829,13688,0,0,1,80933234393
Measurement_interval(ms):,1000,2656,5829,13688,0,0,1,80934234393
Measurement_interval(ms):,1000,2640,5829,13688,0,0,1,80935234410
Measurement_interval(ms):,1000,2656,5829,13599,0,0,1,80936234394
Measurement_interval(ms):,1000,2640,5829,13599,0,0,1,80937234410
Measurement_interval(ms):,1000,2656,5829,13599,0,0,1,80938234420
Measurement_interval(ms):,1000,2656,5829,13599,0,0,1,80939234396
Measurement_interval(ms):,1000,2640,5829,13599,0,0,1,80940234403
Measurement_interval(ms):,1000,2656,5829,13599,0,0,1,80941234427
Measurement_interval(ms):,1000,2656,5829,12709,0,0,1,80942234413
Measurement_interval(ms):,1000,2656,5829,11997,0,0,1,80943235064
Measurement_interval(ms):,1000,2640,5829,11908,0,0,1,80944234419
Measurement_interval(ms):,1000,2656,5829,11552,0,0,1,80945234419
Measurement_interval(ms):,1000,2656,5829,11552,0,0,1,80946234445
Measurement_interval(ms):,1000,2640,5829,11463,0,0,1,80947234426
Measurement_interval(ms):,1000,2656,5829,11463,0,0,1,80948234425
Measurement_interval(ms):,1000,2656,5829,11552,0,0,1,80949234472
Measurement_interval(ms):,1000,2640,5829,11552,0,0,1,80950234411
Measurement_interval(ms):,1000,2656,5829,11552,0,0,1,80951234436
Measurement_interval(ms):,1000,2656,5829,11552,0,0,1,80952234399
Measurement_interval(ms):,1000,2640,5829,11552,0,0,1,80953234405
Measurement_interval(ms):,1000,2656,5829,11552,0,0,1,80954234445
Measurement_interval(ms):,1000,2656,5829,11552,0,0,1,80955234405
Measurement_interval(ms):,1000,2640,5829,11552,0,0,1,80956234431
Measurement_interval(ms):,1000,2656,5829,11552,0,0,1,80957234440
Measurement_interval(ms):,1000,2656,5829,11552,0,0,1,80958234438
Measurement_interval(ms):,1000,2640,5829,11552,0,0,1,80959234423
Measurement_interval(ms):,1000,2656,5829,11552,0,0,1,80960234401
Measurement_interval(ms):,1000,2656,5829,11463,0,0,1,80961234406
