Measurement_interval(ms):,1000,0,0,0,0,0,1,80805828019
Measurement_interval(ms):,1000,0,0,0,0,0,1,80807446292
Measurement_interval(ms):,1000,0,0,0,0,0,1,80807446293
Measurement_interval(ms):,1000,0,0,0,0,0,1,80807446296
Measurement_interval(ms):,1000,0,0,0,0,0,1,80807446297
Measurement_interval(ms):,1000,0,0,0,0,0,1,80807446299
Measurement_interval(ms):,1000,0,0,0,0,0,1,80807446299
Measurement_interval(ms):,1000,0,0,0,0,0,1,80807446347
Measurement_interval(ms):,1000,0,0,0,0,0,1,80807446348
Measurement_interval(ms):,1000,352,0,0,0,0,1,80807779266
Measurement_interval(ms):,1000,1072,3779,11015,0,0,1,80808779279
Measurement_interval(ms):,1000,1068,3779,8617,0,0,1,80809779258
Measurement_interval(ms):,1000,1072,3779,7200,0,0,1,80810779245
Measurement_interval(ms):,1000,1072,3779,7200,0,0,1,80811779256
Measurement_interval(ms):,1000,1072,3779,7200,0,0,1,80812779246
Measurement_interval(ms):,1000,1072,3779,7200,0,0,1,80813779268
Measurement_interval(ms):,1000,1072,3779,7200,0,0,1,80814779241
Measurement_interval(ms):,1000,1072,3779,7200,0,0,1,80815779248
Measurement_interval(ms):,1000,1072,3779,7200,0,0,1,80816779238
Measurement_interval(ms):,1000,1072,3779,7200,0,0,1,80817779285
Measurement_interval(ms):,1000,1072,3760,7200,0,0,1,80818779268
Measurement_interval(ms):,1000,1072,3760,7200,0,0,1,80819779274
Measurement_interval(ms):,1000,1072,3760,7200,0,0,1,80820779236
Measurement_interval(ms):,1000,1072,3760,7200,0,0,1,80821779406
Measurement_interval(ms):,1000,1072,3760,7200,0,0,1,80822779280
Measurement_interval(ms):,1000,1068,3760,7200,0,0,1,80823779264
Measurement_interval(ms):,1000,1072,3741,7200,0,0,1,80824779257
Measurement_interval(ms):,1000,1072,3779,7200,0,0,1,80825779233
Measurement_interval(ms):,1000,1072,3779,7200,0,0,1,80826779233
Measurement_interval(ms):,1000,1072,3779,7200,0,0,1,80827779269
Measurement_interval(ms):,1000,1072,3779,7200,0,0,1,80828779261
Measurement_interval(ms):,1000,1072,3779,7200,0,0,1,80829779244
Measurement_interval(ms):,1000,1072,3779,7200,0,0,1,80830779241
Measurement_interval(ms):,1000,1072,3779,7200,0,0,1,80831779246
Measurement_interval(ms):,1000,1072,3779,7200,0,0,1,80832779260
Measurement_interval(ms):,1000,1072,3779,7200,0,0,1,80833779249
Measurement_interval(ms):,1000,1072,3779,7200,0,0,1,80834779249
Measurement_interval(ms):,1000,1072,3779,7200,0,0,1,80835779243
Measurement_interval(ms):,1000,1072,3779,7200,0,0,1,80836779259
Measurement_interval(ms):,1000,1072,3779,7200,0,0,1,80837779243
Measurement_interval(ms):,1000,1072,3779,7200,0,0,1,80838779274
Measurement_interval(ms):,1000,1072,3779,7200,0,0,1,80839779273
Measurement_interval(ms):,1000,1072,3760,7200,0,0,1,80840779230
