Measurement_interval(ms):,1000,0,0,0,0,0,1,161966156528
Measurement_interval(ms):,1000,0,0,0,0,0,1,161969876890
Measurement_interval(ms):,1000,0,0,0,0,0,1,161969876893
Measurement_interval(ms):,1000,0,0,0,0,0,1,161969876895
Measurement_interval(ms):,1000,0,0,0,0,0,1,161969876896
Measurement_interval(ms):,1000,0,0,0,0,0,1,161969876898
Measurement_interval(ms):,1000,0,0,0,0,0,1,161969876899
Measurement_interval(ms):,1000,0,0,0,0,0,1,161969876901
Measurement_interval(ms):,1000,0,0,0,0,0,1,161969876902
Measurement_interval(ms):,1000,0,0,0,0,0,1,161969876903
Measurement_interval(ms):,1000,0,0,0,0,0,1,161969876904
Measurement_interval(ms):,1000,0,0,0,0,0,1,161969876943
Measurement_interval(ms):,1000,12,0,0,0,0,1,161970160079
Measurement_interval(ms):,1000,56,0,0,0,0,1,161971160104
Measurement_interval(ms):,1000,56,0,0,0,0,1,161972160067
Measurement_interval(ms):,1000,56,0,0,0,0,1,161973160099
Measurement_interval(ms):,1000,52,0,0,0,0,1,161974160067
Measurement_interval(ms):,1000,56,0,0,0,0,1,161975160087
Measurement_interval(ms):,1000,56,0,0,0,0,1,161976160111
Measurement_interval(ms):,1000,56,0,0,0,0,1,161977160092
Measurement_interval(ms):,1000,56,72934,145356,0,0,1,161978160089
Measurement_interval(ms):,1000,52,72934,145356,0,0,1,161979160069
Measurement_interval(ms):,1000,56,72934,145356,0,0,1,161980160117
Measurement_interval(ms):,1000,56,72934,145356,0,0,1,161981160080
Measurement_interval(ms):,1000,56,72934,145356,0,0,1,161982160066
Measurement_interval(ms):,1000,56,72934,145356,0,0,1,161983160066
Measurement_interval(ms):,1000,52,72934,145356,0,0,1,161984160098
Measurement_interval(ms):,1000,56,72934,145356,0,0,1,161985160084
Measurement_interval(ms):,1000,56,72934,145356,0,0,1,161986160083
Measurement_interval(ms):,1000,56,72934,145356,0,0,1,161987160106
Measurement_interval(ms):,1000,56,72934,145356,0,0,1,161988160091
Measurement_interval(ms):,1000,52,72934,145356,0,0,1,161989160107
Measurement_interval(ms):,1000,56,72934,145356,0,0,1,161990160068
Measurement_interval(ms):,1000,56,72934,145356,0,0,1,161991160105
Measurement_interval(ms):,1000,56,72934,145356,0,0,1,161992160065
Measurement_interval(ms):,1000,56,72934,145356,0,0,1,161993160090
Measurement_interval(ms):,1000,52,72934,145356,0,0,1,161994160065
Measurement_interval(ms):,1000,56,72934,145356,0,0,1,161995160080
Measurement_interval(ms):,1000,56,72934,145356,0,0,1,161996160094
Measurement_interval(ms):,1000,56,72934,145356,0,0,1,161997160069
Measurement_interval(ms):,1000,56,72934,145356,0,0,1,161998160075
Measurement_interval(ms):,1000,52,72934,145356,0,0,1,161999160068
Measurement_interval(ms):,1000,56,72934,145356,0,0,1,162000160101
Measurement_interval(ms):,1000,56,72934,145356,0,0,1,162001160100
Measurement_interval(ms):,1000,56,72934,145356,0,0,1,162002160110
Measurement_interval(ms):,1000,56,72934,145356,0,0,1,162003160077
Measurement_interval(ms):,1000,52,72934,145356,0,0,1,162004160097
Measurement_interval(ms):,1000,56,72934,145356,0,0,1,162005160077
Measurement_interval(ms):,1000,56,72934,145356,0,0,1,162006160097
Measurement_interval(ms):,1000,56,72934,145356,0,0,1,162007160065
Measurement_interval(ms):,1000,56,72934,145356,0,0,1,162008160091
Measurement_interval(ms):,1000,56,72934,145356,0,0,1,162009160091
Measurement_interval(ms):,1000,52,72934,145356,0,0,1,162010160109
