Measurement_interval(ms):,1000,0,0,0,0,0,1,161834159799
Measurement_interval(ms):,1000,0,0,0,0,0,1,161836108537
Measurement_interval(ms):,1000,0,0,0,0,0,1,161836108539
Measurement_interval(ms):,1000,0,0,0,0,0,1,161836108542
Measurement_interval(ms):,1000,0,0,0,0,0,1,161836108543
Measurement_interval(ms):,1000,0,0,0,0,0,1,161836108545
Measurement_interval(ms):,1000,0,0,0,0,0,1,161836108545
Measurement_interval(ms):,1000,0,0,0,0,0,1,161836108547
Measurement_interval(ms):,1000,0,0,0,0,0,1,161836108548
Measurement_interval(ms):,1000,0,0,0,0,0,1,161836108549
Measurement_interval(ms):,1000,1,0,0,0,0,1,161836158209
Measurement_interval(ms):,1000,41,0,0,0,0,1,161837158161
Measurement_interval(ms):,1000,41,0,0,0,0,1,161838158209
Measurement_interval(ms):,1000,41,24696,48720,0,0,1,161839158197
Measurement_interval(ms):,1000,42,24696,48720,0,0,1,161840158467
Measurement_interval(ms):,1000,41,24696,48720,0,0,1,161841158169
Measurement_interval(ms):,1000,41,24696,48720,0,0,1,161842158175
Measurement_interval(ms):,1000,41,24696,48720,0,0,1,161843158188
Measurement_interval(ms):,1000,41,24572,48720,0,0,1,161844158167
Measurement_interval(ms):,1000,42,24572,48720,0,0,1,161845158209
Measurement_interval(ms):,1000,41,24572,48720,0,0,1,161846158191
Measurement_interval(ms):,1000,41,24572,48720,0,0,1,161847158218
Measurement_interval(ms):,1000,41,24572,48720,0,0,1,161848158182
Measurement_interval(ms):,1000,42,24572,48474,0,0,1,161849158193
Measurement_interval(ms):,1000,41,24572,48474,0,0,1,161850158195
Measurement_interval(ms):,1000,41,24572,48474,0,0,1,161851158186
Measurement_interval(ms):,1000,41,24572,48474,0,0,1,161852158192
Measurement_interval(ms):,1000,42,24572,48474,0,0,1,161853158191
Measurement_interval(ms):,1000,41,24572,48474,0,0,1,161854158204
Measurement_interval(ms):,1000,41,24572,48474,0,0,1,161855158199
Measurement_interval(ms):,1000,42,24572,48474,0,0,1,161856158183
Measurement_interval(ms):,1000,41,24572,48474,0,0,1,161857158184
Measurement_interval(ms):,1000,41,24572,48474,0,0,1,161858158208
Measurement_interval(ms):,1000,42,24572,48474,0,0,1,161859158183
Measurement_interval(ms):,1000,41,24572,48474,0,0,1,161860158223
Measurement_interval(ms):,1000,41,24572,48474,0,0,1,161861158185
Measurement_interval(ms):,1000,42,24572,48474,0,0,1,161862158191
Measurement_interval(ms):,1000,41,24572,48474,0,0,1,161863158226
Measurement_interval(ms):,1000,41,24572,48474,0,0,1,161864158192
Measurement_interval(ms):,1000,42,24572,48474,0,0,1,161865158212
Measurement_interval(ms):,1000,41,24572,48474,0,0,1,161866158224
Measurement_interval(ms):,1000,41,24572,48474,0,0,1,161867158194
Measurement_interval(ms):,1000,42,24572,48474,0,0,1,161868158187
Measurement_interval(ms):,1000,41,24572,48474,0,0,1,161869158185
Measurement_interval(ms):,1000,41,24572,48474,0,0,1,161870158195
