Measurement_interval(ms):,1000,0,0,0,0,0,1,162117303925
Measurement_interval(ms):,1000,0,0,0,0,0,1,162129219269
Measurement_interval(ms):,1000,0,0,0,0,0,1,162129219270
Measurement_interval(ms):,1000,0,0,0,0,0,1,162129219273
Measurement_interval(ms):,1000,0,0,0,0,0,1,162129219274
Measurement_interval(ms):,1000,0,0,0,0,0,1,162129219275
Measurement_interval(ms):,1000,0,0,0,0,0,1,162129219276
Measurement_interval(ms):,1000,0,0,0,0,0,1,162129219278
Measurement_interval(ms):,1000,0,0,0,0,0,1,162129219279
Measurement_interval(ms):,1000,0,0,0,0,0,1,162129219280
Measurement_interval(ms):,1000,0,0,0,0,0,1,162129219281
Measurement_interval(ms):,1000,0,0,0,0,0,1,162129219323
Measurement_interval(ms):,1000,0,0,0,0,0,1,162129219324
Measurement_interval(ms):,1000,0,0,0,0,0,1,162129219326
Measurement_interval(ms):,1000,0,0,0,0,0,1,162129219327
Measurement_interval(ms):,1000,0,0,0,0,0,1,162129219329
Measurement_interval(ms):,1000,0,0,0,0,0,1,162129219330
Measurement_interval(ms):,1000,0,0,0,0,0,1,162129219331
Measurement_interval(ms):,1000,0,0,0,0,0,1,162129219332
Measurement_interval(ms):,1000,0,0,0,0,0,1,162129219333
Measurement_interval(ms):,1000,0,0,0,0,0,1,162129310672
Measurement_interval(ms):,1000,144,0,0,0,0,1,162130310626
Measurement_interval(ms):,1000,128,0,0,0,0,1,162131310622
Measurement_interval(ms):,1000,128,0,0,0,0,1,162132310637
Measurement_interval(ms):,1000,144,0,0,0,0,1,162133310622
Measurement_interval(ms):,1000,128,0,0,0,0,1,162134310660
Measurement_interval(ms):,1000,144,0,0,0,0,1,162135310622
Measurement_interval(ms):,1000,128,0,0,0,0,1,162136310621
Measurement_interval(ms):,1000,128,0,0,0,0,1,162137310626
Measurement_interval(ms):,1000,144,0,0,0,0,1,162138310632
Measurement_interval(ms):,1000,128,0,0,0,0,1,162139310620
Measurement_interval(ms):,1000,144,0,0,0,0,1,162140310630
Measurement_interval(ms):,1000,128,0,0,0,0,1,162141310621
Measurement_interval(ms):,1000,128,0,0,0,0,1,162142310668
Measurement_interval(ms):,1000,144,119495,238571,0,0,1,162143310620
Measurement_interval(ms):,1000,128,119495,238571,0,0,1,162144310651
Measurement_interval(ms):,1000,144,119495,238571,0,0,1,162145310654
Measurement_interval(ms):,1000,128,119495,238571,0,0,1,162146310649
Measurement_interval(ms):,1000,128,119495,238571,0,0,1,162147310660
Measurement_interval(ms):,1000,144,119495,238571,0,0,1,162148310633
Measurement_interval(ms):,1000,128,119495,238571,0,0,1,162149310628
Measurement_interval(ms):,1000,144,119495,238571,0,0,1,162150310619
Measurement_interval(ms):,1000,128,119495,238571,0,0,1,162151310657
Measurement_interval(ms):,1000,128,119495,238571,0,0,1,162152310624
Measurement_interval(ms):,1000,144,119495,238571,0,0,1,162153310634
Measurement_interval(ms):,1000,128,119495,238571,0,0,1,162154310653
Measurement_interval(ms):,1000,144,119495,238571,0,0,1,162155310650
Measurement_interval(ms):,1000,128,119495,238571,0,0,1,162156310659
Measurement_interval(ms):,1000,144,119495,238571,0,0,1,162157310618
Measurement_interval(ms):,1000,128,119495,238571,0,0,1,162158310651
Measurement_interval(ms):,1000,128,119495,238571,0,0,1,162159310639
Measurement_interval(ms):,1000,144,119495,238571,0,0,1,162160310661
Measurement_interval(ms):,1000,128,119495,238571,0,0,1,162161310621
Measurement_interval(ms):,1000,144,119495,238571,0,0,1,162162310630
Measurement_interval(ms):,1000,128,119495,238571,0,0,1,162163310627
Measurement_interval(ms):,1000,128,119495,238571,0,0,1,162164310626
Measurement_interval(ms):,1000,144,119495,238571,0,0,1,162165310667
Measurement_interval(ms):,1000,128,119495,238571,0,0,1,162166310627
Measurement_interval(ms):,1000,144,119495,238571,0,0,1,162167310626
Measurement_interval(ms):,1000,128,119495,238571,0,0,1,162168310629
Measurement_interval(ms):,1000,128,119495,238571,0,0,1,162169310619
Measurement_interval(ms):,1000,144,119495,238571,0,0,1,162170310658
Measurement_interval(ms):,1000,128,119495,238571,0,0,1,162171310637
Measurement_interval(ms):,1000,144,119495,238571,0,0,1,162172310635
Measurement_interval(ms):,1000,128,119495,238571,0,0,1,162173310626
Measurement_interval(ms):,1000,144,119495,238571,0,0,1,162174310662
Measurement_interval(ms):,1000,128,119495,238571,0,0,1,162175310640
Measurement_interval(ms):,1000,128,119495,238571,0,0,1,162176310638
Measurement_interval(ms):,1000,144,119495,238571,0,0,1,162177310648
