Measurement_interval(ms):,1000,0,0,0,0,0,1,161895291928
Measurement_interval(ms):,1000,0,0,0,0,0,1,161896243244
Measurement_interval(ms):,1000,0,0,0,0,0,1,161896243246
Measurement_interval(ms):,1000,0,0,0,0,0,1,161896243249
Measurement_interval(ms):,1000,0,0,0,0,0,1,161896243250
Measurement_interval(ms):,1000,0,0,0,0,0,1,161896243251
Measurement_interval(ms):,1000,0,0,0,0,0,1,161896243252
Measurement_interval(ms):,1000,0,0,0,0,0,1,161896243253
Measurement_interval(ms):,1000,0,0,0,0,0,1,161896243254
Measurement_interval(ms):,1000,0,0,0,0,0,1,161896243299
Measurement_interval(ms):,1000,30,0,0,0,0,1,161897220282
Measurement_interval(ms):,1000,30,0,0,0,0,1,161898220289
Measurement_interval(ms):,1000,30,0,0,0,0,1,161899220294
Measurement_interval(ms):,1000,32,0,0,0,0,1,161900220271
Measurement_interval(ms):,1000,30,0,0,0,0,1,161901220278
Measurement_interval(ms):,1000,32,0,0,0,0,1,161902220276
Measurement_interval(ms):,1000,30,0,0,0,0,1,161903220288
Measurement_interval(ms):,1000,30,65287,129964,0,0,1,161904220268
Measurement_interval(ms):,1000,32,65287,129964,0,0,1,161905220263
Measurement_interval(ms):,1000,30,65287,129964,0,0,1,161906220254
Measurement_interval(ms):,1000,32,65287,129964,0,0,1,161907220265
Measurement_interval(ms):,1000,30,65287,129964,0,0,1,161908220284
Measurement_interval(ms):,1000,30,65287,129964,0,0,1,161909220282
Measurement_interval(ms):,1000,32,65287,129964,0,0,1,161910220261
Measurement_interval(ms):,1000,30,65287,129964,0,0,1,161911220245
Measurement_interval(ms):,1000,32,65287,129964,0,0,1,161912220245
Measurement_interval(ms):,1000,30,65287,129964,0,0,1,161913220276
Measurement_interval(ms):,1000,32,65287,129964,0,0,1,161914220254
Measurement_interval(ms):,1000,30,65287,129964,0,0,1,161915220275
Measurement_interval(ms):,1000,30,65287,129964,0,0,1,161916220283
Measurement_interval(ms):,1000,32,65287,129964,0,0,1,161917220243
Measurement_interval(ms):,1000,30,65287,129964,0,0,1,161918220267
Measurement_interval(ms):,1000,32,65287,129964,0,0,1,161919220242
Measurement_interval(ms):,1000,30,65287,129964,0,0,1,161920220282
Measurement_interval(ms):,1000,32,65287,129964,0,0,1,161921220243
Measurement_interval(ms):,1000,30,65287,129964,0,0,1,161922220286
Measurement_interval(ms):,1000,30,65287,129964,0,0,1,161923220275
Measurement_interval(ms):,1000,32,65287,129964,0,0,1,161924220261
Measurement_interval(ms):,1000,30,65287,129964,0,0,1,161925220286
Measurement_interval(ms):,1000,32,65287,129964,0,0,1,161926220270
Measurement_interval(ms):,1000,30,65287,129964,0,0,1,161927220286
Measurement_interval(ms):,1000,32,65287,129964,0,0,1,161928220263
Measurement_interval(ms):,1000,30,65287,129964,0,0,1,161929220270
Measurement_interval(ms):,1000,30,65287,129964,0,0,1,161930220284
Measurement_interval(ms):,1000,32,65287,129964,0,0,1,161931220248
Measurement_interval(ms):,1000,30,65287,129964,0,0,1,161932220249
Measurement_interval(ms):,1000,32,65287,129964,0,0,1,161933220274
Measurement_interval(ms):,1000,30,65287,129964,0,0,1,161934220244
Measurement_interval(ms):,1000,32,65287,129964,0,0,1,161935220251
