Measurement_interval(ms):,1000,0,0,0,0,0,1,489455817312
Measurement_interval(ms):,1000,0,0,0,0,0,1,489455817315
Measurement_interval(ms):,1000,0,0,0,0,0,1,489455817318
Measurement_interval(ms):,1000,0,0,0,0,0,1,489455817318
Measurement_interval(ms):,1000,0,0,0,0,0,1,489455817320
Measurement_interval(ms):,1000,0,0,0,0,0,1,489455817320
Measurement_interval(ms):,1000,0,0,0,0,0,1,489455817365
Measurement_interval(ms):,1000,0,0,0,0,0,1,489455817366
Measurement_interval(ms):,1000,0,0,0,0,0,1,489455817368
Measurement_interval(ms):,1000,0,0,0,0,0,1,489455817369
Measurement_interval(ms):,1000,0,0,0,0,0,1,489455817371
Measurement_interval(ms):,1000,0,0,0,0,0,1,489457451766
Measurement_interval(ms):,1000,16,0,0,0,0,1,489458521931
Measurement_interval(ms):,1000,80,0,0,0,0,1,489458612557
Measurement_interval(ms):,1000,880,0,0,0,0,1,489459614472
Measurement_interval(ms):,1000,864,18190,34325,0,0,1,489460612549
Measurement_interval(ms):,1000,880,18190,34325,0,0,1,489461612557
Measurement_interval(ms):,1000,864,18190,34497,0,0,1,489462612552
Measurement_interval(ms):,1000,880,18190,34497,0,0,1,489463612580
Measurement_interval(ms):,1000,864,18281,34497,0,0,1,489464612549
Measurement_interval(ms):,1000,880,18281,34497,0,0,1,489465612555
Measurement_interval(ms):,1000,880,18190,34497,0,0,1,489466614589
Measurement_interval(ms):,1000,864,18190,34497,0,0,1,489467612572
Measurement_interval(ms):,1000,880,18190,34497,0,0,1,489468612549
Measurement_interval(ms):,1000,864,18190,34497,0,0,1,489469612558
Measurement_interval(ms):,1000,880,18190,34497,0,0,1,489470612581
Measurement_interval(ms):,1000,864,18190,34497,0,0,1,489471612551
Measurement_interval(ms):,1000,880,18190,34497,0,0,1,489472612545
Measurement_interval(ms):,1000,864,18190,34497,0,0,1,489473612564
Measurement_interval(ms):,1000,880,18190,34497,0,0,1,489474612573
Measurement_interval(ms):,1000,880,18190,34497,0,0,1,489475613276
Measurement_interval(ms):,1000,864,18190,34497,0,0,1,489476612539
Measurement_interval(ms):,1000,880,18190,34497,0,0,1,489477612579
Measurement_interval(ms):,1000,864,18190,34497,0,0,1,489478612546
Measurement_interval(ms):,1000,880,18190,34497,0,0,1,489479612564
Measurement_interval(ms):,1000,864,18190,34497,0,0,1,489480612579
Measurement_interval(ms):,1000,880,18190,34497,0,0,1,489481612553
Measurement_interval(ms):,1000,864,18190,34497,0,0,1,489482612570
Measurement_interval(ms):,1000,880,18190,34497,0,0,1,489483612560
Measurement_interval(ms):,1000,864,18190,34497,0,0,1,489484612572
Measurement_interval(ms):,1000,880,18190,34497,0,0,1,489485612537
Measurement_interval(ms):,1000,880,18190,34497,0,0,1,489486614304
Measurement_interval(ms):,1000,864,18190,34497,0,0,1,489487612583
Measurement_interval(ms):,1000,864,18190,34497,0,0,1,489488612552
Measurement_interval(ms):,1000,880,18190,34497,0,0,1,489489612537
Measurement_interval(ms):,1000,880,18190,34497,0,0,1,489490614344
Measurement_interval(ms):,1000,864,18190,34497,0,0,1,489491612583
Measurement_interval(ms):,1000,880,18190,34497,0,0,1,489492613215
Measurement_interval(ms):,1000,864,18190,34497,0,0,1,489493612534
Measurement_interval(ms):,1000,880,18190,34497,0,0,1,489494612539
