Measurement_interval(ms):,1000,0,0,0,0,0,1,488152866094
Measurement_interval(ms):,1000,0,0,0,0,0,1,488152866097
Measurement_interval(ms):,1000,0,0,0,0,0,1,488152866100
Measurement_interval(ms):,1000,0,0,0,0,0,1,488152866101
Measurement_interval(ms):,1000,0,0,0,0,0,1,488152866103
Measurement_interval(ms):,1000,0,0,0,0,0,1,488152866104
Measurement_interval(ms):,1000,0,0,0,0,0,1,488152866106
Measurement_interval(ms):,1000,0,0,0,0,0,1,488152866107
Measurement_interval(ms):,1000,0,0,0,0,0,1,488152866108
Measurement_interval(ms):,1000,0,0,0,0,0,1,488152866109
Measurement_interval(ms):,1000,0,0,0,0,0,1,488154487696
Measurement_interval(ms):,1000,0,0,0,0,0,1,488154487709
Measurement_interval(ms):,1000,4,0,0,0,0,1,488155443249
Measurement_interval(ms):,1000,332,0,0,0,0,1,488156084040
Measurement_interval(ms):,1000,520,7787,13579,0,0,1,488157084428
Measurement_interval(ms):,1000,520,7787,13579,0,0,1,488158085184
Measurement_interval(ms):,1000,516,7787,13579,0,0,1,488159084038
Measurement_interval(ms):,1000,520,7787,13579,0,0,1,488160084074
Measurement_interval(ms):,1000,520,7787,13579,0,0,1,488161084052
Measurement_interval(ms):,1000,520,7787,13579,0,0,1,488162084036
Measurement_interval(ms):,1000,520,7787,13579,0,0,1,488163084055
Measurement_interval(ms):,1000,520,7787,13579,0,0,1,488164085474
Measurement_interval(ms):,1000,520,7787,13579,0,0,1,488165085937
Measurement_interval(ms):,1000,516,7787,13579,0,0,1,488166084038
Measurement_interval(ms):,1000,520,7787,13579,0,0,1,488167084051
Measurement_interval(ms):,1000,520,7787,13579,0,0,1,488168084081
Measurement_interval(ms):,1000,520,7787,13579,0,0,1,488169084066
Measurement_interval(ms):,1000,520,7787,13579,0,0,1,488170084035
Measurement_interval(ms):,1000,520,7787,13579,0,0,1,488171085959
Measurement_interval(ms):,1000,516,7787,13579,0,0,1,488172084060
Measurement_interval(ms):,1000,520,7787,13579,0,0,1,488173084038
Measurement_interval(ms):,1000,516,7787,13579,0,0,1,488174084034
Measurement_interval(ms):,1000,520,7787,13579,0,0,1,488175084046
Measurement_interval(ms):,1000,520,7787,13579,0,0,1,488176084068
Measurement_interval(ms):,1000,516,7787,13579,0,0,1,488177084063
Measurement_interval(ms):,1000,520,7787,13579,0,0,1,488178084081
Measurement_interval(ms):,1000,520,7787,13579,0,0,1,488179084075
Measurement_interval(ms):,1000,520,7787,13579,0,0,1,488180084352
Measurement_interval(ms):,1000,516,7787,13579,0,0,1,488181084068
Measurement_interval(ms):,1000,520,7787,13579,0,0,1,488182084046
Measurement_interval(ms):,1000,520,7787,13579,0,0,1,488183084034
Measurement_interval(ms):,1000,520,7787,13579,0,0,1,488184084063
Measurement_interval(ms):,1000,520,7787,13579,0,0,1,488185085405
Measurement_interval(ms):,1000,516,7787,13579,0,0,1,488186084071
