Measurement_interval(ms):,1000,0,0,0,0,0,1,490711655706
Measurement_interval(ms):,1000,0,0,0,0,0,1,490717703489
Measurement_interval(ms):,1000,0,0,0,0,0,1,490717703491
Measurement_interval(ms):,1000,0,0,0,0,0,1,490717703494
Measurement_interval(ms):,1000,0,0,0,0,0,1,490717703495
Measurement_interval(ms):,1000,0,0,0,0,0,1,490717703497
Measurement_interval(ms):,1000,0,0,0,0,0,1,490717703498
Measurement_interval(ms):,1000,0,0,0,0,0,1,490717703499
Measurement_interval(ms):,1000,0,0,0,0,0,1,490719366419
Measurement_interval(ms):,1000,0,0,0,0,0,1,490719366430
Measurement_interval(ms):,1000,32,0,0,0,0,1,490720544356
Measurement_interval(ms):,1000,288,0,0,0,0,1,490720872120
Measurement_interval(ms):,1000,896,0,0,0,0,1,490721872111
Measurement_interval(ms):,1000,896,0,0,0,0,1,490722872120
Measurement_interval(ms):,1000,896,0,0,0,0,1,490723872112
Measurement_interval(ms):,1000,896,34125,67649,0,0,1,490724872117
Measurement_interval(ms):,1000,896,34125,67649,0,0,1,490725872138
Measurement_interval(ms):,1000,896,34125,67649,0,0,1,490726872132
Measurement_interval(ms):,1000,896,34125,67649,0,0,1,490727872140
Measurement_interval(ms):,1000,896,34125,67988,0,0,1,490728872129
Measurement_interval(ms):,1000,896,34125,67988,0,0,1,490729872138
Measurement_interval(ms):,1000,896,34125,67988,0,0,1,490730873720
Measurement_interval(ms):,1000,896,34125,67988,0,0,1,490731872515
Measurement_interval(ms):,1000,864,34125,67988,0,0,1,490732872098
Measurement_interval(ms):,1000,896,34125,67988,0,0,1,490733872090
Measurement_interval(ms):,1000,896,34125,67988,0,0,1,490734872140
Measurement_interval(ms):,1000,896,34125,67988,0,0,1,490735872096
Measurement_interval(ms):,1000,896,34125,67988,0,0,1,490736872120
Measurement_interval(ms):,1000,896,34125,67988,0,0,1,490737872098
Measurement_interval(ms):,1000,896,34125,67988,0,0,1,490738872089
Measurement_interval(ms):,1000,896,34125,67988,0,0,1,490739872089
Measurement_interval(ms):,1000,896,34125,67988,0,0,1,490740872095
Measurement_interval(ms):,1000,896,34125,67988,0,0,1,490741872094
Measurement_interval(ms):,1000,896,34125,67988,0,0,1,490742872112
Measurement_interval(ms):,1000,896,34125,67988,0,0,1,490743873603
Measurement_interval(ms):,1000,896,34125,67988,0,0,1,490744872143
Measurement_interval(ms):,1000,864,34125,67988,0,0,1,490745872125
Measurement_interval(ms):,1000,896,34125,67988,0,0,1,490746872097
Measurement_interval(ms):,1000,896,34125,67988,0,0,1,490747872117
Measurement_interval(ms):,1000,896,34125,67988,0,0,1,490748872113
Measurement_interval(ms):,1000,896,34125,67988,0,0,1,490749872134
Measurement_interval(ms):,1000,896,34125,67988,0,0,1,490750872124
Measurement_interval(ms):,1000,896,34125,67988,0,0,1,490751872113
Measurement_interval(ms):,1000,896,34125,67988,0,0,1,490752872101
Measurement_interval(ms):,1000,896,34125,67988,0,0,1,490753872102
