Measurement_interval(ms):,1000,0,0,0,0,0,1,487583376141
Measurement_interval(ms):,1000,0,0,0,0,0,1,487587175021
Measurement_interval(ms):,1000,0,0,0,0,0,1,487587175023
Measurement_interval(ms):,1000,0,0,0,0,0,1,487587175026
Measurement_interval(ms):,1000,0,0,0,0,0,1,487587175027
Measurement_interval(ms):,1000,0,0,0,0,0,1,487587175028
Measurement_interval(ms):,1000,0,0,0,0,0,1,487587175029
Measurement_interval(ms):,1000,0,0,0,0,0,1,487587175075
Measurement_interval(ms):,1000,0,0,0,0,0,1,487587175076
Measurement_interval(ms):,1000,0,0,0,0,0,1,487587175078
Measurement_interval(ms):,1000,0,0,0,0,0,1,487588805245
Measurement_interval(ms):,1000,2,0,0,0,0,1,487589755012
Measurement_interval(ms):,1000,42,0,0,0,0,1,487589885498
Measurement_interval(ms):,1000,326,6657,11192,0,0,1,487590884703
Measurement_interval(ms):,1000,328,6237,10652,0,0,1,487591884692
Measurement_interval(ms):,1000,328,6167,10292,0,0,1,487592884715
Measurement_interval(ms):,1000,328,6167,10292,0,0,1,487593884706
Measurement_interval(ms):,1000,328,6167,10292,0,0,1,487594885493
Measurement_interval(ms):,1000,328,6167,10292,0,0,1,487595886353
Measurement_interval(ms):,1000,326,6167,10292,0,0,1,487596885943
Measurement_interval(ms):,1000,326,6167,10292,0,0,1,487597884711
Measurement_interval(ms):,1000,328,6167,10292,0,0,1,487598884698
Measurement_interval(ms):,1000,328,6167,10292,0,0,1,487599884701
Measurement_interval(ms):,1000,328,6167,10352,0,0,1,487600884699
Measurement_interval(ms):,1000,328,6167,10352,0,0,1,487601884687
Measurement_interval(ms):,1000,328,6167,10352,0,0,1,487602885587
Measurement_interval(ms):,1000,326,6167,10352,0,0,1,487603884699
Measurement_interval(ms):,1000,328,6167,10352,0,0,1,487604884694
Measurement_interval(ms):,1000,328,6167,10352,0,0,1,487605884672
Measurement_interval(ms):,1000,328,6167,10352,0,0,1,487606885133
Measurement_interval(ms):,1000,328,6167,10352,0,0,1,487607884839
Measurement_interval(ms):,1000,328,6167,10352,0,0,1,487608885959
Measurement_interval(ms):,1000,326,6167,10352,0,0,1,487609884698
Measurement_interval(ms):,1000,328,6167,10352,0,0,1,487610884679
Measurement_interval(ms):,1000,328,6167,10352,0,0,1,487611884674
Measurement_interval(ms):,1000,328,6167,10352,0,0,1,487612884817
Measurement_interval(ms):,1000,328,6167,10292,0,0,1,487613885882
Measurement_interval(ms):,1000,326,6167,10292,0,0,1,487614884685
Measurement_interval(ms):,1000,328,6167,10292,0,0,1,487615884686
Measurement_interval(ms):,1000,328,6167,10292,0,0,1,487616884670
Measurement_interval(ms):,1000,328,6167,10292,0,0,1,487617884706
Measurement_interval(ms):,1000,328,6167,10292,0,0,1,487618884656
Measurement_interval(ms):,1000,328,6167,10292,0,0,1,487619885703
Measurement_interval(ms):,1000,326,6167,10292,0,0,1,487620884656
Measurement_interval(ms):,1000,328,6167,10292,0,0,1,487621884658
Measurement_interval(ms):,1000,330,6167,10292,0,0,1,487622886236
Measurement_interval(ms):,1000,328,6132,10352,0,0,1,487623884655
Measurement_interval(ms):,1000,328,6132,10352,0,0,1,487624885352
Measurement_interval(ms):,1000,328,6132,10352,0,0,1,487625886487
Measurement_interval(ms):,1000,326,6132,10292,0,0,1,487626884686
