Measurement_interval(ms):,1000,0,0,0,0,0,1,489318316457
Measurement_interval(ms):,1000,0,0,0,0,0,1,489322904879
Measurement_interval(ms):,1000,0,0,0,0,0,1,489322904881
Measurement_interval(ms):,1000,0,0,0,0,0,1,489322904884
Measurement_interval(ms):,1000,0,0,0,0,0,1,489322904885
Measurement_interval(ms):,1000,0,0,0,0,0,1,489322904887
Measurement_interval(ms):,1000,0,0,0,0,0,1,489322904887
Measurement_interval(ms):,1000,0,0,0,0,0,1,489324563270
Measurement_interval(ms):,1000,0,0,0,0,0,1,489324563285
Measurement_interval(ms):,1000,8,0,0,0,0,1,489325544903
Measurement_interval(ms):,1000,528,0,0,0,0,1,489326293261
Measurement_interval(ms):,1000,704,11332,20605,0,0,1,489327293257
Measurement_interval(ms):,1000,704,11332,20708,0,0,1,489328293300
Measurement_interval(ms):,1000,704,11389,20708,0,0,1,489329293252
Measurement_interval(ms):,1000,704,11389,20708,0,0,1,489330293252
Measurement_interval(ms):,1000,704,11389,20708,0,0,1,489331293499
Measurement_interval(ms):,1000,704,11389,20708,0,0,1,489332293781
Measurement_interval(ms):,1000,704,11389,20708,0,0,1,489333293774
Measurement_interval(ms):,1000,704,11389,20708,0,0,1,489334294080
Measurement_interval(ms):,1000,704,11389,20708,0,0,1,489335294147
Measurement_interval(ms):,1000,704,11389,20708,0,0,1,489336294539
Measurement_interval(ms):,1000,704,11389,20708,0,0,1,489337294706
Measurement_interval(ms):,1000,696,11389,20708,0,0,1,489338293301
Measurement_interval(ms):,1000,704,11389,20708,0,0,1,489339293265
Measurement_interval(ms):,1000,704,11389,20708,0,0,1,489340293281
Measurement_interval(ms):,1000,704,11332,20708,0,0,1,489341293276
Measurement_interval(ms):,1000,704,11389,20708,0,0,1,489342293289
Measurement_interval(ms):,1000,704,11389,20708,0,0,1,489343293280
Measurement_interval(ms):,1000,704,11389,20708,0,0,1,489344293300
Measurement_interval(ms):,1000,704,11389,20708,0,0,1,489345293279
Measurement_interval(ms):,1000,704,11389,20708,0,0,1,489346293279
Measurement_interval(ms):,1000,704,11389,20708,0,0,1,489347293294
Measurement_interval(ms):,1000,704,11389,20708,0,0,1,489348293250
Measurement_interval(ms):,1000,704,11332,20708,0,0,1,489349293261
Measurement_interval(ms):,1000,704,11389,20708,0,0,1,489350293277
Measurement_interval(ms):,1000,704,11389,20708,0,0,1,489351293251
Measurement_interval(ms):,1000,704,11389,20708,0,0,1,489352293270
Measurement_interval(ms):,1000,704,11389,20708,0,0,1,489353293283
Measurement_interval(ms):,1000,704,11389,20708,0,0,1,489354293860
Measurement_interval(ms):,1000,704,11389,20708,0,0,1,489355294196
Measurement_interval(ms):,1000,704,11389,20708,0,0,1,489356294993
Measurement_interval(ms):,1000,696,11389,20708,0,0,1,489357293263
Measurement_interval(ms):,1000,704,11389,20708,0,0,1,489358293258
