Measurement_interval(ms):,1000,0,0,0,0,0,1,481052955247
Measurement_interval(ms):,1000,0,0,0,0,0,1,481052955249
Measurement_interval(ms):,1000,0,0,0,0,0,1,481052955252
Measurement_interval(ms):,1000,0,0,0,0,0,1,481052955253
Measurement_interval(ms):,1000,0,0,0,0,0,1,481052955255
Measurement_interval(ms):,1000,0,0,0,0,0,1,481052955256
Measurement_interval(ms):,1000,0,0,0,0,0,1,481052955258
Measurement_interval(ms):,1000,0,0,0,0,0,1,481052955259
Measurement_interval(ms):,1000,0,0,0,0,0,1,481052955300
Measurement_interval(ms):,1000,0,0,0,0,0,1,481052955300
Measurement_interval(ms):,1000,0,0,0,0,0,1,481052955303
Measurement_interval(ms):,1000,0,0,0,0,0,1,481052955303
Measurement_interval(ms):,1000,0,0,0,0,0,1,481052955305
Measurement_interval(ms):,1000,0,0,0,0,0,1,481052955306
Measurement_interval(ms):,1000,0,0,0,0,0,1,481054573398
Measurement_interval(ms):,1000,0,0,0,0,0,1,481054573409
Measurement_interval(ms):,1000,1,0,0,0,0,1,481055515040
Measurement_interval(ms):,1000,112,6016,9935,0,0,1,481056138820
Measurement_interval(ms):,1000,180,8032,14003,0,0,1,481057138843
Measurement_interval(ms):,1000,182,6016,11573,0,0,1,481058138803
Measurement_interval(ms):,1000,182,6016,10007,0,0,1,481059138823
Measurement_interval(ms):,1000,182,5984,9899,0,0,1,481060139805
Measurement_interval(ms):,1000,181,5632,9575,0,0,1,481061138820
Measurement_interval(ms):,1000,182,5632,9521,0,0,1,481062138844
Measurement_interval(ms):,1000,182,5632,9197,0,0,1,481063138814
Measurement_interval(ms):,1000,182,5568,9197,0,0,1,481064139258
Measurement_interval(ms):,1000,182,5568,9197,0,0,1,481065140516
Measurement_interval(ms):,1000,181,5568,9197,0,0,1,481066138805
Measurement_interval(ms):,1000,182,5568,9197,0,0,1,481067138844
Measurement_interval(ms):,1000,182,5568,9197,0,0,1,481068138818
Measurement_interval(ms):,1000,182,5568,9197,0,0,1,481069139733
Measurement_interval(ms):,1000,181,5568,9197,0,0,1,481070138805
Measurement_interval(ms):,1000,182,5568,9197,0,0,1,481071138845
Measurement_interval(ms):,1000,182,5568,9197,0,0,1,481072138817
Measurement_interval(ms):,1000,182,5568,9197,0,0,1,481073139155
Measurement_interval(ms):,1000,182,5568,9197,0,0,1,481074140348
Measurement_interval(ms):,1000,181,5568,9197,0,0,1,481075138811
Measurement_interval(ms):,1000,182,5568,9197,0,0,1,481076138808
Measurement_interval(ms):,1000,182,5568,9197,0,0,1,481077139180
Measurement_interval(ms):,1000,182,5568,9197,0,0,1,481078140313
Measurement_interval(ms):,1000,181,5568,9197,0,0,1,481079138852
Measurement_interval(ms):,1000,182,5568,9197,0,0,1,481080138809
Measurement_interval(ms):,1000,182,5568,9197,0,0,1,481081138834
Measurement_interval(ms):,1000,182,5568,9197,0,0,1,481082140018
Measurement_interval(ms):,1000,181,5568,9197,0,0,1,481083138819
Measurement_interval(ms):,1000,182,5568,9197,0,0,1,481084138809
Measurement_interval(ms):,1000,182,5568,9197,0,0,1,481085138964
Measurement_interval(ms):,1000,182,5568,9197,0,0,1,481086140158
Measurement_interval(ms):,1000,181,5568,9197,0,0,1,481087138853
Measurement_interval(ms):,1000,182,5568,9197,0,0,1,481088138826
Measurement_interval(ms):,1000,182,5568,9197,0,0,1,481089139193
Measurement_interval(ms):,1000,182,5568,9197,0,0,1,481090140362
Measurement_interval(ms):,1000,181,5568,9197,0,0,1,481091138809
Measurement_interval(ms):,1000,182,5568,9197,0,0,1,481092138827
Measurement_interval(ms):,1000,182,5568,9197,0,0,1,481093139576
Measurement_interval(ms):,1000,181,5568,9197,0,0,1,481094138853
Measurement_interval(ms):,1000,182,5568,9197,0,0,1,481095138821
Measurement_interval(ms):,1000,182,5568,9197,0,0,1,481096138848
Measurement_interval(ms):,1000,182,5568,9197,0,0,1,481097139065
Measurement_interval(ms):,1000,182,5568,9197,0,0,1,481098140387
Measurement_interval(ms):,1000,181,5568,9197,0,0,1,481099138855
Measurement_interval(ms):,1000,182,5568,9197,0,0,1,481100138841
