Measurement_interval(ms):,1000,0,0,0,0,0,1,583495668709
Measurement_interval(ms):,1000,0,0,0,0,0,1,583502491414
Measurement_interval(ms):,1000,0,0,0,0,0,1,583502491415
Measurement_interval(ms):,1000,0,0,0,0,0,1,583502491418
Measurement_interval(ms):,1000,0,0,0,0,0,1,583502491419
Measurement_interval(ms):,1000,0,0,0,0,0,1,583502491420
Measurement_interval(ms):,1000,0,0,0,0,0,1,583502491421
Measurement_interval(ms):,1000,0,0,0,0,0,1,583502491422
Measurement_interval(ms):,1000,0,0,0,0,0,1,583502491422
Measurement_interval(ms):,1000,0,0,0,0,0,1,583502491469
Measurement_interval(ms):,1000,0,0,0,0,0,1,583504186810
Measurement_interval(ms):,1000,0,0,0,0,0,1,583504186813
Measurement_interval(ms):,1000,8,0,0,0,0,1,583504973717
Measurement_interval(ms):,1000,104,0,0,0,0,1,583505565924
Measurement_interval(ms):,1000,168,0,0,0,0,1,583506565941
Measurement_interval(ms):,1000,176,0,0,0,0,1,583507565935
Measurement_interval(ms):,1000,168,0,0,0,0,1,583508565957
Measurement_interval(ms):,1000,176,0,0,0,0,1,583509565950
Measurement_interval(ms):,1000,168,46837,92933,0,0,1,583510565942
Measurement_interval(ms):,1000,176,46837,92933,0,0,1,583511565910
Measurement_interval(ms):,1000,168,46837,92933,0,0,1,583512565918
Measurement_interval(ms):,1000,168,46837,92933,0,0,1,583513565941
Measurement_interval(ms):,1000,176,46837,92933,0,0,1,583514565932
Measurement_interval(ms):,1000,168,46837,92933,0,0,1,583515565905
Measurement_interval(ms):,1000,176,46837,92933,0,0,1,583516565953
Measurement_interval(ms):,1000,168,46837,92933,0,0,1,583517565923
Measurement_interval(ms):,1000,168,46837,92933,0,0,1,583518565942
Measurement_interval(ms):,1000,176,46837,92933,0,0,1,583519565925
Measurement_interval(ms):,1000,168,46837,92933,0,0,1,583520565916
Measurement_interval(ms):,1000,176,46837,92933,0,0,1,583521565912
Measurement_interval(ms):,1000,168,46837,92933,0,0,1,583522565907
Measurement_interval(ms):,1000,176,46837,92933,0,0,1,583523565951
Measurement_interval(ms):,1000,168,46837,92933,0,0,1,583524565949
Measurement_interval(ms):,1000,168,46837,92933,0,0,1,583525565919
Measurement_interval(ms):,1000,176,46837,92933,0,0,1,583526565916
Measurement_interval(ms):,1000,168,46837,92933,0,0,1,583527565933
Measurement_interval(ms):,1000,176,46837,92933,0,0,1,583528565904
Measurement_interval(ms):,1000,168,46837,92933,0,0,1,583529565938
Measurement_interval(ms):,1000,168,46837,92933,0,0,1,583530565948
Measurement_interval(ms):,1000,176,46837,92933,0,0,1,583531565912
Measurement_interval(ms):,1000,168,46837,92933,0,0,1,583532565948
Measurement_interval(ms):,1000,176,46837,92933,0,0,1,583533565907
Measurement_interval(ms):,1000,168,46837,92933,0,0,1,583534565915
Measurement_interval(ms):,1000,176,46837,92933,0,0,1,583535565921
Measurement_interval(ms):,1000,168,46837,92933,0,0,1,583536565901
