Measurement_interval(ms):,1000,0,0,0,0,0,1,574335086379
Measurement_interval(ms):,1000,0,0,0,0,0,1,574337571156
Measurement_interval(ms):,1000,0,0,0,0,0,1,574337571157
Measurement_interval(ms):,1000,0,0,0,0,0,1,574337571160
Measurement_interval(ms):,1000,0,0,0,0,0,1,574337571161
Measurement_interval(ms):,1000,0,0,0,0,0,1,574337571163
Measurement_interval(ms):,1000,0,0,0,0,0,1,574337571164
Measurement_interval(ms):,1000,0,0,0,0,0,1,574339164700
Measurement_interval(ms):,1000,0,0,0,0,0,1,574339164703
Measurement_interval(ms):,1000,55,0,0,0,0,1,574340160090
Measurement_interval(ms):,1000,115,9004,17184,0,0,1,574341160071
Measurement_interval(ms):,1000,115,9004,17184,0,0,1,574342160084
Measurement_interval(ms):,1000,116,9004,17184,0,0,1,574343160071
Measurement_interval(ms):,1000,115,8958,17184,0,0,1,574344160087
Measurement_interval(ms):,1000,115,8912,17184,0,0,1,574345160107
Measurement_interval(ms):,1000,116,8912,17184,0,0,1,574346160082
Measurement_interval(ms):,1000,115,8912,17184,0,0,1,574347160057
Measurement_interval(ms):,1000,115,8912,17184,0,0,1,574348160065
Measurement_interval(ms):,1000,116,8912,17096,0,0,1,574349160542
Measurement_interval(ms):,1000,115,8912,17096,0,0,1,574350160093
Measurement_interval(ms):,1000,115,8912,17096,0,0,1,574351160088
Measurement_interval(ms):,1000,115,8912,17096,0,0,1,574352160061
Measurement_interval(ms):,1000,116,8912,17096,0,0,1,574353160062
Measurement_interval(ms):,1000,115,8912,17096,0,0,1,574354160082
Measurement_interval(ms):,1000,115,8912,17096,0,0,1,574355160089
Measurement_interval(ms):,1000,116,8912,17096,0,0,1,574356160099
Measurement_interval(ms):,1000,115,8912,17096,0,0,1,574357160085
Measurement_interval(ms):,1000,115,8912,17096,0,0,1,574358160095
Measurement_interval(ms):,1000,115,8774,16920,0,0,1,574359160080
Measurement_interval(ms):,1000,116,8774,16832,0,0,1,574360160074
Measurement_interval(ms):,1000,115,8774,16832,0,0,1,574361160094
Measurement_interval(ms):,1000,115,8774,16832,0,0,1,574362160062
Measurement_interval(ms):,1000,116,8774,16832,0,0,1,574363160043
Measurement_interval(ms):,1000,115,8774,16832,0,0,1,574364160092
Measurement_interval(ms):,1000,115,8774,16832,0,0,1,574365160047
Measurement_interval(ms):,1000,116,8774,16832,0,0,1,574366160069
Measurement_interval(ms):,1000,115,8774,16832,0,0,1,574367160074
Measurement_interval(ms):,1000,115,8774,16832,0,0,1,574368160064
Measurement_interval(ms):,1000,116,8774,16832,0,0,1,574369160078
Measurement_interval(ms):,1000,115,8774,16832,0,0,1,574370160065
Measurement_interval(ms):,1000,115,8774,16832,0,0,1,574371160081
Measurement_interval(ms):,1000,116,8774,16832,0,0,1,574372160056
