Measurement_interval(ms):,1000,0,0,0,0,0,1,575057363815
Measurement_interval(ms):,1000,0,0,0,0,0,1,575060879178
Measurement_interval(ms):,1000,0,0,0,0,0,1,575060879180
Measurement_interval(ms):,1000,0,0,0,0,0,1,575060879183
Measurement_interval(ms):,1000,0,0,0,0,0,1,575060879184
Measurement_interval(ms):,1000,0,0,0,0,0,1,575060879185
Measurement_interval(ms):,1000,0,0,0,0,0,1,575060879186
Measurement_interval(ms):,1000,0,0,0,0,0,1,575060879233
Measurement_interval(ms):,1000,0,0,0,0,0,1,575062484296
Measurement_interval(ms):,1000,0,0,0,0,0,1,575062484299
Measurement_interval(ms):,1000,20,0,0,0,0,1,575063188859
Measurement_interval(ms):,1000,126,0,0,0,0,1,575064188873
Measurement_interval(ms):,1000,124,16082,31445,0,0,1,575065188830
Measurement_interval(ms):,1000,126,16082,31445,0,0,1,575066188842
Measurement_interval(ms):,1000,126,16082,31445,0,0,1,575067188835
Measurement_interval(ms):,1000,124,16082,31445,0,0,1,575068188836
Measurement_interval(ms):,1000,126,16082,31445,0,0,1,575069188871
Measurement_interval(ms):,1000,126,16082,31445,0,0,1,575070188856
Measurement_interval(ms):,1000,126,16082,31445,0,0,1,575071188875
Measurement_interval(ms):,1000,124,16082,31445,0,0,1,575072188856
Measurement_interval(ms):,1000,126,16082,31445,0,0,1,575073188850
Measurement_interval(ms):,1000,126,16082,31445,0,0,1,575074188857
Measurement_interval(ms):,1000,126,16082,31445,0,0,1,575075188895
Measurement_interval(ms):,1000,124,16082,31445,0,0,1,575076188894
Measurement_interval(ms):,1000,126,16082,31445,0,0,1,575077188853
Measurement_interval(ms):,1000,124,16082,31445,0,0,1,575078188888
Measurement_interval(ms):,1000,126,16082,31445,0,0,1,575079188888
Measurement_interval(ms):,1000,126,16082,31445,0,0,1,575080188906
Measurement_interval(ms):,1000,126,16082,31445,0,0,1,575081188863
Measurement_interval(ms):,1000,124,16082,31445,0,0,1,575082188882
Measurement_interval(ms):,1000,126,16082,31445,0,0,1,575083188888
Measurement_interval(ms):,1000,126,16082,31445,0,0,1,575084188888
Measurement_interval(ms):,1000,126,16082,31445,0,0,1,575085188884
Measurement_interval(ms):,1000,124,16082,31445,0,0,1,575086188909
Measurement_interval(ms):,1000,126,16082,31445,0,0,1,575087188868
Measurement_interval(ms):,1000,126,16082,31445,0,0,1,575088188916
Measurement_interval(ms):,1000,124,16082,31445,0,0,1,575089188892
Measurement_interval(ms):,1000,126,16082,31445,0,0,1,575090188916
Measurement_interval(ms):,1000,126,16082,31445,0,0,1,575091188896
Measurement_interval(ms):,1000,126,16082,31445,0,0,1,575092188920
Measurement_interval(ms):,1000,124,16082,31445,0,0,1,575093188878
Measurement_interval(ms):,1000,126,16082,31445,0,0,1,575094188911
