Measurement_interval(ms):,1000,0,0,0,0,0,1,576170817480
Measurement_interval(ms):,1000,0,0,0,0,0,1,576177843586
Measurement_interval(ms):,1000,0,0,0,0,0,1,576177843587
Measurement_interval(ms):,1000,0,0,0,0,0,1,576177843590
Measurement_interval(ms):,1000,0,0,0,0,0,1,576177843591
Measurement_interval(ms):,1000,0,0,0,0,0,1,576177843593
Measurement_interval(ms):,1000,0,0,0,0,0,1,576177843593
Measurement_interval(ms):,1000,0,0,0,0,0,1,576177843594
Measurement_interval(ms):,1000,0,0,0,0,0,1,576177843595
Measurement_interval(ms):,1000,0,0,0,0,0,1,576179458054
Measurement_interval(ms):,1000,4,0,0,0,0,1,576180116198
Measurement_interval(ms):,1000,100,0,0,0,0,1,576180828552
Measurement_interval(ms):,1000,140,0,0,0,0,1,576181828584
Measurement_interval(ms):,1000,140,0,0,0,0,1,576182828550
Measurement_interval(ms):,1000,136,28939,57097,0,0,1,576183828595
Measurement_interval(ms):,1000,140,28939,57097,0,0,1,576184828551
Measurement_interval(ms):,1000,140,28939,57097,0,0,1,576185828545
Measurement_interval(ms):,1000,140,28939,57097,0,0,1,576186828585
Measurement_interval(ms):,1000,136,28939,57097,0,0,1,576187828585
Measurement_interval(ms):,1000,140,28939,57097,0,0,1,576188828563
Measurement_interval(ms):,1000,140,28939,57097,0,0,1,576189828576
Measurement_interval(ms):,1000,140,28939,57097,0,0,1,576190828590
Measurement_interval(ms):,1000,136,28939,57097,0,0,1,576191828557
Measurement_interval(ms):,1000,140,28939,57097,0,0,1,576192828574
Measurement_interval(ms):,1000,140,28939,57097,0,0,1,576193828564
Measurement_interval(ms):,1000,140,28939,57097,0,0,1,576194828666
Measurement_interval(ms):,1000,136,28939,57097,0,0,1,576195828570
Measurement_interval(ms):,1000,140,28939,57097,0,0,1,576196828538
Measurement_interval(ms):,1000,140,28939,57097,0,0,1,576197828536
Measurement_interval(ms):,1000,136,28939,57097,0,0,1,576198828543
Measurement_interval(ms):,1000,140,28939,57097,0,0,1,576199828569
Measurement_interval(ms):,1000,140,28939,57097,0,0,1,576200828534
Measurement_interval(ms):,1000,140,28939,57097,0,0,1,576201828549
Measurement_interval(ms):,1000,136,28939,57097,0,0,1,576202828581
Measurement_interval(ms):,1000,140,28939,57097,0,0,1,576203828547
Measurement_interval(ms):,1000,140,28939,57097,0,0,1,576204828532
Measurement_interval(ms):,1000,140,28939,57097,0,0,1,576205828550
Measurement_interval(ms):,1000,136,28939,57097,0,0,1,576206828538
Measurement_interval(ms):,1000,140,28939,57097,0,0,1,576207828577
Measurement_interval(ms):,1000,140,28939,57097,0,0,1,576208828568
Measurement_interval(ms):,1000,140,28939,57097,0,0,1,576209828557
Measurement_interval(ms):,1000,140,28939,57097,0,0,1,576210829084
Measurement_interval(ms):,1000,136,28939,57097,0,0,1,576211828532
Measurement_interval(ms):,1000,140,28939,57097,0,0,1,576212828576
Measurement_interval(ms):,1000,140,28939,57097,0,0,1,576213828569
Measurement_interval(ms):,1000,140,28939,57097,0,0,1,576214828699
Measurement_interval(ms):,1000,136,28939,57097,0,0,1,576215828551
