Measurement_interval(ms):,1000,0,0,0,0,0,1,584846983014
Measurement_interval(ms):,1000,0,0,0,0,0,1,584854798286
Measurement_interval(ms):,1000,0,0,0,0,0,1,584854798289
Measurement_interval(ms):,1000,0,0,0,0,0,1,584854798292
Measurement_interval(ms):,1000,0,0,0,0,0,1,584854798292
Measurement_interval(ms):,1000,0,0,0,0,0,1,584854798294
Measurement_interval(ms):,1000,0,0,0,0,0,1,584854798295
Measurement_interval(ms):,1000,0,0,0,0,0,1,584854798340
Measurement_interval(ms):,1000,0,0,0,0,0,1,584854798341
Measurement_interval(ms):,1000,0,0,0,0,0,1,584854798343
Measurement_interval(ms):,1000,0,0,0,0,0,1,584854798344
Measurement_interval(ms):,1000,0,0,0,0,0,1,584854798346
Measurement_interval(ms):,1000,0,0,0,0,0,1,584854798347
Measurement_interval(ms):,1000,0,0,0,0,0,1,584856528801
Measurement_interval(ms):,1000,0,0,0,0,0,1,584856528804
Measurement_interval(ms):,1000,16,0,0,0,0,1,584857690511
Measurement_interval(ms):,1000,208,0,0,0,0,1,584858396159
Measurement_interval(ms):,1000,272,0,0,0,0,1,584859396180
Measurement_interval(ms):,1000,272,0,0,0,0,1,584860396172
Measurement_interval(ms):,1000,288,0,0,0,0,1,584861396181
Measurement_interval(ms):,1000,272,0,0,0,0,1,584862396182
Measurement_interval(ms):,1000,288,0,0,0,0,1,584863396209
Measurement_interval(ms):,1000,272,57483,114333,0,0,1,584864396183
Measurement_interval(ms):,1000,272,57483,114333,0,0,1,584865396172
Measurement_interval(ms):,1000,288,57483,114333,0,0,1,584866396208
Measurement_interval(ms):,1000,272,57483,114333,0,0,1,584867396181
Measurement_interval(ms):,1000,288,57483,114333,0,0,1,584868396190
Measurement_interval(ms):,1000,272,57483,114333,0,0,1,584869396190
Measurement_interval(ms):,1000,288,57483,114333,0,0,1,584870396202
Measurement_interval(ms):,1000,272,57483,114333,0,0,1,584871396212
Measurement_interval(ms):,1000,272,57483,114333,0,0,1,584872396209
Measurement_interval(ms):,1000,288,57483,114333,0,0,1,584873396193
Measurement_interval(ms):,1000,272,57483,114333,0,0,1,584874396183
Measurement_interval(ms):,1000,288,57483,114333,0,0,1,584875396186
Measurement_interval(ms):,1000,272,57483,114333,0,0,1,584876396187
Measurement_interval(ms):,1000,272,57483,114333,0,0,1,584877396180
Measurement_interval(ms):,1000,288,57483,114333,0,0,1,584878396208
Measurement_interval(ms):,1000,272,57483,114333,0,0,1,584879396209
Measurement_interval(ms):,1000,288,57483,114333,0,0,1,584880396219
Measurement_interval(ms):,1000,272,57483,114333,0,0,1,584881396227
Measurement_interval(ms):,1000,272,57483,114333,0,0,1,584882396193
Measurement_interval(ms):,1000,288,57483,114333,0,0,1,584883396197
Measurement_interval(ms):,1000,272,57483,114333,0,0,1,584884396228
Measurement_interval(ms):,1000,288,57483,114333,0,0,1,584885396199
Measurement_interval(ms):,1000,272,57483,114333,0,0,1,584886396207
Measurement_interval(ms):,1000,272,57483,114333,0,0,1,584887396197
Measurement_interval(ms):,1000,288,57483,114333,0,0,1,584888396206
