Measurement_interval(ms):,1000,0,0,0,0,0,1,499966467588
Measurement_interval(ms):,1000,0,0,0,0,0,1,499975082900
Measurement_interval(ms):,1000,0,0,0,0,0,1,499975082902
Measurement_interval(ms):,1000,0,0,0,0,0,1,499975082905
Measurement_interval(ms):,1000,0,0,0,0,0,1,499975082906
Measurement_interval(ms):,1000,0,0,0,0,0,1,499975082908
Measurement_interval(ms):,1000,0,0,0,0,0,1,499975082908
Measurement_interval(ms):,1000,0,0,0,0,0,1,499975082910
Measurement_interval(ms):,1000,0,0,0,0,0,1,499975082910
Measurement_interval(ms):,1000,0,0,0,0,0,1,499976660861
Measurement_interval(ms):,1000,0,0,0,0,0,1,499976660865
Measurement_interval(ms):,1000,272,4448,8265,0,0,1,499977437008
Measurement_interval(ms):,1000,464,4448,8265,0,0,1,499978437105
Measurement_interval(ms):,1000,462,4448,8265,0,0,1,499979437006
Measurement_interval(ms):,1000,462,4404,8265,0,0,1,499980437015
Measurement_interval(ms):,1000,464,4404,8214,0,0,1,499981437011
Measurement_interval(ms):,1000,462,4404,8214,0,0,1,499982437015
Measurement_interval(ms):,1000,464,4404,8214,0,0,1,499983437037
Measurement_interval(ms):,1000,464,4404,8214,0,0,1,499984437350
Measurement_interval(ms):,1000,462,4404,8214,0,0,1,499985437017
Measurement_interval(ms):,1000,462,4404,8214,0,0,1,499986437020
Measurement_interval(ms):,1000,464,4404,8214,0,0,1,499987437046
Measurement_interval(ms):,1000,462,4404,8214,0,0,1,499988437052
Measurement_interval(ms):,1000,464,4404,8214,0,0,1,499989437006
Measurement_interval(ms):,1000,462,4404,8214,0,0,1,499990437008
Measurement_interval(ms):,1000,464,4404,8214,0,0,1,499991437022
Measurement_interval(ms):,1000,462,4404,8214,0,0,1,499992437047
Measurement_interval(ms):,1000,464,4404,8214,0,0,1,499993437018
Measurement_interval(ms):,1000,462,4404,8214,0,0,1,499994437017
Measurement_interval(ms):,1000,464,4404,8214,0,0,1,499995437002
Measurement_interval(ms):,1000,462,4404,8214,0,0,1,499996437041
Measurement_interval(ms):,1000,462,4404,8214,0,0,1,499997437023
Measurement_interval(ms):,1000,464,4404,8214,0,0,1,499998437035
Measurement_interval(ms):,1000,464,4404,8214,0,0,1,499999437303
Measurement_interval(ms):,1000,462,4404,8214,0,0,1,500000437002
Measurement_interval(ms):,1000,464,4404,8214,0,0,1,500001437017
Measurement_interval(ms):,1000,462,4404,8214,0,0,1,500002437051
Measurement_interval(ms):,1000,462,4404,8214,0,0,1,500003437002
Measurement_interval(ms):,1000,464,4404,8214,0,0,1,500004437013
Measurement_interval(ms):,1000,464,4404,8214,0,0,1,500005437277
Measurement_interval(ms):,1000,462,4404,8214,0,0,1,500006437047
Measurement_interval(ms):,1000,464,4404,8214,0,0,1,500007437045
Measurement_interval(ms):,1000,462,4404,8214,0,0,1,500008437042
Measurement_interval(ms):,1000,462,4404,8214,0,0,1,500009437015
Measurement_interval(ms):,1000,464,4404,8214,0,0,1,500010437012
Measurement_interval(ms):,1000,462,4404,8214,0,0,1,500011437021
Measurement_interval(ms):,1000,464,4404,8214,0,0,1,500012437037
Measurement_interval(ms):,1000,462,4404,8214,0,0,1,500013437039
Measurement_interval(ms):,1000,464,4404,8214,0,0,1,500014437401
