Measurement_interval(ms):,1000,0,0,0,0,0,1,566360736944
Measurement_interval(ms):,1000,0,0,0,0,0,1,566367016368
Measurement_interval(ms):,1000,0,0,0,0,0,1,566367016370
Measurement_interval(ms):,1000,0,0,0,0,0,1,566367016373
Measurement_interval(ms):,1000,0,0,0,0,0,1,566367016373
Measurement_interval(ms):,1000,0,0,0,0,0,1,566367016375
Measurement_interval(ms):,1000,0,0,0,0,0,1,566367016375
Measurement_interval(ms):,1000,0,0,0,0,0,1,566368665372
Measurement_interval(ms):,1000,32,0,0,0,0,1,566369146012
Measurement_interval(ms):,1000,512,0,0,0,0,1,566369683724
Measurement_interval(ms):,1000,928,0,0,0,0,1,566370683708
Measurement_interval(ms):,1000,928,0,0,0,0,1,566371683686
Measurement_interval(ms):,1000,928,0,0,0,0,1,566372683710
Measurement_interval(ms):,1000,928,33552,67393,0,0,1,566373683725
Measurement_interval(ms):,1000,928,33552,67393,0,0,1,566374683724
Measurement_interval(ms):,1000,928,33552,67393,0,0,1,566375683717
Measurement_interval(ms):,1000,928,33552,67393,0,0,1,566376683696
Measurement_interval(ms):,1000,928,33552,67393,0,0,1,566377683693
Measurement_interval(ms):,1000,960,33552,67393,0,0,1,566378684143
Measurement_interval(ms):,1000,928,33552,67393,0,0,1,566379683697
Measurement_interval(ms):,1000,928,33552,67393,0,0,1,566380683703
Measurement_interval(ms):,1000,928,33552,67393,0,0,1,566381683712
Measurement_interval(ms):,1000,928,33552,67393,0,0,1,566382683686
Measurement_interval(ms):,1000,928,33552,67393,0,0,1,566383683683
Measurement_interval(ms):,1000,928,33552,67393,0,0,1,566384683718
Measurement_interval(ms):,1000,928,33552,67393,0,0,1,566385683723
Measurement_interval(ms):,1000,928,33552,67393,0,0,1,566386683692
Measurement_interval(ms):,1000,928,33552,67393,0,0,1,566387683704
Measurement_interval(ms):,1000,928,33552,67393,0,0,1,566388683727
Measurement_interval(ms):,1000,928,33552,67393,0,0,1,566389683690
Measurement_interval(ms):,1000,928,33552,67393,0,0,1,566390683700
Measurement_interval(ms):,1000,960,33552,67393,0,0,1,566391683701
Measurement_interval(ms):,1000,928,33552,67393,0,0,1,566392683694
Measurement_interval(ms):,1000,928,33552,67393,0,0,1,566393683704
Measurement_interval(ms):,1000,928,33552,67393,0,0,1,566394683712
Measurement_interval(ms):,1000,928,33552,67393,0,0,1,566395683713
Measurement_interval(ms):,1000,928,33552,67393,0,0,1,566396683726
Measurement_interval(ms):,1000,928,33552,67393,0,0,1,566397683722
Measurement_interval(ms):,1000,928,33552,67393,0,0,1,566398683684
Measurement_interval(ms):,1000,928,33552,67393,0,0,1,566399683700
