Measurement_interval(ms):,1000,0,0,0,0,0,1,565464989770
Measurement_interval(ms):,1000,0,0,0,0,0,1,565472137826
Measurement_interval(ms):,1000,0,0,0,0,0,1,565472137827
Measurement_interval(ms):,1000,0,0,0,0,0,1,565472137830
Measurement_interval(ms):,1000,0,0,0,0,0,1,565472137831
Measurement_interval(ms):,1000,0,0,0,0,0,1,565472137832
Measurement_interval(ms):,1000,0,0,0,0,0,1,565472137833
Measurement_interval(ms):,1000,0,0,0,0,0,1,565472137934
Measurement_interval(ms):,1000,0,0,0,0,0,1,565473756348
Measurement_interval(ms):,1000,16,0,0,0,0,1,565474072173
Measurement_interval(ms):,1000,768,0,0,0,0,1,565474942870
Measurement_interval(ms):,1000,880,0,0,0,0,1,565475942859
Measurement_interval(ms):,1000,880,18128,35795,0,0,1,565476942868
Measurement_interval(ms):,1000,864,18128,35795,0,0,1,565477942888
Measurement_interval(ms):,1000,880,18128,35795,0,0,1,565478942856
Measurement_interval(ms):,1000,880,18128,35795,0,0,1,565479942881
Measurement_interval(ms):,1000,880,18128,35795,0,0,1,565480942866
Measurement_interval(ms):,1000,880,18128,35795,0,0,1,565481942875
Measurement_interval(ms):,1000,864,18128,35795,0,0,1,565482942888
Measurement_interval(ms):,1000,880,18128,35795,0,0,1,565483942901
Measurement_interval(ms):,1000,880,18128,35795,0,0,1,565484942890
Measurement_interval(ms):,1000,880,18128,35795,0,0,1,565485942856
Measurement_interval(ms):,1000,864,18128,35795,0,0,1,565486942877
Measurement_interval(ms):,1000,880,18128,35795,0,0,1,565487942869
Measurement_interval(ms):,1000,880,18128,35795,0,0,1,565488942879
Measurement_interval(ms):,1000,880,18128,35795,0,0,1,565489942890
Measurement_interval(ms):,1000,880,18128,35795,0,0,1,565490942878
Measurement_interval(ms):,1000,864,18128,35795,0,0,1,565491942893
Measurement_interval(ms):,1000,880,18128,35795,0,0,1,565492942856
Measurement_interval(ms):,1000,880,18128,35795,0,0,1,565493942896
Measurement_interval(ms):,1000,880,18128,35795,0,0,1,565494942894
Measurement_interval(ms):,1000,880,18128,35795,0,0,1,565495942856
Measurement_interval(ms):,1000,864,18128,35795,0,0,1,565496942875
Measurement_interval(ms):,1000,880,18128,35795,0,0,1,565497942870
Measurement_interval(ms):,1000,880,18128,35795,0,0,1,565498942872
Measurement_interval(ms):,1000,880,18128,35795,0,0,1,565499942883
Measurement_interval(ms):,1000,880,18128,35795,0,0,1,565500943518
Measurement_interval(ms):,1000,864,18128,35795,0,0,1,565501942866
Measurement_interval(ms):,1000,880,18128,35795,0,0,1,565502942871
Measurement_interval(ms):,1000,880,18128,35795,0,0,1,565503942885
Measurement_interval(ms):,1000,880,18128,35795,0,0,1,565504942896
Measurement_interval(ms):,1000,864,18128,35795,0,0,1,565505942855
Measurement_interval(ms):,1000,880,18128,35795,0,0,1,565506942902
Measurement_interval(ms):,1000,880,18128,35795,0,0,1,565507942885
