Measurement_interval(ms):,1000,0,0,0,0,0,1,564712876119
Measurement_interval(ms):,1000,0,0,0,0,0,1,564718092643
Measurement_interval(ms):,1000,0,0,0,0,0,1,564718092646
Measurement_interval(ms):,1000,0,0,0,0,0,1,564718092649
Measurement_interval(ms):,1000,0,0,0,0,0,1,564718092650
Measurement_interval(ms):,1000,0,0,0,0,0,1,564718092651
Measurement_interval(ms):,1000,0,0,0,0,0,1,564718092652
Measurement_interval(ms):,1000,0,0,0,0,0,1,564718092653
Measurement_interval(ms):,1000,0,0,0,0,0,1,564719691089
Measurement_interval(ms):,1000,0,0,0,0,0,1,564719691092
Measurement_interval(ms):,1000,304,0,0,0,0,1,564720344616
Measurement_interval(ms):,1000,704,11371,22176,0,0,1,564721344639
Measurement_interval(ms):,1000,704,11371,22176,0,0,1,564722344604
Measurement_interval(ms):,1000,704,11371,22176,0,0,1,564723344621
Measurement_interval(ms):,1000,704,11371,22176,0,0,1,564724344602
Measurement_interval(ms):,1000,704,11371,22176,0,0,1,564725344644
Measurement_interval(ms):,1000,704,11371,22176,0,0,1,564726344602
Measurement_interval(ms):,1000,704,11371,22176,0,0,1,564727344597
Measurement_interval(ms):,1000,704,11371,22176,0,0,1,564728344623
Measurement_interval(ms):,1000,704,11371,22176,0,0,1,564729344681
Measurement_interval(ms):,1000,704,11371,22176,0,0,1,564730344704
Measurement_interval(ms):,1000,704,11371,22176,0,0,1,564731344820
Measurement_interval(ms):,1000,696,11371,22176,0,0,1,564732344606
Measurement_interval(ms):,1000,704,11371,22176,0,0,1,564733344643
Measurement_interval(ms):,1000,704,11371,22176,0,0,1,564734344624
Measurement_interval(ms):,1000,704,11371,22176,0,0,1,564735344618
Measurement_interval(ms):,1000,704,11371,22176,0,0,1,564736344596
Measurement_interval(ms):,1000,704,11371,22176,0,0,1,564737344605
Measurement_interval(ms):,1000,704,11371,22176,0,0,1,564738344618
Measurement_interval(ms):,1000,704,11371,22176,0,0,1,564739344605
Measurement_interval(ms):,1000,704,11371,22176,0,0,1,564740344612
Measurement_interval(ms):,1000,704,11371,22176,0,0,1,564741344596
Measurement_interval(ms):,1000,704,11371,22176,0,0,1,564742344602
Measurement_interval(ms):,1000,704,11371,22176,0,0,1,564743344631
Measurement_interval(ms):,1000,704,11371,22176,0,0,1,564744344627
Measurement_interval(ms):,1000,704,11371,22176,0,0,1,564745344641
Measurement_interval(ms):,1000,704,11371,22176,0,0,1,564746344642
Measurement_interval(ms):,1000,704,11371,22176,0,0,1,564747344618
Measurement_interval(ms):,1000,704,11371,22176,0,0,1,564748344611
Measurement_interval(ms):,1000,704,11371,22176,0,0,1,564749344621
Measurement_interval(ms):,1000,704,11371,22176,0,0,1,564750344620
Measurement_interval(ms):,1000,704,11371,22176,0,0,1,564751344601
Measurement_interval(ms):,1000,704,11371,22176,0,0,1,564752344596
Measurement_interval(ms):,1000,704,11371,22176,0,0,1,564753344597
Measurement_interval(ms):,1000,704,11371,22176,0,0,1,564754344636
Measurement_interval(ms):,1000,704,11371,22176,0,0,1,564755344629
Measurement_interval(ms):,1000,704,11371,22176,0,0,1,564756344600
