Measurement_interval(ms):,1000,0,0,0,0,0,1,498947045472
Measurement_interval(ms):,1000,0,0,0,0,0,1,498949633377
Measurement_interval(ms):,1000,0,0,0,0,0,1,498949633378
Measurement_interval(ms):,1000,0,0,0,0,0,1,498949633381
Measurement_interval(ms):,1000,0,0,0,0,0,1,498949633382
Measurement_interval(ms):,1000,0,0,0,0,0,1,498949633383
Measurement_interval(ms):,1000,0,0,0,0,0,1,498951217847
Measurement_interval(ms):,1000,0,0,0,0,0,1,498951217851
Measurement_interval(ms):,1000,181,2472,25518,0,0,1,498951830955
Measurement_interval(ms):,1000,407,2472,5526,0,0,1,498952830941
Measurement_interval(ms):,1000,406,2472,4574,0,0,1,498953830961
Measurement_interval(ms):,1000,407,2472,4574,0,0,1,498954830940
Measurement_interval(ms):,1000,409,2472,4574,0,0,1,498955831205
Measurement_interval(ms):,1000,406,2472,4574,0,0,1,498956830977
Measurement_interval(ms):,1000,407,2472,4574,0,0,1,498957831196
Measurement_interval(ms):,1000,406,2472,4574,0,0,1,498958830938
Measurement_interval(ms):,1000,407,2472,4574,0,0,1,498959830967
Measurement_interval(ms):,1000,406,2472,4574,0,0,1,498960830949
Measurement_interval(ms):,1000,407,2472,4574,0,0,1,498961830977
Measurement_interval(ms):,1000,406,2472,4574,0,0,1,498962830988
Measurement_interval(ms):,1000,407,2472,4574,0,0,1,498963830986
Measurement_interval(ms):,1000,407,2472,4574,0,0,1,498964830991
Measurement_interval(ms):,1000,408,2472,4574,0,0,1,498965830963
Measurement_interval(ms):,1000,406,2472,4574,0,0,1,498966830957
Measurement_interval(ms):,1000,408,2472,4574,0,0,1,498967831101
Measurement_interval(ms):,1000,406,2472,4574,0,0,1,498968830978
Measurement_interval(ms):,1000,407,2472,4574,0,0,1,498969830976
Measurement_interval(ms):,1000,406,2472,4574,0,0,1,498970830962
Measurement_interval(ms):,1000,407,2472,4574,0,0,1,498971831022
Measurement_interval(ms):,1000,406,2472,4574,0,0,1,498972830997
Measurement_interval(ms):,1000,406,2472,4574,0,0,1,498973830972
Measurement_interval(ms):,1000,407,2472,4574,0,0,1,498974830956
Measurement_interval(ms):,1000,407,2472,4574,0,0,1,498975830961
Measurement_interval(ms):,1000,407,2472,4574,0,0,1,498976830983
Measurement_interval(ms):,1000,406,2472,4574,0,0,1,498977830994
Measurement_interval(ms):,1000,406,2472,4574,0,0,1,498978831000
Measurement_interval(ms):,1000,407,2472,4574,0,0,1,498979830998
Measurement_interval(ms):,1000,406,2472,4574,0,0,1,498980831016
Measurement_interval(ms):,1000,406,2472,4574,0,0,1,498981830987
Measurement_interval(ms):,1000,407,2472,4574,0,0,1,498982830989
Measurement_interval(ms):,1000,406,2472,4574,0,0,1,498983831006
Measurement_interval(ms):,1000,406,2472,4574,0,0,1,498984831018
