Measurement_interval(ms):,1000,0,0,0,0,0,1,565106205676
Measurement_interval(ms):,1000,0,0,0,0,0,1,565110368187
Measurement_interval(ms):,1000,0,0,0,0,0,1,565110368188
Measurement_interval(ms):,1000,0,0,0,0,0,1,565110368191
Measurement_interval(ms):,1000,0,0,0,0,0,1,565110368192
Measurement_interval(ms):,1000,0,0,0,0,0,1,565110368194
Measurement_interval(ms):,1000,0,0,0,0,0,1,565111947229
Measurement_interval(ms):,1000,0,0,0,0,0,1,565111947232
Measurement_interval(ms):,1000,1344,0,0,0,0,1,565112630327
Measurement_interval(ms):,1000,2320,6676,12896,0,0,1,565113630320
Measurement_interval(ms):,1000,2336,6676,12896,0,0,1,565114630339
Measurement_interval(ms):,1000,2320,6676,12896,0,0,1,565115630307
Measurement_interval(ms):,1000,2320,6676,12896,0,0,1,565116630337
Measurement_interval(ms):,1000,2304,6676,12896,0,0,1,565117630303
Measurement_interval(ms):,1000,2336,6676,12896,0,0,1,565118630884
Measurement_interval(ms):,1000,2320,6676,12896,0,0,1,565119630335
Measurement_interval(ms):,1000,2320,6676,12896,0,0,1,565120630301
Measurement_interval(ms):,1000,2336,6676,12960,0,0,1,565121630347
Measurement_interval(ms):,1000,2320,6676,12960,0,0,1,565122630325
Measurement_interval(ms):,1000,2336,6676,12960,0,0,1,565123630326
Measurement_interval(ms):,1000,2320,6676,12960,0,0,1,565124630319
Measurement_interval(ms):,1000,2320,6676,12960,0,0,1,565125630327
Measurement_interval(ms):,1000,2336,6676,12960,0,0,1,565126630296
Measurement_interval(ms):,1000,2320,6676,12960,0,0,1,565127630344
Measurement_interval(ms):,1000,2320,6676,12960,0,0,1,565128630337
Measurement_interval(ms):,1000,2336,6676,12960,0,0,1,565129631180
Measurement_interval(ms):,1000,2320,6676,12960,0,0,1,565130630318
Measurement_interval(ms):,1000,2320,6676,12960,0,0,1,565131630309
Measurement_interval(ms):,1000,2336,6676,12960,0,0,1,565132630293
Measurement_interval(ms):,1000,2320,6676,12960,0,0,1,565133630298
Measurement_interval(ms):,1000,2336,6676,12960,0,0,1,565134630329
Measurement_interval(ms):,1000,2320,6676,12960,0,0,1,565135630333
Measurement_interval(ms):,1000,2320,6676,12960,0,0,1,565136630291
Measurement_interval(ms):,1000,2336,6676,12960,0,0,1,565137630290
Measurement_interval(ms):,1000,2320,6676,12960,0,0,1,565138630335
Measurement_interval(ms):,1000,2336,6676,12960,0,0,1,565139630702
Measurement_interval(ms):,1000,2320,6676,12960,0,0,1,565140630288
Measurement_interval(ms):,1000,2320,6676,12960,0,0,1,565141630329
Measurement_interval(ms):,1000,2336,6676,12960,0,0,1,565142630290
Measurement_interval(ms):,1000,2320,6676,12960,0,0,1,565143630295
