Measurement_interval(ms):,1000,0,0,0,0,0,1,500418395492
Measurement_interval(ms):,1000,0,0,0,0,0,1,500425664714
Measurement_interval(ms):,1000,0,0,0,0,0,1,500425664716
Measurement_interval(ms):,1000,0,0,0,0,0,1,500425664719
Measurement_interval(ms):,1000,0,0,0,0,0,1,500425664719
Measurement_interval(ms):,1000,0,0,0,0,0,1,500425664721
Measurement_interval(ms):,1000,0,0,0,0,0,1,500425664721
Measurement_interval(ms):,1000,0,0,0,0,0,1,500425664769
Measurement_interval(ms):,1000,0,0,0,0,0,1,500425664770
Measurement_interval(ms):,1000,0,0,0,0,0,1,500425664772
Measurement_interval(ms):,1000,0,0,0,0,0,1,500425664772
Measurement_interval(ms):,1000,0,0,0,0,0,1,500427229520
Measurement_interval(ms):,1000,0,0,0,0,0,1,500427229525
Measurement_interval(ms):,1000,1264,2990,11242,0,0,1,500428190603
Measurement_interval(ms):,1000,1412,2974,8434,0,0,1,500429190096
Measurement_interval(ms):,1000,1404,2830,7354,0,0,1,500430190101
Measurement_interval(ms):,1000,1408,2830,6598,0,0,1,500431190094
Measurement_interval(ms):,1000,1408,2830,5950,0,0,1,500432190621
Measurement_interval(ms):,1000,1404,2830,5194,0,0,1,500433190112
Measurement_interval(ms):,1000,1408,2830,5194,0,0,1,500434190462
Measurement_interval(ms):,1000,1404,2830,5194,0,0,1,500435190071
Measurement_interval(ms):,1000,1408,2830,5194,0,0,1,500436190094
Measurement_interval(ms):,1000,1400,2830,5194,0,0,1,500437190082
Measurement_interval(ms):,1000,1408,2830,5194,0,0,1,500438190242
Measurement_interval(ms):,1000,1404,2830,5194,0,0,1,500439190075
Measurement_interval(ms):,1000,1408,2830,5194,0,0,1,500440190075
Measurement_interval(ms):,1000,1416,2830,5194,0,0,1,500441190103
Measurement_interval(ms):,1000,1412,2830,5194,0,0,1,500442190323
Measurement_interval(ms):,1000,1404,2830,5194,0,0,1,500443190091
Measurement_interval(ms):,1000,1408,2830,5194,0,0,1,500444190120
Measurement_interval(ms):,1000,1408,2830,5194,0,0,1,500445190488
Measurement_interval(ms):,1000,1404,2814,5194,0,0,1,500446190099
Measurement_interval(ms):,1000,1408,2814,5194,0,0,1,500447190481
Measurement_interval(ms):,1000,1404,2814,5194,0,0,1,500448190112
Measurement_interval(ms):,1000,1408,2814,5194,0,0,1,500449190276
Measurement_interval(ms):,1000,1404,2814,5194,0,0,1,500450190124
Measurement_interval(ms):,1000,1408,2814,5194,0,0,1,500451190451
Measurement_interval(ms):,1000,1404,2814,5194,0,0,1,500452190117
Measurement_interval(ms):,1000,1408,2814,5194,0,0,1,500453190489
Measurement_interval(ms):,1000,1404,2814,5194,0,0,1,500454190092
Measurement_interval(ms):,1000,1408,2814,5194,0,0,1,500455190367
Measurement_interval(ms):,1000,1404,2814,5194,0,0,1,500456190090
Measurement_interval(ms):,1000,1408,2814,5194,0,0,1,500457190095
Measurement_interval(ms):,1000,1404,2814,5194,0,0,1,500458190136
Measurement_interval(ms):,1000,1408,2814,5194,0,0,1,500459190130
Measurement_interval(ms):,1000,1404,2814,5194,0,0,1,500460190139
Measurement_interval(ms):,1000,1408,2814,5194,0,0,1,500461190127
Measurement_interval(ms):,1000,1404,2814,5194,0,0,1,500462190134
Measurement_interval(ms):,1000,1404,2814,5194,0,0,1,500463190098
