Measurement_interval(ms):,1000,0,0,0,0,0,1,499648520663
Measurement_interval(ms):,1000,0,0,0,0,0,1,499658984356
Measurement_interval(ms):,1000,0,0,0,0,0,1,499658984358
Measurement_interval(ms):,1000,0,0,0,0,0,1,499658984361
Measurement_interval(ms):,1000,0,0,0,0,0,1,499658984361
Measurement_interval(ms):,1000,0,0,0,0,0,1,499658984363
Measurement_interval(ms):,1000,0,0,0,0,0,1,499658984364
Measurement_interval(ms):,1000,0,0,0,0,0,1,499658984365
Measurement_interval(ms):,1000,0,0,0,0,0,1,499658984366
Measurement_interval(ms):,1000,0,0,0,0,0,1,499658984411
Measurement_interval(ms):,1000,0,0,0,0,0,1,499658984412
Measurement_interval(ms):,1000,0,0,0,0,0,1,499660549032
Measurement_interval(ms):,1000,0,0,0,0,0,1,499660549035
Measurement_interval(ms):,1000,514,2178,16938,0,0,1,499661111899
Measurement_interval(ms):,1000,1046,2070,9532,0,0,1,499662111756
Measurement_interval(ms):,1000,1048,2070,5829,0,0,1,499663111857
Measurement_interval(ms):,1000,1046,2070,3736,0,0,1,499664111783
Measurement_interval(ms):,1000,1048,2058,3736,0,0,1,499665111867
Measurement_interval(ms):,1000,1046,1950,3414,0,0,1,499666111755
Measurement_interval(ms):,1000,1048,1926,3414,0,0,1,499667111777
Measurement_interval(ms):,1000,1046,1914,3414,0,0,1,499668111773
Measurement_interval(ms):,1000,1048,1914,3414,0,0,1,499669112192
Measurement_interval(ms):,1000,1046,1914,19353,0,0,1,499670111777
Measurement_interval(ms):,1000,1046,1914,19353,0,0,1,499671111758
Measurement_interval(ms):,1000,1048,1914,16938,0,0,1,499672111800
Measurement_interval(ms):,1000,1046,1914,14523,0,0,1,499673111762
Measurement_interval(ms):,1000,1048,1914,10981,0,0,1,499674111738
Measurement_interval(ms):,1000,1046,1914,9210,0,0,1,499675111733
Measurement_interval(ms):,1000,1048,1914,7439,0,0,1,499676111754
Measurement_interval(ms):,1000,1048,1914,6473,0,0,1,499677111989
Measurement_interval(ms):,1000,1046,1914,5346,0,0,1,499678111779
Measurement_interval(ms):,1000,1048,1914,5185,0,0,1,499679111780
Measurement_interval(ms):,1000,1046,1914,4380,0,0,1,499680111753
Measurement_interval(ms):,1000,1048,1914,3736,0,0,1,499681111729
Measurement_interval(ms):,1000,1046,1914,3736,0,0,1,499682111747
Measurement_interval(ms):,1000,1048,1914,3575,0,0,1,499683111769
Measurement_interval(ms):,1000,1048,1914,3414,0,0,1,499684112246
Measurement_interval(ms):,1000,1046,1914,3414,0,0,1,499685111731
Measurement_interval(ms):,1000,1048,1914,3414,0,0,1,499686111772
Measurement_interval(ms):,1000,1046,1914,3414,0,0,1,499687111778
Measurement_interval(ms):,1000,1046,1914,3414,0,0,1,499688111740
Measurement_interval(ms):,1000,1048,1914,3414,0,0,1,499689111761
Measurement_interval(ms):,1000,1048,1914,3414,0,0,1,499690111801
Measurement_interval(ms):,1000,1046,1914,3414,0,0,1,499691111769
Measurement_interval(ms):,1000,1048,1914,3414,0,0,1,499692111727
