Measurement_interval(ms):,1000,0,0,0,0,0,1,566066500547
Measurement_interval(ms):,1000,0,0,0,0,0,1,566073686710
Measurement_interval(ms):,1000,0,0,0,0,0,1,566073686711
Measurement_interval(ms):,1000,0,0,0,0,0,1,566073686714
Measurement_interval(ms):,1000,0,0,0,0,0,1,566073686715
Measurement_interval(ms):,1000,0,0,0,0,0,1,566073686717
Measurement_interval(ms):,1000,0,0,0,0,0,1,566073686717
Measurement_interval(ms):,1000,0,0,0,0,0,1,566073686719
Measurement_interval(ms):,1000,0,0,0,0,0,1,566073686719
Measurement_interval(ms):,1000,0,0,0,0,0,1,566073686766
Measurement_interval(ms):,1000,0,0,0,0,0,1,566075282683
Measurement_interval(ms):,1000,384,0,0,0,0,1,566075599426
Measurement_interval(ms):,1000,2432,0,0,0,0,1,566076599405
Measurement_interval(ms):,1000,2400,12293,24729,0,0,1,566077599407
Measurement_interval(ms):,1000,2432,12232,27085,0,0,1,566078599439
Measurement_interval(ms):,1000,2432,12232,24729,0,0,1,566079599391
Measurement_interval(ms):,1000,2432,12232,24729,0,0,1,566080599397
Measurement_interval(ms):,1000,2432,12232,24729,0,0,1,566081599424
Measurement_interval(ms):,1000,2432,12232,24729,0,0,1,566082599432
Measurement_interval(ms):,1000,2432,12232,24729,0,0,1,566083599423
Measurement_interval(ms):,1000,2432,12232,24729,0,0,1,566084599392
Measurement_interval(ms):,1000,2432,12232,24729,0,0,1,566085599425
Measurement_interval(ms):,1000,2432,12232,24853,0,0,1,566086599400
Measurement_interval(ms):,1000,2432,12232,24853,0,0,1,566087599402
Measurement_interval(ms):,1000,2432,12232,24853,0,0,1,566088599408
Measurement_interval(ms):,1000,2432,12232,24853,0,0,1,566089599399
Measurement_interval(ms):,1000,2432,12232,24853,0,0,1,566090599426
Measurement_interval(ms):,1000,2432,12232,24853,0,0,1,566091599419
Measurement_interval(ms):,1000,2432,12232,24853,0,0,1,566092599410
Measurement_interval(ms):,1000,2432,12232,24853,0,0,1,566093599389
Measurement_interval(ms):,1000,2432,12232,24853,0,0,1,566094599391
Measurement_interval(ms):,1000,2432,12232,24853,0,0,1,566095599426
Measurement_interval(ms):,1000,2464,12232,24853,0,0,1,566096599471
Measurement_interval(ms):,1000,2432,12232,24853,0,0,1,566097599708
Measurement_interval(ms):,1000,2432,12232,24853,0,0,1,566098599437
Measurement_interval(ms):,1000,2432,12232,24853,0,0,1,566099599412
Measurement_interval(ms):,1000,2432,12232,24853,0,0,1,566100599388
Measurement_interval(ms):,1000,2432,12232,24853,0,0,1,566101599424
Measurement_interval(ms):,1000,2432,12232,24729,0,0,1,566102599389
Measurement_interval(ms):,1000,2432,12232,24729,0,0,1,566103599392
Measurement_interval(ms):,1000,2432,12232,24729,0,0,1,566104599397
Measurement_interval(ms):,1000,2432,12232,24729,0,0,1,566105599393
Measurement_interval(ms):,1000,2432,12232,24729,0,0,1,566106599434
Measurement_interval(ms):,1000,2432,12232,24729,0,0,1,566107599402
