Measurement_interval(ms):,1000,0,0,0,0,0,1,564437354151
Measurement_interval(ms):,1000,0,0,0,0,0,1,564438290763
Measurement_interval(ms):,1000,0,0,0,0,0,1,564438290764
Measurement_interval(ms):,1000,0,0,0,0,0,1,564438290767
Measurement_interval(ms):,1000,0,0,0,0,0,1,564438290768
Measurement_interval(ms):,1000,0,0,0,0,0,1,564439876832
Measurement_interval(ms):,1000,0,0,0,0,0,1,564439876835
Measurement_interval(ms):,1000,1568,4593,8617,0,0,1,564440826909
Measurement_interval(ms):,1000,1848,4593,8571,0,0,1,564441826915
Measurement_interval(ms):,1000,1840,4545,8571,0,0,1,564442826903
Measurement_interval(ms):,1000,1840,4545,8525,0,0,1,564443826915
Measurement_interval(ms):,1000,1848,4353,8387,0,0,1,564444827537
Measurement_interval(ms):,1000,1840,4329,8111,0,0,1,564445826908
Measurement_interval(ms):,1000,1840,4329,8065,0,0,1,564446826910
Measurement_interval(ms):,1000,1840,4329,8065,0,0,1,564447826912
Measurement_interval(ms):,1000,1840,4329,8065,0,0,1,564448826927
Measurement_interval(ms):,1000,1848,4329,8065,0,0,1,564449827231
Measurement_interval(ms):,1000,1840,4329,8065,0,0,1,564450826942
Measurement_interval(ms):,1000,1840,4281,8065,0,0,1,564451826920
Measurement_interval(ms):,1000,1840,4281,8065,0,0,1,564452826953
Measurement_interval(ms):,1000,1848,4281,8065,0,0,1,564453827431
Measurement_interval(ms):,1000,1840,4281,8065,0,0,1,564454826925
Measurement_interval(ms):,1000,1840,4281,8065,0,0,1,564455826971
Measurement_interval(ms):,1000,1840,4281,8065,0,0,1,564456826971
Measurement_interval(ms):,1000,1840,4281,8065,0,0,1,564457826960
Measurement_interval(ms):,1000,1848,4281,8065,0,0,1,564458827215
Measurement_interval(ms):,1000,1840,4281,8065,0,0,1,564459826939
Measurement_interval(ms):,1000,1840,4281,8065,0,0,1,564460826955
Measurement_interval(ms):,1000,1840,4281,8065,0,0,1,564461826956
Measurement_interval(ms):,1000,1840,4281,8065,0,0,1,564462826957
Measurement_interval(ms):,1000,1840,4281,8065,0,0,1,564463826985
Measurement_interval(ms):,1000,1848,4281,8065,0,0,1,564464826983
Measurement_interval(ms):,1000,1840,4281,8065,0,0,1,564465826987
Measurement_interval(ms):,1000,1840,4281,8065,0,0,1,564466826951
Measurement_interval(ms):,1000,1848,4281,8065,0,0,1,564467826967
Measurement_interval(ms):,1000,1840,4281,8065,0,0,1,564468826997
Measurement_interval(ms):,1000,1848,4281,8065,0,0,1,564469827187
Measurement_interval(ms):,1000,1840,4281,8065,0,0,1,564470826971
