Measurement_interval(ms):,1000,0,0,0,0,0,1,498527014850
Measurement_interval(ms):,1000,0,0,0,0,0,1,498532985921
Measurement_interval(ms):,1000,0,0,0,0,0,1,498532985922
Measurement_interval(ms):,1000,0,0,0,0,0,1,498532985925
Measurement_interval(ms):,1000,0,0,0,0,0,1,498532985926
Measurement_interval(ms):,1000,0,0,0,0,0,1,498532985927
Measurement_interval(ms):,1000,0,0,0,0,0,1,498532985928
Measurement_interval(ms):,1000,0,0,0,0,0,1,498532985975
Measurement_interval(ms):,1000,0,0,0,0,0,1,498534551059
Measurement_interval(ms):,1000,0,0,0,0,0,1,498534551062
Measurement_interval(ms):,1000,400,1577,20047,0,0,1,498535202463
Measurement_interval(ms):,1000,679,1497,13150,0,0,1,498536202442
Measurement_interval(ms):,1000,679,1481,4163,0,0,1,498537202444
Measurement_interval(ms):,1000,679,1481,2700,0,0,1,498538202434
Measurement_interval(ms):,1000,679,1481,2700,0,0,1,498539202656
Measurement_interval(ms):,1000,678,1481,2700,0,0,1,498540202450
Measurement_interval(ms):,1000,679,1481,2700,0,0,1,498541202434
Measurement_interval(ms):,1000,679,1481,2700,0,0,1,498542202439
Measurement_interval(ms):,1000,678,1481,2700,0,0,1,498543202887
Measurement_interval(ms):,1000,678,1481,2700,0,0,1,498544202643
Measurement_interval(ms):,1000,679,1481,2700,0,0,1,498545202899
Measurement_interval(ms):,1000,678,1481,2700,0,0,1,498546202474
Measurement_interval(ms):,1000,680,1481,2700,0,0,1,498547202734
Measurement_interval(ms):,1000,679,1481,2700,0,0,1,498548202437
Measurement_interval(ms):,1000,679,1481,2700,0,0,1,498549202464
Measurement_interval(ms):,1000,679,1481,2700,0,0,1,498550202446
Measurement_interval(ms):,1000,679,1481,2700,0,0,1,498551202443
Measurement_interval(ms):,1000,679,1481,2700,0,0,1,498552202530
Measurement_interval(ms):,1000,679,1481,2700,0,0,1,498553202622
Measurement_interval(ms):,1000,679,1481,2700,0,0,1,498554202680
Measurement_interval(ms):,1000,679,1481,2700,0,0,1,498555202870
Measurement_interval(ms):,1000,678,1481,2700,0,0,1,498556202475
Measurement_interval(ms):,1000,679,1481,2700,0,0,1,498557202426
Measurement_interval(ms):,1000,679,1481,2700,0,0,1,498558202451
Measurement_interval(ms):,1000,679,1481,2700,0,0,1,498559202462
Measurement_interval(ms):,1000,679,1481,2700,0,0,1,498560202647
Measurement_interval(ms):,1000,679,1481,2700,0,0,1,498561202845
Measurement_interval(ms):,1000,678,1481,2700,0,0,1,498562202441
Measurement_interval(ms):,1000,679,1481,2700,0,0,1,498563202427
Measurement_interval(ms):,1000,679,1481,2700,0,0,1,498564202429
Measurement_interval(ms):,1000,679,1481,2700,0,0,1,498565202467
Measurement_interval(ms):,1000,679,1481,2700,0,0,1,498566202596
Measurement_interval(ms):,1000,678,1481,2700,0,0,1,498567202463
Measurement_interval(ms):,1000,679,1481,2700,0,0,1,498568202489
Measurement_interval(ms):,1000,679,1481,2700,0,0,1,498569202808
